bud_id,year,shoot_id,length_cm,cat,nodes,rank,fate,clusters,nuts,new_length_cm,new_cat,new_nodes,simulation_nb
2256,2021,222,0.1,Sh,1,1,S,0.0,0.0,,,,830
2257,2021,223,1.73,Sh,3,1,M,,,,,,830
2258,2021,223,1.73,Sh,3,2,V,,,1.93,Sh,3.0,830
2259,2021,223,1.73,Sh,3,3,M,1.0,2.0,3.43,Sh,3.0,830
2260,2021,224,5.35,Me,3,1,S,0.0,0.0,,,,830
2261,2021,224,5.35,Me,3,2,M,0.0,0.0,7.0,Me,6.0,830
2262,2021,224,5.35,Me,3,3,B,,,,,,830
2263,2021,225,0.95,Sh,2,1,B,,,,,,830
2264,2021,225,0.95,Sh,2,2,M,0.0,0.0,1.61,Sh,3.0,830
2265,2021,225,0.95,Sh,2,2,M,0.0,0.0,1.9,Sh,2.0,830
2266,2021,226,0.41,Sh,1,1,B,,,,,,830
2267,2021,228,1.76,Sh,2,1,V,,,2.68,Sh,5.0,830
2268,2021,228,1.76,Sh,2,2,B,,,,,,830
2269,2021,229,5.09,Me,3,1,V,,,,,,830
2270,2021,229,5.09,Me,3,1,V,,,,,,830
2271,2021,229,5.09,Me,3,1,V,,,,,,830
2272,2021,229,5.09,Me,3,1,V,,,0.42,Sh,5.0,830
2273,2021,229,5.09,Me,3,2,M,,,,,,830
2274,2021,229,5.09,Me,3,3,S,0.0,0.0,,,,830
2275,2021,230,3.39,Sh,3,1,B,,,,,,830
2276,2021,230,3.39,Sh,3,2,S,0.0,0.0,,,,830
2277,2021,230,3.39,Sh,3,3,B,,,,,,830
2278,2021,231,4.82,Sh,2,1,B,,,,,,830
2279,2021,231,4.82,Sh,2,2,S,0.0,0.0,,,,830
2280,2021,232,2.42,Sh,4,1,V,,,2.13,Sh,1.0,830
2281,2021,232,2.42,Sh,4,2,V,,,2.03,Sh,3.0,830
2282,2021,232,2.42,Sh,4,3,B,,,,,,830
2283,2021,232,2.42,Sh,4,4,S,0.0,0.0,,,,830
2284,2021,233,0.45,Sh,3,1,B,,,,,,830
2285,2021,233,0.45,Sh,3,2,M,,,,,,830
2286,2021,233,0.45,Sh,3,3,M,0.0,0.0,8.12,Me,8.0,830
2287,2021,236,2.67,Sh,2,1,B,,,,,,830
2288,2021,236,2.67,Sh,2,2,V,,,0.81,Sh,3.0,830
2289,2021,236,2.67,Sh,2,2,M,0.0,0.0,6.03,Me,6.0,830
2290,2021,236,2.67,Sh,2,2,M,0.0,0.0,1.71,Sh,4.0,830
2291,2021,236,2.67,Sh,2,2,V,,,1.57,Sh,2.0,830
2292,2021,238,0.99,Sh,1,1,S,0.0,0.0,,,,830
2293,2021,239,0.95,Sh,1,1,S,0.0,0.0,,,,830
2294,2021,239,3.29,Sh,7,1,B,,,,,,830
2295,2021,239,3.29,Sh,7,2,V,,,0.01,Sh,2.0,830
2296,2021,239,3.29,Sh,7,3,B,,,,,,830
2297,2021,239,3.29,Sh,7,4,S,0.0,0.0,,,,830
2298,2021,239,3.29,Sh,7,5,V,,,3.93,Sh,5.0,830
2299,2021,239,3.29,Sh,7,6,B,,,,,,830
2300,2021,239,3.29,Sh,7,7,M,0.0,0.0,2.99,Sh,5.0,830
2301,2021,241,2.79,Sh,5,1,B,,,,,,830
2302,2021,241,2.79,Sh,5,2,S,0.0,0.0,,,,830
2303,2021,241,2.79,Sh,5,3,B,,,,,,830
2304,2021,241,2.79,Sh,5,4,V,,,7.19,Me,5.0,830
2305,2021,241,2.79,Sh,5,4,M,1.0,6.0,1.42,Sh,2.0,830
2306,2021,241,2.79,Sh,5,5,M,0.0,0.0,2.47,Sh,4.0,830
2307,2021,241,2.79,Sh,5,5,M,0.0,0.0,4.26,Sh,7.0,830
2308,2021,242,2.57,Sh,3,1,B,,,,,,830
2309,2021,242,2.57,Sh,3,2,S,0.0,0.0,,,,830
2310,2021,242,2.57,Sh,3,3,V,,,4.04,Sh,2.0,830
2311,2021,243,6.43,Me,7,1,B,,,,,,830
2312,2021,243,6.43,Me,7,2,S,0.0,0.0,,,,830
2313,2021,243,6.43,Me,7,3,V,,,4.7,Sh,4.0,830
2314,2021,243,6.43,Me,7,4,S,0.0,0.0,,,,830
2315,2021,243,6.43,Me,7,5,S,0.0,0.0,,,,830
2316,2021,243,6.43,Me,7,6,M,1.0,3.0,3.06,Sh,5.0,830
2317,2021,243,6.43,Me,7,6,M,0.0,0.0,4.21,Sh,2.0,830
2318,2021,243,6.43,Me,7,6,M,0.0,0.0,2.22,Sh,4.0,830
2319,2021,243,6.43,Me,7,7,M,0.0,0.0,4.7,Sh,3.0,830
2320,2021,244,11.15,Me,9,1,V,,,1.64,Sh,1.0,830
2321,2021,244,11.15,Me,9,2,B,,,,,,830
2322,2021,244,11.15,Me,9,3,S,0.0,0.0,,,,830
2323,2021,244,11.15,Me,9,4,V,,,0.19,Sh,2.0,830
2324,2021,244,11.15,Me,9,4,V,,,4.89,Sh,4.0,830
2325,2021,244,11.15,Me,9,4,V,,,,,,830
2326,2021,244,11.15,Me,9,5,S,0.0,0.0,,,,830
2327,2021,244,11.15,Me,9,6,S,0.0,0.0,,,,830
2328,2021,244,11.15,Me,9,7,M,1.0,3.0,0.25,Sh,3.0,830
2329,2021,244,11.15,Me,9,8,M,1.0,4.0,6.64,Me,4.0,830
2330,2021,244,11.15,Me,9,8,M,0.0,0.0,0.39,Sh,2.0,830
2331,2021,244,11.15,Me,9,9,M,0.0,0.0,6.63,Me,5.0,830
2332,2021,246,2.18,Sh,2,1,M,1.0,5.0,1.78,Sh,4.0,830
2333,2021,246,2.18,Sh,2,2,M,0.0,0.0,3.4,Sh,6.0,830
2334,2021,246,2.18,Sh,2,2,M,0.0,0.0,0.91,Sh,2.0,830
2335,2021,246,2.18,Sh,2,2,V,,,2.6,Sh,2.0,830
2336,2021,247,1.04,Sh,3,1,V,,,,,,830
2337,2021,247,1.04,Sh,3,2,V,,,2.93,Sh,4.0,830
2338,2021,247,1.04,Sh,3,2,V,,,6.21,Me,6.0,830
2339,2021,247,1.04,Sh,3,3,V,,,8.52,Me,6.0,830
2340,2021,248,0.84,Sh,2,1,B,,,,,,830
2341,2021,248,0.84,Sh,2,2,B,,,,,,830
2342,2021,249,2.06,Sh,2,1,M,,,,,,830
2343,2021,249,2.06,Sh,2,2,V,,,6.24,Me,9.0,830
2344,2021,250,8.4,Me,5,1,B,,,,,,830
2345,2021,250,8.4,Me,5,2,S,0.0,0.0,,,,830
2346,2021,250,8.4,Me,5,3,V,,,7.38,Me,4.0,830
2347,2021,250,8.4,Me,5,4,V,,,3.28,Sh,2.0,830
2348,2021,250,8.4,Me,5,5,V,,,8.24,Me,4.0,830
2349,2021,252,1.55,Sh,1,1,V,,,3.14,Sh,4.0,830
2350,2021,255,0.09,Sh,2,1,V,,,4.35,Sh,8.0,830
2351,2021,255,0.09,Sh,2,1,V,,,1.53,Sh,3.0,830
2352,2021,255,0.09,Sh,2,2,B,,,,,,830
2353,2021,256,4.94,Sh,3,1,V,,,1.82,Sh,5.0,830
2354,2021,256,4.94,Sh,3,1,V,,,,,,830
2355,2021,256,4.94,Sh,3,1,V,,,5.33,Me,4.0,830
2356,2021,256,4.94,Sh,3,2,M,0.0,0.0,2.03,Sh,2.0,830
2357,2021,256,4.94,Sh,3,3,V,,,4.79,Sh,6.0,830
2358,2021,257,5.27,Me,6,1,M,,,,,,830
2359,2021,257,5.27,Me,6,1,V,,,,,,830
2360,2021,257,5.27,Me,6,2,V,,,1.44,Sh,4.0,830
2361,2021,257,5.27,Me,6,2,V,,,2.1,Sh,3.0,830
2362,2021,257,5.27,Me,6,3,V,,,5.65,Me,3.0,830
2363,2021,257,5.27,Me,6,4,S,0.0,0.0,,,,830
2364,2021,257,5.27,Me,6,5,M,0.0,0.0,4.9,Sh,6.0,830
2365,2021,257,5.27,Me,6,6,M,0.0,0.0,7.28,Me,3.0,830
2366,2021,257,5.27,Me,6,6,V,,,2.2,Sh,3.0,830
2367,2021,262,0.7,Sh,2,1,S,0.0,0.0,,,,830
2368,2021,262,0.7,Sh,2,2,V,,,3.54,Sh,4.0,830
2369,2021,262,1.56,Sh,3,1,V,,,1.37,Sh,4.0,830
2370,2021,262,1.56,Sh,3,2,M,1.0,2.0,0.95,Sh,4.0,830
2371,2021,262,1.56,Sh,3,2,M,0.0,0.0,1.64,Sh,5.0,830
2372,2021,262,1.56,Sh,3,3,M,0.0,0.0,1.79,Sh,1.0,830
2373,2021,263,5.59,Me,5,1,V,,,,,,830
2374,2021,263,5.59,Me,5,2,V,,,,,,830
2375,2021,263,5.59,Me,5,3,S,0.0,0.0,,,,830
2376,2021,263,5.59,Me,5,4,S,0.0,0.0,,,,830
2377,2021,263,5.59,Me,5,5,V,,,7.18,Me,6.0,830
2378,2021,264,2.95,Sh,3,1,V,,,1.01,Sh,1.0,830
2379,2021,264,2.95,Sh,3,2,S,0.0,0.0,,,,830
2380,2021,264,2.95,Sh,3,3,M,0.0,0.0,7.44,Me,7.0,830
2381,2021,265,3.66,Sh,2,1,V,,,1.92,Sh,7.0,830
2382,2021,265,3.66,Sh,2,2,V,,,5.03,Me,4.0,830
2383,2021,265,3.66,Sh,2,2,V,,,,,,830
2384,2021,267,0.58,Sh,4,1,B,,,,,,830
2385,2021,267,0.58,Sh,4,2,M,0.0,0.0,1.64,Sh,2.0,830
2386,2021,267,0.58,Sh,4,3,M,1.0,2.0,3.94,Sh,2.0,830
2387,2021,267,0.58,Sh,4,4,V,,,4.07,Sh,3.0,830
2388,2021,267,2.33,Sh,4,1,V,,,2.41,Sh,5.0,830
2389,2021,267,2.33,Sh,4,1,V,,,0.84,Sh,3.0,830
2390,2021,267,2.33,Sh,4,1,V,,,0.65,Sh,1.0,830
2391,2021,267,2.33,Sh,4,2,V,,,2.18,Sh,5.0,830
2392,2021,267,2.33,Sh,4,3,S,0.0,0.0,,,,830
2393,2021,267,2.33,Sh,4,4,V,,,4.8,Sh,6.0,830
2394,2021,268,4.71,Sh,5,1,B,,,,,,830
2395,2021,268,4.71,Sh,5,2,S,0.0,0.0,,,,830
2396,2021,268,4.71,Sh,5,3,S,0.0,0.0,,,,830
2397,2021,268,4.71,Sh,5,4,M,1.0,3.0,4.59,Sh,3.0,830
2398,2021,268,4.71,Sh,5,5,S,0.0,0.0,,,,830
2399,2021,269,1.91,Sh,5,1,B,,,,,,830
2400,2021,269,1.91,Sh,5,2,V,,,1.79,Sh,5.0,830
2401,2021,269,1.91,Sh,5,3,V,,,,,,830
2402,2021,269,1.91,Sh,5,4,M,0.0,0.0,0.97,Sh,1.0,830
2403,2021,269,1.91,Sh,5,5,S,0.0,0.0,,,,830
2404,2021,270,5.54,Me,3,1,S,0.0,0.0,,,,830
2405,2021,270,5.54,Me,3,2,S,0.0,0.0,,,,830
2406,2021,270,5.54,Me,3,3,V,,,1.77,Sh,1.0,830
2407,2021,270,5.54,Me,3,3,V,,,3.4,Sh,6.0,830
2408,2021,271,2.66,Sh,4,1,B,,,,,,830
2409,2021,271,2.66,Sh,4,2,V,,,1.0,Sh,3.0,830
2410,2021,271,2.66,Sh,4,3,S,0.0,0.0,,,,830
2411,2021,271,2.66,Sh,4,4,M,0.0,0.0,3.42,Sh,5.0,830
2412,2021,271,2.66,Sh,4,4,M,1.0,1.0,7.18,Me,7.0,830
2413,2021,272,2.67,Sh,5,1,V,,,0.65,Sh,1.0,830
2414,2021,272,2.67,Sh,5,1,V,,,2.25,Sh,2.0,830
2415,2021,272,2.67,Sh,5,2,B,,,,,,830
2416,2021,272,2.67,Sh,5,3,B,,,,,,830
2417,2021,272,2.67,Sh,5,4,M,0.0,0.0,6.39,Me,7.0,830
2418,2021,272,2.67,Sh,5,5,S,0.0,0.0,,,,830
2419,2021,273,6.11,Me,4,1,M,0.0,0.0,0.49,Sh,3.0,830
2420,2021,273,6.11,Me,4,2,V,,,1.28,Sh,3.0,830
2421,2021,273,6.11,Me,4,3,S,0.0,0.0,,,,830
2422,2021,273,6.11,Me,4,4,M,0.0,0.0,7.45,Me,5.0,830
2423,2021,273,6.11,Me,4,4,M,1.0,1.0,5.91,Me,6.0,830
2424,2021,275,1.03,Sh,6,1,V,,,3.11,Sh,3.0,830
2425,2021,275,1.03,Sh,6,1,V,,,,,,830
2426,2021,275,1.03,Sh,6,2,M,0.0,0.0,0.67,Sh,4.0,830
2427,2021,275,1.03,Sh,6,3,V,,,0.87,Sh,3.0,830
2428,2021,275,1.03,Sh,6,4,M,1.0,4.0,6.25,Me,5.0,830
2429,2021,275,1.03,Sh,6,5,S,0.0,0.0,,,,830
2430,2021,275,1.03,Sh,6,6,M,1.0,6.0,8.5,Me,5.0,830
2431,2021,275,1.03,Sh,6,6,M,0.0,0.0,9.9,Me,4.0,830
2432,2021,275,1.03,Sh,6,6,M,0.0,0.0,7.83,Me,5.0,830
2433,2021,275,1.03,Sh,6,6,M,0.0,0.0,2.61,Sh,4.0,830
2434,2021,280,2.39,Sh,1,1,B,,,,,,830
2435,2021,282,1.12,Sh,4,1,V,,,3.58,Sh,1.0,830
2436,2021,282,1.12,Sh,4,2,M,1.0,4.0,4.14,Sh,5.0,830
2437,2021,282,1.12,Sh,4,3,S,0.0,0.0,,,,830
2438,2021,282,1.12,Sh,4,4,M,0.0,0.0,5.29,Me,11.0,830
2439,2021,282,1.12,Sh,4,4,V,,,1.42,Sh,6.0,830
2440,2021,282,1.59,Sh,5,1,V,,,2.78,Sh,4.0,830
2441,2021,282,1.59,Sh,5,2,S,0.0,0.0,,,,830
2442,2021,282,1.59,Sh,5,3,M,0.0,0.0,0.65,Sh,2.0,830
2443,2021,282,1.59,Sh,5,4,M,1.0,4.0,3.27,Sh,5.0,830
2444,2021,282,1.59,Sh,5,5,V,,,3.53,Sh,5.0,830
2445,2021,282,1.59,Sh,5,5,M,1.0,2.0,1.39,Sh,2.0,830
2446,2021,282,1.59,Sh,5,5,M,0.0,0.0,3.65,Sh,3.0,830
2447,2021,283,2.1,Sh,4,1,B,,,,,,830
2448,2021,283,2.1,Sh,4,2,B,,,,,,830
2449,2021,283,2.1,Sh,4,3,M,1.0,4.0,1.13,Sh,1.0,830
2450,2021,283,2.1,Sh,4,4,B,,,,,,830
2451,2021,284,2.93,Sh,3,1,V,,,1.39,Sh,2.0,830
2452,2021,284,2.93,Sh,3,2,V,,,0.17,Sh,2.0,830
2453,2021,284,2.93,Sh,3,3,B,,,,,,830
2454,2021,286,1.78,Sh,2,1,V,,,,,,830
2455,2021,286,1.78,Sh,2,1,M,,,,,,830
2456,2021,286,1.78,Sh,2,1,V,,,0.85,Sh,1.0,830
2457,2021,286,1.78,Sh,2,1,V,,,3.09,Sh,3.0,830
2458,2021,286,1.78,Sh,2,1,V,,,6.4,Me,5.0,830
2459,2021,286,1.78,Sh,2,2,V,,,1.96,Sh,2.0,830
2460,2021,286,1.78,Sh,2,2,V,,,1.85,Sh,3.0,830
2461,2021,286,1.78,Sh,2,2,M,0.0,0.0,0.35,Sh,1.0,830
2462,2021,287,7.14,Me,7,1,M,1.0,6.0,1.59,Sh,1.0,830
2463,2021,287,7.14,Me,7,2,V,,,0.27,Sh,1.0,830
2464,2021,287,7.14,Me,7,3,B,,,,,,830
2465,2021,287,7.14,Me,7,4,S,0.0,0.0,,,,830
2466,2021,287,7.14,Me,7,5,V,,,2.29,Sh,5.0,830
2467,2021,287,7.14,Me,7,6,M,0.0,0.0,5.8,Me,5.0,830
2468,2021,287,7.14,Me,7,7,S,0.0,0.0,,,,830
2469,2021,288,5.0,Sh,9,1,B,,,,,,830
2470,2021,288,5.0,Sh,9,2,B,,,,,,830
2471,2021,288,5.0,Sh,9,3,V,,,2.04,Sh,1.0,830
2472,2021,288,5.0,Sh,9,4,M,1.0,1.0,0.48,Sh,1.0,830
2473,2021,288,5.0,Sh,9,4,M,0.0,0.0,0.2,Sh,1.0,830
2474,2021,288,5.0,Sh,9,4,M,0.0,0.0,3.5,Sh,2.0,830
2475,2021,288,5.0,Sh,9,5,S,0.0,0.0,,,,830
2476,2021,288,5.0,Sh,9,6,M,0.0,0.0,4.17,Sh,6.0,830
2477,2021,288,5.0,Sh,9,6,M,0.0,0.0,2.76,Sh,5.0,830
2478,2021,288,5.0,Sh,9,6,M,0.0,0.0,5.47,Me,3.0,830
2479,2021,288,5.0,Sh,9,7,M,1.0,4.0,1.57,Sh,2.0,830
2480,2021,288,5.0,Sh,9,8,V,,,10.41,Me,6.0,830
2481,2021,288,5.0,Sh,9,9,M,0.0,0.0,4.1,Sh,2.0,830
2482,2021,289,7.36,Me,4,1,V,,,,,,830
2483,2021,289,7.36,Me,4,2,S,0.0,0.0,,,,830
2484,2021,289,7.36,Me,4,3,M,0.0,0.0,1.02,Sh,2.0,830
2485,2021,289,7.36,Me,4,3,V,,,1.51,Sh,2.0,830
2486,2021,289,7.36,Me,4,3,M,0.0,0.0,4.13,Sh,6.0,830
2487,2021,289,7.36,Me,4,3,M,1.0,2.0,5.17,Me,5.0,830
2488,2021,289,7.36,Me,4,4,B,,,,,,830
2489,2021,290,5.37,Me,1,1,S,0.0,0.0,,,,830
2490,2021,291,4.7,Sh,3,1,V,,,,,,830
2491,2021,291,4.7,Sh,3,2,B,,,,,,830
2492,2021,291,4.7,Sh,3,3,B,,,,,,830
2493,2021,292,8.2,Me,6,1,B,,,,,,830
2494,2021,292,8.2,Me,6,2,V,,,4.07,Sh,4.0,830
2495,2021,292,8.2,Me,6,3,S,0.0,0.0,,,,830
2496,2021,292,8.2,Me,6,4,B,,,,,,830
2497,2021,292,8.2,Me,6,5,M,0.0,0.0,4.73,Sh,3.0,830
2498,2021,292,8.2,Me,6,5,M,0.0,0.0,1.07,Sh,2.0,830
2499,2021,292,8.2,Me,6,6,M,0.0,0.0,6.9,Me,6.0,830
2500,2021,293,4.65,Sh,4,1,B,,,,,,830
2501,2021,293,4.65,Sh,4,2,V,,,,,,830
2502,2021,293,4.65,Sh,4,2,V,,,1.95,Sh,4.0,830
2503,2021,293,4.65,Sh,4,2,M,0.0,0.0,4.08,Sh,4.0,830
2504,2021,293,4.65,Sh,4,3,V,,,7.76,Me,7.0,830
2505,2021,293,4.65,Sh,4,4,B,,,,,,830
2506,2021,294,0.61,Sh,2,1,V,,,1.63,Sh,1.0,830
2507,2021,294,0.61,Sh,2,2,B,,,,,,830
2508,2021,296,1.92,Sh,2,1,B,,,,,,830
2509,2021,296,1.92,Sh,2,2,M,1.0,5.0,8.06,Me,6.0,830
2510,2021,300,0.87,Sh,2,1,S,0.0,0.0,,,,830
2511,2021,300,0.87,Sh,2,2,M,0.0,0.0,0.7,Sh,2.0,830
2512,2021,300,0.87,Sh,2,2,V,,,4.48,Sh,6.0,830
2513,2021,300,0.95,Sh,3,1,V,,,0.43,Sh,2.0,830
2514,2021,300,0.95,Sh,3,1,V,,,2.12,Sh,3.0,830
2515,2021,300,0.95,Sh,3,1,V,,,2.57,Sh,1.0,830
2516,2021,300,0.95,Sh,3,2,B,,,,,,830
2517,2021,300,0.95,Sh,3,3,S,0.0,0.0,,,,830
2518,2021,301,1.71,Sh,4,1,V,,,,,,830
2519,2021,301,1.71,Sh,4,1,M,1.0,3.0,1.09,Sh,1.0,830
2520,2021,301,1.71,Sh,4,1,V,,,1.33,Sh,3.0,830
2521,2021,301,1.71,Sh,4,1,V,,,1.87,Sh,5.0,830
2522,2021,301,1.71,Sh,4,2,M,0.0,0.0,1.23,Sh,3.0,830
2523,2021,301,1.71,Sh,4,2,V,,,0.55,Sh,2.0,830
2524,2021,301,1.71,Sh,4,3,S,0.0,0.0,,,,830
2525,2021,301,1.71,Sh,4,4,V,,,0.27,Sh,2.0,830
2526,2021,302,0.77,Sh,2,1,V,,,0.02,Sh,2.0,830
2527,2021,302,0.77,Sh,2,1,V,,,4.44,Sh,5.0,830
2528,2021,302,0.77,Sh,2,1,V,,,1.03,Sh,4.0,830
2529,2021,302,0.77,Sh,2,2,V,,,7.75,Me,4.0,830
2530,2021,302,0.77,Sh,2,2,V,,,0.71,Sh,4.0,830
2531,2021,302,0.77,Sh,2,2,M,0.0,0.0,4.35,Sh,4.0,830
2532,2021,303,4.64,Sh,6,1,B,,,,,,830
2533,2021,303,4.64,Sh,6,2,V,,,1.5,Sh,2.0,830
2534,2021,303,4.64,Sh,6,3,M,0.0,0.0,5.21,Me,5.0,830
2535,2021,303,4.64,Sh,6,4,V,,,1.33,Sh,1.0,830
2536,2021,303,4.64,Sh,6,5,S,0.0,0.0,,,,830
2537,2021,303,4.64,Sh,6,6,M,0.0,0.0,4.87,Sh,6.0,830
2538,2021,303,4.64,Sh,6,6,M,0.0,0.0,3.13,Sh,2.0,830
2539,2021,304,4.26,Sh,4,1,V,,,0.06,Sh,1.0,830
2540,2021,304,4.26,Sh,4,2,M,1.0,3.0,2.05,Sh,2.0,830
2541,2021,304,4.26,Sh,4,2,V,,,2.35,Sh,4.0,830
2542,2021,304,4.26,Sh,4,3,V,,,0.38,Sh,2.0,830
2543,2021,304,4.26,Sh,4,4,M,0.0,0.0,2.3,Sh,3.0,830
2544,2021,305,3.53,Sh,3,1,M,,,,,,830
2545,2021,305,3.53,Sh,3,2,V,,,6.96,Me,1.0,830
2546,2021,305,3.53,Sh,3,3,V,,,3.8,Sh,3.0,830
2547,2021,306,4.12,Sh,5,1,B,,,,,,830
2548,2021,306,4.12,Sh,5,2,M,0.0,0.0,5.12,Me,5.0,830
2549,2021,306,4.12,Sh,5,3,V,,,4.28,Sh,2.0,830
2550,2021,306,4.12,Sh,5,3,M,1.0,1.0,4.06,Sh,4.0,830
2551,2021,306,4.12,Sh,5,4,M,0.0,0.0,8.53,Me,5.0,830
2552,2021,306,4.12,Sh,5,5,V,,,5.24,Me,6.0,830
2553,2021,307,5.27,Me,3,1,V,,,0.9,Sh,1.0,830
2554,2021,307,5.27,Me,3,2,S,0.0,0.0,,,,830
2555,2021,307,5.27,Me,3,3,M,1.0,3.0,1.69,Sh,5.0,830
2556,2021,309,3.15,Sh,3,1,V,,,5.01,Me,5.0,830
2557,2021,309,3.15,Sh,3,2,B,,,,,,830
2558,2021,309,3.15,Sh,3,3,B,,,,,,830
2559,2021,310,1.41,Sh,5,1,M,0.0,0.0,1.66,Sh,1.0,830
2560,2021,310,1.41,Sh,5,2,V,,,1.56,Sh,2.0,830
2561,2021,310,1.41,Sh,5,2,V,,,0.41,Sh,2.0,830
2562,2021,310,1.41,Sh,5,3,V,,,5.16,Me,3.0,830
2563,2021,310,1.41,Sh,5,4,S,0.0,0.0,,,,830
2564,2021,310,1.41,Sh,5,5,V,,,1.92,Sh,2.0,830
2565,2021,310,1.53,Sh,3,1,M,0.0,0.0,0.36,Sh,1.0,830
2566,2021,310,1.53,Sh,3,2,S,0.0,0.0,,,,830
2567,2021,310,1.53,Sh,3,3,M,0.0,0.0,7.0,Me,10.0,830
2568,2021,310,1.53,Sh,3,3,M,0.0,0.0,3.54,Sh,3.0,830
2569,2021,310,1.53,Sh,3,3,V,,,1.49,Sh,1.0,830
2570,2021,311,2.18,Sh,1,1,B,,,,,,830
2571,2021,315,1.65,Sh,1,1,M,1.0,3.0,6.69,Me,4.0,830
2572,2021,316,0.99,Sh,1,1,S,0.0,0.0,,,,830
2573,2021,316,2.2,Sh,1,1,V,,,1.72,Sh,5.0,830
2574,2021,316,1.52,Sh,4,1,B,,,,,,830
2575,2021,316,1.52,Sh,4,2,B,,,,,,830
2576,2021,316,1.52,Sh,4,3,M,1.0,4.0,3.36,Sh,5.0,830
2577,2021,316,1.52,Sh,4,4,M,0.0,0.0,6.57,Me,9.0,830
2578,2021,317,10.43,Me,4,1,B,,,,,,830
2579,2021,317,10.43,Me,4,2,S,0.0,0.0,,,,830
2580,2021,317,10.43,Me,4,3,S,0.0,0.0,,,,830
2581,2021,317,10.43,Me,4,4,S,0.0,0.0,,,,830
2582,2021,318,2.76,Sh,1,1,S,0.0,0.0,,,,830
2583,2021,319,6.83,Me,3,1,V,,,1.03,Sh,2.0,830
2584,2021,319,6.83,Me,3,2,S,0.0,0.0,,,,830
2585,2021,319,6.83,Me,3,3,B,,,,,,830
2586,2021,320,3.39,Sh,2,1,S,0.0,0.0,,,,830
2587,2021,320,3.39,Sh,2,2,S,0.0,0.0,,,,830
2588,2021,321,4.2,Sh,5,1,B,,,,,,830
2589,2021,321,4.2,Sh,5,2,S,0.0,0.0,,,,830
2590,2021,321,4.2,Sh,5,3,S,0.0,0.0,,,,830
2591,2021,321,4.2,Sh,5,4,V,,,3.81,Sh,7.0,830
2592,2021,321,4.2,Sh,5,4,V,,,2.77,Sh,6.0,830
2593,2021,321,4.2,Sh,5,5,M,1.0,6.0,5.28,Me,3.0,830
2594,2021,321,4.2,Sh,5,5,M,0.0,0.0,10.8,Me,3.0,830
2595,2021,323,2.13,Sh,4,1,V,,,6.08,Me,4.0,830
2596,2021,323,2.13,Sh,4,1,V,,,,,,830
2597,2021,323,2.13,Sh,4,2,B,,,,,,830
2598,2021,323,2.13,Sh,4,3,S,0.0,0.0,,,,830
2599,2021,323,2.13,Sh,4,4,V,,,,,,830
2600,2021,324,0.52,Sh,4,1,B,,,,,,830
2601,2021,324,0.52,Sh,4,2,B,,,,,,830
2602,2021,324,0.52,Sh,4,3,B,,,,,,830
2603,2021,324,0.52,Sh,4,4,V,,,2.96,Sh,8.0,830
2604,2021,324,0.52,Sh,4,4,M,0.0,0.0,3.18,Sh,5.0,830
2605,2021,326,2.04,Sh,3,1,M,0.0,0.0,1.07,Sh,3.0,830
2606,2021,326,2.04,Sh,3,2,M,1.0,2.0,1.59,Sh,5.0,830
2607,2021,326,2.04,Sh,3,2,M,1.0,3.0,1.09,Sh,3.0,830
2608,2021,326,2.04,Sh,3,3,M,0.0,0.0,4.78,Sh,1.0,830
2609,2021,326,2.04,Sh,3,3,M,0.0,0.0,2.55,Sh,7.0,830
2610,2021,327,1.74,Sh,3,1,S,0.0,0.0,,,,830
2611,2021,327,1.74,Sh,3,2,V,,,0.42,Sh,4.0,830
2612,2021,327,1.74,Sh,3,3,B,,,,,,830
2613,2021,328,2.14,Sh,2,1,S,0.0,0.0,,,,830
2614,2021,328,2.14,Sh,2,2,M,0.0,0.0,3.93,Sh,6.0,830
2615,2021,329,4.59,Sh,6,1,V,,,,,,830
2616,2021,329,4.59,Sh,6,2,V,,,,,,830
2617,2021,329,4.59,Sh,6,3,M,0.0,0.0,2.86,Sh,3.0,830
2618,2021,329,4.59,Sh,6,3,V,,,6.96,Me,6.0,830
2619,2021,329,4.59,Sh,6,4,S,0.0,0.0,,,,830
2620,2021,329,4.59,Sh,6,5,M,0.0,0.0,4.49,Sh,5.0,830
2621,2021,329,4.59,Sh,6,6,M,0.0,0.0,4.38,Sh,2.0,830
2622,2021,329,4.59,Sh,6,6,M,0.0,0.0,2.34,Sh,6.0,830
2623,2021,329,4.59,Sh,6,6,M,0.0,0.0,7.44,Me,7.0,830
2624,2021,329,4.59,Sh,6,6,M,0.0,0.0,5.57,Me,5.0,830
2625,2021,330,1.52,Sh,3,1,B,,,,,,830
2626,2021,330,1.52,Sh,3,2,S,0.0,0.0,,,,830
2627,2021,330,1.52,Sh,3,3,V,,,5.15,Me,6.0,830
2628,2021,330,1.52,Sh,3,3,M,1.0,5.0,4.21,Sh,2.0,830
2629,2021,330,1.59,Sh,6,1,M,,,,,,830
2630,2021,330,1.59,Sh,6,2,B,,,,,,830
2631,2021,330,1.59,Sh,6,3,V,,,1.44,Sh,1.0,830
2632,2021,330,1.59,Sh,6,3,V,,,9.94,Me,10.0,830
2633,2021,330,1.59,Sh,6,4,B,,,,,,830
2634,2021,330,1.59,Sh,6,5,M,0.0,0.0,3.23,Sh,6.0,830
2635,2021,330,1.59,Sh,6,6,B,,,,,,830
2636,2021,330,4.11,Sh,4,1,V,,,0.13,Sh,1.0,830
2637,2021,330,4.11,Sh,4,2,V,,,2.44,Sh,3.0,830
2638,2021,330,4.11,Sh,4,3,B,,,,,,830
2639,2021,330,4.11,Sh,4,4,B,,,,,,830
2640,2021,331,1.03,Sh,2,1,M,0.0,0.0,9.1,Me,4.0,830
2641,2021,331,1.03,Sh,2,1,M,0.0,0.0,1.68,Sh,3.0,830
2642,2021,331,1.03,Sh,2,1,V,,,0.73,Sh,1.0,830
2643,2021,331,1.03,Sh,2,2,V,,,4.77,Sh,5.0,830
2644,2021,332,1.64,Sh,2,1,B,,,,,,830
2645,2021,332,1.64,Sh,2,2,V,,,2.81,Sh,3.0,830
2646,2021,334,10.12,Me,5,1,M,1.0,1.0,0.8,Sh,3.0,830
2647,2021,334,10.12,Me,5,2,B,,,,,,830
2648,2021,334,10.12,Me,5,3,S,0.0,0.0,,,,830
2649,2021,334,10.12,Me,5,4,B,,,,,,830
2650,2021,334,10.12,Me,5,5,V,,,6.86,Me,1.0,830
2651,2021,334,10.12,Me,5,5,M,1.0,3.0,7.15,Me,3.0,830
2652,2021,335,3.98,Sh,4,1,V,,,,,,830
2653,2021,335,3.98,Sh,4,2,M,1.0,5.0,1.36,Sh,5.0,830
2654,2021,335,3.98,Sh,4,3,B,,,,,,830
2655,2021,335,3.98,Sh,4,4,V,,,9.08,Me,6.0,830
2656,2021,337,7.1,Me,5,1,B,,,,,,830
2657,2021,337,7.1,Me,5,2,V,,,1.48,Sh,3.0,830
2658,2021,337,7.1,Me,5,3,S,0.0,0.0,,,,830
2659,2021,337,7.1,Me,5,4,V,,,3.64,Sh,4.0,830
2660,2021,337,7.1,Me,5,5,M,0.0,0.0,6.07,Me,8.0,830
2661,2021,338,5.26,Me,3,1,V,,,0.66,Sh,2.0,830
2662,2021,338,5.26,Me,3,2,V,,,1.31,Sh,1.0,830
2663,2021,338,5.26,Me,3,3,B,,,,,,830
2664,2021,339,3.52,Sh,1,1,B,,,,,,830
2665,2021,340,3.57,Sh,4,1,S,0.0,0.0,,,,830
2666,2021,340,3.57,Sh,4,2,S,0.0,0.0,,,,830
2667,2021,340,3.57,Sh,4,3,M,0.0,0.0,2.41,Sh,3.0,830
2668,2021,340,3.57,Sh,4,4,B,,,,,,830
2669,2021,341,0.28,Sh,2,1,V,,,,,,830
2670,2021,341,0.28,Sh,2,2,V,,,,,,830
2671,2021,344,0.87,Sh,3,1,M,,,,,,830
2672,2021,344,0.87,Sh,3,1,M,0.0,0.0,0.52,Sh,1.0,830
2673,2021,344,0.87,Sh,3,2,V,,,2.82,Sh,3.0,830
2674,2021,344,0.87,Sh,3,3,B,,,,,,830
2675,2021,345,7.69,Me,6,1,V,,,,,,830
2676,2021,345,7.69,Me,6,2,V,,,1.46,Sh,3.0,830
2677,2021,345,7.69,Me,6,3,V,,,4.25,Sh,5.0,830
2678,2021,345,7.69,Me,6,4,M,0.0,0.0,2.5,Sh,2.0,830
2679,2021,345,7.69,Me,6,5,V,,,1.62,Sh,1.0,830
2680,2021,345,7.69,Me,6,6,M,1.0,1.0,3.44,Sh,7.0,830
2681,2021,345,7.69,Me,6,6,V,,,8.25,Me,4.0,830
2682,2021,345,7.69,Me,6,6,M,,,,,,830
2683,2021,346,7.88,Me,4,1,B,,,,,,830
2684,2021,346,7.88,Me,4,2,B,,,,,,830
2685,2021,346,7.88,Me,4,3,B,,,,,,830
2686,2021,346,7.88,Me,4,4,M,0.0,0.0,0.75,Sh,3.0,830
2687,2021,346,7.88,Me,4,4,M,1.0,2.0,3.23,Sh,2.0,830
2688,2021,346,7.88,Me,4,4,M,0.0,0.0,2.79,Sh,1.0,830
2689,2021,348,1.71,Sh,3,1,M,0.0,0.0,1.32,Sh,2.0,830
2690,2021,348,1.71,Sh,3,1,V,,,2.55,Sh,5.0,830
2691,2021,348,1.71,Sh,3,2,S,0.0,0.0,,,,830
2692,2021,348,1.71,Sh,3,3,M,0.0,0.0,3.1,Sh,5.0,830
2693,2021,349,6.01,Me,4,1,V,,,,,,830
2694,2021,349,6.01,Me,4,2,V,,,0.64,Sh,2.0,830
2695,2021,349,6.01,Me,4,3,M,0.0,0.0,0.72,Sh,1.0,830
2696,2021,349,6.01,Me,4,4,V,,,5.47,Me,4.0,830
2697,2021,350,2.02,Sh,3,1,B,,,,,,830
2698,2021,350,2.02,Sh,3,2,S,0.0,0.0,,,,830
2699,2021,350,2.02,Sh,3,3,S,0.0,0.0,,,,830
2700,2021,351,1.52,Sh,4,1,B,,,,,,830
2701,2021,351,1.52,Sh,4,2,B,,,,,,830
2702,2021,351,1.52,Sh,4,3,S,0.0,0.0,,,,830
2703,2021,351,1.52,Sh,4,4,B,,,,,,830
2704,2021,353,4.35,Sh,5,1,B,,,,,,830
2705,2021,353,4.35,Sh,5,2,M,0.0,0.0,4.38,Sh,1.0,830
2706,2021,353,4.35,Sh,5,2,V,,,1.56,Sh,4.0,830
2707,2021,353,4.35,Sh,5,2,M,0.0,0.0,1.15,Sh,3.0,830
2708,2021,353,4.35,Sh,5,3,S,0.0,0.0,,,,830
2709,2021,353,4.35,Sh,5,4,V,,,3.78,Sh,5.0,830
2710,2021,353,4.35,Sh,5,5,M,0.0,0.0,3.22,Sh,3.0,830
2711,2021,353,4.35,Sh,5,5,V,,,1.67,Sh,5.0,830
2712,2021,354,1.39,Sh,3,1,S,0.0,0.0,,,,830
2713,2021,354,1.39,Sh,3,2,V,,,0.85,Sh,1.0,830
2714,2021,354,1.39,Sh,3,3,V,,,1.05,Sh,2.0,830
2715,2021,355,1.53,Sh,4,1,S,0.0,0.0,,,,830
2716,2021,355,1.53,Sh,4,2,B,,,,,,830
2717,2021,355,1.53,Sh,4,3,V,,,1.12,Sh,3.0,830
2718,2021,355,1.53,Sh,4,4,V,,,4.84,Sh,4.0,830
2719,2021,356,2.95,Sh,5,1,V,,,3.27,Sh,3.0,830
2720,2021,356,2.95,Sh,5,1,V,,,0.1,Sh,3.0,830
2721,2021,356,2.95,Sh,5,2,B,,,,,,830
2722,2021,356,2.95,Sh,5,3,S,0.0,0.0,,,,830
2723,2021,356,2.95,Sh,5,4,B,,,,,,830
2724,2021,356,2.95,Sh,5,5,M,0.0,0.0,6.69,Me,4.0,830
2725,2021,357,5.03,Me,6,1,M,1.0,1.0,4.08,Sh,2.0,830
2726,2021,357,5.03,Me,6,2,B,,,,,,830
2727,2021,357,5.03,Me,6,3,S,0.0,0.0,,,,830
2728,2021,357,5.03,Me,6,4,V,,,1.48,Sh,3.0,830
2729,2021,357,5.03,Me,6,5,M,1.0,1.0,2.72,Sh,3.0,830
2730,2021,357,5.03,Me,6,6,M,1.0,3.0,7.32,Me,9.0,830
2731,2021,358,6.0,Me,6,1,B,,,,,,830
2732,2021,358,6.0,Me,6,2,S,0.0,0.0,,,,830
2733,2021,358,6.0,Me,6,3,B,,,,,,830
2734,2021,358,6.0,Me,6,4,B,,,,,,830
2735,2021,358,6.0,Me,6,5,V,,,2.97,Sh,3.0,830
2736,2021,358,6.0,Me,6,5,M,,,,,,830
2737,2021,358,6.0,Me,6,6,M,0.0,0.0,2.02,Sh,2.0,830
2738,2021,359,4.18,Sh,4,1,V,,,3.61,Sh,5.0,830
2739,2021,359,4.18,Sh,4,2,B,,,,,,830
2740,2021,359,4.18,Sh,4,3,S,0.0,0.0,,,,830
2741,2021,359,4.18,Sh,4,4,B,,,,,,830
2742,2021,360,6.08,Me,8,1,B,,,,,,830
2743,2021,360,6.08,Me,8,2,B,,,,,,830
2744,2021,360,6.08,Me,8,3,S,0.0,0.0,,,,830
2745,2021,360,6.08,Me,8,4,M,1.0,4.0,3.0,Sh,7.0,830
2746,2021,360,6.08,Me,8,5,M,0.0,0.0,6.03,Me,7.0,830
2747,2021,360,6.08,Me,8,5,M,0.0,0.0,0.82,Sh,1.0,830
2748,2021,360,6.08,Me,8,6,V,,,2.93,Sh,5.0,830
2749,2021,360,6.08,Me,8,7,V,,,4.24,Sh,3.0,830
2750,2021,360,6.08,Me,8,8,M,0.0,0.0,1.75,Sh,1.0,830
2751,2021,361,2.04,Sh,4,1,B,,,,,,830
2752,2021,361,2.04,Sh,4,2,S,0.0,0.0,,,,830
2753,2021,361,2.04,Sh,4,3,V,,,2.7,Sh,6.0,830
2754,2021,361,2.04,Sh,4,4,V,,,,,,830
2755,2021,362,6.79,Me,9,1,M,1.0,1.0,1.24,Sh,3.0,830
2756,2021,362,6.79,Me,9,1,M,0.0,0.0,2.34,Sh,4.0,830
2757,2021,362,6.79,Me,9,2,B,,,,,,830
2758,2021,362,6.79,Me,9,3,B,,,,,,830
2759,2021,362,6.79,Me,9,4,M,1.0,2.0,3.87,Sh,4.0,830
2760,2021,362,6.79,Me,9,5,V,,,0.75,Sh,3.0,830
2761,2021,362,6.79,Me,9,5,M,0.0,0.0,2.81,Sh,5.0,830
2762,2021,362,6.79,Me,9,6,S,0.0,0.0,,,,830
2763,2021,362,6.79,Me,9,7,M,,,,,,830
2764,2021,362,6.79,Me,9,8,V,,,7.48,Me,4.0,830
2765,2021,362,6.79,Me,9,9,M,0.0,0.0,7.26,Me,2.0,830
2766,2021,363,4.82,Sh,5,1,V,,,,,,830
2767,2021,363,4.82,Sh,5,1,V,,,3.13,Sh,3.0,830
2768,2021,363,4.82,Sh,5,1,M,,,,,,830
2769,2021,363,4.82,Sh,5,1,V,,,,,,830
2770,2021,363,4.82,Sh,5,2,B,,,,,,830
2771,2021,363,4.82,Sh,5,3,S,0.0,0.0,,,,830
2772,2021,363,4.82,Sh,5,4,M,0.0,0.0,5.92,Me,5.0,830
2773,2021,363,4.82,Sh,5,5,S,0.0,0.0,,,,830
2774,2021,365,1.09,Sh,4,1,V,,,,,,830
2775,2021,365,1.09,Sh,4,2,S,0.0,0.0,,,,830
2776,2021,365,1.09,Sh,4,3,B,,,,,,830
2777,2021,365,1.09,Sh,4,4,M,1.0,7.0,3.63,Sh,6.0,830
2778,2021,365,1.76,Sh,2,1,B,,,,,,830
2779,2021,365,1.76,Sh,2,2,B,,,,,,830
2780,2021,366,0.63,Sh,2,1,B,,,,,,830
2781,2021,366,0.63,Sh,2,2,S,0.0,0.0,,,,830
2782,2021,368,9.0,Me,5,1,B,,,,,,830
2783,2021,368,9.0,Me,5,2,V,,,,,,830
2784,2021,368,9.0,Me,5,3,S,0.0,0.0,,,,830
2785,2021,368,9.0,Me,5,4,S,0.0,0.0,,,,830
2786,2021,368,9.0,Me,5,5,V,,,6.3,Me,7.0,830
2787,2021,369,8.6,Me,6,1,B,,,,,,830
2788,2021,369,8.6,Me,6,2,V,,,,,,830
2789,2021,369,8.6,Me,6,3,S,0.0,0.0,,,,830
2790,2021,369,8.6,Me,6,4,M,1.0,6.0,1.92,Sh,6.0,830
2791,2021,369,8.6,Me,6,5,S,0.0,0.0,,,,830
2792,2021,369,8.6,Me,6,6,M,1.0,6.0,2.69,Sh,4.0,830
2793,2021,370,6.26,Me,4,1,V,,,6.28,Me,3.0,830
2794,2021,370,6.26,Me,4,2,B,,,,,,830
2795,2021,370,6.26,Me,4,3,M,0.0,0.0,0.71,Sh,2.0,830
2796,2021,370,6.26,Me,4,4,M,0.0,0.0,1.19,Sh,3.0,830
2797,2021,370,6.26,Me,4,4,M,0.0,0.0,7.16,Me,6.0,830
2798,2021,370,6.26,Me,4,4,M,0.0,0.0,7.39,Me,7.0,830
2799,2021,370,6.26,Me,4,4,M,0.0,0.0,9.28,Me,6.0,830
2800,2021,371,4.6,Sh,1,1,S,0.0,0.0,,,,830
2801,2021,372,4.54,Sh,4,1,B,,,,,,830
2802,2021,372,4.54,Sh,4,2,S,0.0,0.0,,,,830
2803,2021,372,4.54,Sh,4,3,B,,,,,,830
2804,2021,372,4.54,Sh,4,4,V,,,5.09,Me,5.0,830
2805,2021,374,1.31,Sh,2,1,V,,,0.47,Sh,4.0,830
2806,2021,374,1.31,Sh,2,2,V,,,3.83,Sh,3.0,830
2807,2021,375,3.18,Sh,4,1,M,,,,,,830
2808,2021,375,3.18,Sh,4,2,S,0.0,0.0,,,,830
2809,2021,375,3.18,Sh,4,3,V,,,5.91,Me,2.0,830
2810,2021,375,3.18,Sh,4,4,B,,,,,,830
2811,2021,378,5.29,Me,6,1,V,,,0.87,Sh,5.0,830
2812,2021,378,5.29,Me,6,2,B,,,,,,830
2813,2021,378,5.29,Me,6,3,B,,,,,,830
2814,2021,378,5.29,Me,6,4,M,1.0,5.0,4.99,Sh,4.0,830
2815,2021,378,5.29,Me,6,5,V,,,3.63,Sh,2.0,830
2816,2021,378,5.29,Me,6,6,V,,,3.03,Sh,5.0,830
2817,2021,381,5.67,Me,2,1,M,,,,,,830
2818,2021,381,5.67,Me,2,1,V,,,0.54,Sh,3.0,830
2819,2021,381,5.67,Me,2,2,V,,,3.45,Sh,6.0,830
2820,2021,381,5.67,Me,2,2,V,,,1.09,Sh,2.0,830
2821,2021,382,1.07,Sh,2,1,V,,,2.38,Sh,5.0,830
2822,2021,382,1.07,Sh,2,1,M,,,,,,830
2823,2021,382,1.07,Sh,2,1,M,0.0,0.0,0.51,Sh,4.0,830
2824,2021,382,1.07,Sh,2,2,M,0.0,0.0,5.56,Me,2.0,830
2825,2021,383,3.58,Sh,5,1,M,1.0,5.0,0.8,Sh,2.0,830
2826,2021,383,3.58,Sh,5,1,V,,,,,,830
2827,2021,383,3.58,Sh,5,2,V,,,2.55,Sh,4.0,830
2828,2021,383,3.58,Sh,5,3,S,0.0,0.0,,,,830
2829,2021,383,3.58,Sh,5,4,S,0.0,0.0,,,,830
2830,2021,383,3.58,Sh,5,5,S,0.0,0.0,,,,830
2831,2021,384,3.97,Sh,5,1,M,0.0,0.0,1.68,Sh,1.0,830
2832,2021,384,3.97,Sh,5,2,V,,,,,,830
2833,2021,384,3.97,Sh,5,3,B,,,,,,830
2834,2021,384,3.97,Sh,5,4,S,0.0,0.0,,,,830
2835,2021,384,3.97,Sh,5,5,M,0.0,0.0,0.71,Sh,2.0,830
2836,2021,384,3.97,Sh,5,5,V,,,3.64,Sh,5.0,830
2837,2021,387,7.22,Me,7,1,B,,,,,,830
2838,2021,387,7.22,Me,7,2,B,,,,,,830
2839,2021,387,7.22,Me,7,3,V,,,3.02,Sh,6.0,830
2840,2021,387,7.22,Me,7,4,S,0.0,0.0,,,,830
2841,2021,387,7.22,Me,7,5,V,,,6.52,Me,5.0,830
2842,2021,387,7.22,Me,7,5,V,,,0.19,Sh,2.0,830
2843,2021,387,7.22,Me,7,6,B,,,,,,830
2844,2021,387,7.22,Me,7,7,V,,,6.22,Me,7.0,830
2845,2021,388,4.47,Sh,6,1,V,,,1.12,Sh,4.0,830
2846,2021,388,4.47,Sh,6,2,S,0.0,0.0,,,,830
2847,2021,388,4.47,Sh,6,3,M,0.0,0.0,4.44,Sh,3.0,830
2848,2021,388,4.47,Sh,6,3,V,,,2.45,Sh,2.0,830
2849,2021,388,4.47,Sh,6,4,S,0.0,0.0,,,,830
2850,2021,388,4.47,Sh,6,5,S,0.0,0.0,,,,830
2851,2021,388,4.47,Sh,6,6,M,0.0,0.0,3.65,Sh,2.0,830
2852,2021,388,4.47,Sh,6,6,M,0.0,0.0,1.38,Sh,2.0,830
2853,2021,388,4.47,Sh,6,6,M,0.0,0.0,7.04,Me,3.0,830
2854,2021,389,9.63,Me,3,1,V,,,,,,830
2855,2021,389,9.63,Me,3,2,B,,,,,,830
2856,2021,389,9.63,Me,3,3,M,1.0,2.0,3.29,Sh,4.0,830
2857,2021,390,4.17,Sh,3,1,B,,,,,,830
2858,2021,390,4.17,Sh,3,2,M,1.0,1.0,0.29,Sh,3.0,830
2859,2021,390,4.17,Sh,3,2,M,0.0,0.0,3.5,Sh,3.0,830
2860,2021,390,4.17,Sh,3,3,V,,,,,,830
2861,2021,390,4.17,Sh,3,3,M,1.0,2.0,2.37,Sh,2.0,830
2862,2021,391,6.57,Me,4,1,V,,,,,,830
2863,2021,391,6.57,Me,4,2,B,,,,,,830
2864,2021,391,6.57,Me,4,3,V,,,3.87,Sh,3.0,830
2865,2021,391,6.57,Me,4,4,V,,,4.97,Sh,4.0,830
2866,2021,392,3.71,Sh,4,1,M,1.0,4.0,3.43,Sh,5.0,830
2867,2021,392,3.71,Sh,4,2,V,,,0.16,Sh,2.0,830
2868,2021,392,3.71,Sh,4,3,V,,,4.5,Sh,2.0,830
2869,2021,392,3.71,Sh,4,4,V,,,2.23,Sh,2.0,830
2870,2021,393,7.32,Me,6,1,M,0.0,0.0,1.0,Sh,7.0,830
2871,2021,393,7.32,Me,6,2,B,,,,,,830
2872,2021,393,7.32,Me,6,3,S,0.0,0.0,,,,830
2873,2021,393,7.32,Me,6,4,V,,,3.79,Sh,4.0,830
2874,2021,393,7.32,Me,6,4,M,0.0,0.0,6.45,Me,5.0,830
2875,2021,393,7.32,Me,6,4,V,,,0.97,Sh,2.0,830
2876,2021,393,7.32,Me,6,5,S,0.0,0.0,,,,830
2877,2021,393,7.32,Me,6,6,V,,,3.84,Sh,3.0,830
2878,2021,394,4.65,Sh,3,1,V,,,0.54,Sh,3.0,830
2879,2021,394,4.65,Sh,3,2,B,,,,,,830
2880,2021,394,4.65,Sh,3,3,V,,,5.57,Me,6.0,830
2881,2021,394,4.65,Sh,3,3,V,,,6.17,Me,3.0,830
2882,2021,394,4.65,Sh,3,3,M,0.0,0.0,8.58,Me,7.0,830
2883,2021,395,0.41,Sh,2,1,V,,,4.5,Sh,3.0,830
2884,2021,395,0.41,Sh,2,2,B,,,,,,830
2885,2021,396,9.04,Me,4,1,V,,,0.73,Sh,3.0,830
2886,2021,396,9.04,Me,4,2,V,,,,,,830
2887,2021,396,9.04,Me,4,3,S,0.0,0.0,,,,830
2888,2021,396,9.04,Me,4,4,M,1.0,3.0,4.1,Sh,4.0,830
2889,2021,397,12.3,Me,10,1,V,,,5.12,Me,6.0,830
2890,2021,397,12.3,Me,10,2,M,0.0,0.0,4.12,Sh,5.0,830
2891,2021,397,12.3,Me,10,3,V,,,0.31,Sh,6.0,830
2892,2021,397,12.3,Me,10,3,V,,,5.32,Me,4.0,830
2893,2021,397,12.3,Me,10,4,V,,,2.94,Sh,6.0,830
2894,2021,397,12.3,Me,10,5,M,1.0,4.0,7.18,Me,7.0,830
2895,2021,397,12.3,Me,10,6,S,0.0,0.0,,,,830
2896,2021,397,12.3,Me,10,7,M,0.0,0.0,4.82,Sh,5.0,830
2897,2021,397,12.3,Me,10,8,M,,,,,,830
2898,2021,397,12.3,Me,10,9,M,0.0,0.0,7.68,Me,4.0,830
2899,2021,397,12.3,Me,10,10,M,0.0,0.0,4.64,Sh,3.0,830
2900,2021,398,5.32,Me,5,1,V,,,2.55,Sh,5.0,830
2901,2021,398,5.32,Me,5,2,V,,,1.24,Sh,6.0,830
2902,2021,398,5.32,Me,5,3,B,,,,,,830
2903,2021,398,5.32,Me,5,4,V,,,8.67,Me,3.0,830
2904,2021,398,5.32,Me,5,5,B,,,,,,830
2905,2021,399,1.2,Sh,1,1,V,,,4.18,Sh,5.0,830
2906,2021,401,3.88,Sh,5,1,B,,,,,,830
2907,2021,401,3.88,Sh,5,2,B,,,,,,830
2908,2021,401,3.88,Sh,5,3,S,0.0,0.0,,,,830
2909,2021,401,3.88,Sh,5,4,S,0.0,0.0,,,,830
2910,2021,401,3.88,Sh,5,5,M,0.0,0.0,11.45,Me,7.0,830
2911,2021,404,1.04,Sh,3,1,M,0.0,0.0,0.31,Sh,2.0,830
2912,2021,404,1.04,Sh,3,1,V,,,,,,830
2913,2021,404,1.04,Sh,3,1,V,,,1.22,Sh,1.0,830
2914,2021,404,1.04,Sh,3,1,V,,,1.67,Sh,1.0,830
2915,2021,404,1.04,Sh,3,2,S,0.0,0.0,,,,830
2916,2021,404,1.04,Sh,3,3,M,0.0,0.0,0.6,Sh,2.0,830
2917,2021,404,4.18,Sh,3,1,V,,,,,,830
2918,2021,404,4.18,Sh,3,1,V,,,2.35,Sh,4.0,830
2919,2021,404,4.18,Sh,3,2,B,,,,,,830
2920,2021,404,4.18,Sh,3,3,V,,,4.6,Sh,4.0,830
2921,2021,407,7.76,Me,5,1,M,0.0,0.0,2.9,Sh,3.0,830
2922,2021,407,7.76,Me,5,2,V,,,3.81,Sh,4.0,830
2923,2021,407,7.76,Me,5,3,M,1.0,5.0,5.23,Me,2.0,830
2924,2021,407,7.76,Me,5,4,B,,,,,,830
2925,2021,407,7.76,Me,5,5,M,0.0,0.0,7.34,Me,7.0,830
2926,2021,408,1.45,Sh,2,1,V,,,3.37,Sh,6.0,830
2927,2021,408,1.45,Sh,2,2,M,0.0,0.0,1.77,Sh,3.0,830
2928,2021,408,1.45,Sh,2,2,V,,,6.54,Me,7.0,830
2929,2021,408,1.45,Sh,2,2,V,,,5.76,Me,3.0,830
2930,2021,408,1.45,Sh,2,2,M,0.0,0.0,8.39,Me,4.0,830
2931,2021,410,8.22,Me,7,1,S,0.0,0.0,,,,830
2932,2021,410,8.22,Me,7,2,V,,,0.07,Sh,2.0,830
2933,2021,410,8.22,Me,7,2,M,0.0,0.0,3.41,Sh,2.0,830
2934,2021,410,8.22,Me,7,3,S,0.0,0.0,,,,830
2935,2021,410,8.22,Me,7,4,V,,,1.55,Sh,1.0,830
2936,2021,410,8.22,Me,7,5,M,0.0,0.0,0.48,Sh,1.0,830
2937,2021,410,8.22,Me,7,6,V,,,3.32,Sh,4.0,830
2938,2021,410,8.22,Me,7,6,V,,,4.16,Sh,4.0,830
2939,2021,410,8.22,Me,7,7,M,0.0,0.0,3.76,Sh,3.0,830
2940,2021,411,2.19,Sh,5,1,B,,,,,,830
2941,2021,411,2.19,Sh,5,2,V,,,2.12,Sh,4.0,830
2942,2021,411,2.19,Sh,5,3,M,,,,,,830
2943,2021,411,2.19,Sh,5,3,V,,,2.91,Sh,4.0,830
2944,2021,411,2.19,Sh,5,4,V,,,3.23,Sh,7.0,830
2945,2021,411,2.19,Sh,5,5,S,0.0,0.0,,,,830
2946,2021,412,5.53,Me,1,1,S,0.0,0.0,,,,830
2947,2021,413,2.34,Sh,2,1,M,1.0,2.0,3.06,Sh,4.0,830
2948,2021,413,2.34,Sh,2,2,V,,,2.68,Sh,2.0,830
2949,2021,413,2.34,Sh,2,2,M,0.0,0.0,4.15,Sh,4.0,830
2950,2021,414,2.22,Sh,3,1,B,,,,,,830
2951,2021,414,2.22,Sh,3,2,S,0.0,0.0,,,,830
2952,2021,414,2.22,Sh,3,3,M,,,,,,830
2953,2021,414,2.22,Sh,3,3,M,0.0,0.0,4.62,Sh,3.0,830
2954,2021,414,2.22,Sh,3,3,M,0.0,0.0,8.73,Me,5.0,830
2955,2021,415,6.77,Me,5,1,B,,,,,,830
2956,2021,415,6.77,Me,5,2,M,0.0,0.0,6.02,Me,5.0,830
2957,2021,415,6.77,Me,5,3,B,,,,,,830
2958,2021,415,6.77,Me,5,4,V,,,4.86,Sh,5.0,830
2959,2021,415,6.77,Me,5,5,M,1.0,2.0,4.28,Sh,7.0,830
2960,2021,416,4.46,Sh,4,1,M,,,,,,830
2961,2021,416,4.46,Sh,4,1,V,,,,,,830
2962,2021,416,4.46,Sh,4,2,S,0.0,0.0,,,,830
2963,2021,416,4.46,Sh,4,3,B,,,,,,830
2964,2021,416,4.46,Sh,4,4,B,,,,,,830
2965,2021,417,4.63,Sh,8,1,B,,,,,,830
2966,2021,417,4.63,Sh,8,2,V,,,,,,830
2967,2021,417,4.63,Sh,8,3,S,0.0,0.0,,,,830
2968,2021,417,4.63,Sh,8,4,V,,,2.74,Sh,5.0,830
2969,2021,417,4.63,Sh,8,5,S,0.0,0.0,,,,830
2970,2021,417,4.63,Sh,8,6,S,0.0,0.0,,,,830
2971,2021,417,4.63,Sh,8,7,M,0.0,0.0,5.16,Me,4.0,830
2972,2021,417,4.63,Sh,8,8,V,,,3.58,Sh,2.0,830
2973,2021,417,4.63,Sh,8,8,M,0.0,0.0,3.31,Sh,4.0,830
2974,2021,418,7.87,Me,6,1,V,,,2.45,Sh,1.0,830
2975,2021,418,7.87,Me,6,2,V,,,,,,830
2976,2021,418,7.87,Me,6,3,B,,,,,,830
2977,2021,418,7.87,Me,6,4,V,,,1.69,Sh,1.0,830
2978,2021,418,7.87,Me,6,5,S,0.0,0.0,,,,830
2979,2021,418,7.87,Me,6,6,V,,,4.98,Sh,2.0,830
2980,2021,419,0.84,Sh,3,1,B,,,,,,830
2981,2021,419,0.84,Sh,3,2,V,,,,,,830
2982,2021,419,0.84,Sh,3,3,V,,,4.11,Sh,2.0,830
2983,2021,420,10.13,Me,5,1,S,0.0,0.0,,,,830
2984,2021,420,10.13,Me,5,2,M,0.0,0.0,1.89,Sh,1.0,830
2985,2021,420,10.13,Me,5,2,V,,,3.8,Sh,1.0,830
2986,2021,420,10.13,Me,5,2,V,,,,,,830
2987,2021,420,10.13,Me,5,3,S,0.0,0.0,,,,830
2988,2021,420,10.13,Me,5,4,M,,,,,,830
2989,2021,420,10.13,Me,5,4,M,0.0,0.0,6.46,Me,6.0,830
2990,2021,420,10.13,Me,5,5,M,0.0,0.0,4.45,Sh,6.0,830
2991,2021,420,10.13,Me,5,5,M,0.0,0.0,9.45,Me,4.0,830
2992,2021,420,10.13,Me,5,5,V,,,6.55,Me,6.0,830
2993,2021,420,10.13,Me,5,5,M,0.0,0.0,5.21,Me,4.0,830
2994,2021,420,10.13,Me,5,5,V,,,8.13,Me,5.0,830
2995,2021,421,11.27,Me,4,1,B,,,,,,830
2996,2021,421,11.27,Me,4,2,V,,,2.95,Sh,6.0,830
2997,2021,421,11.27,Me,4,3,M,,,,,,830
2998,2021,421,11.27,Me,4,4,S,0.0,0.0,,,,830
2999,2021,422,2.51,Sh,5,1,V,,,,,,830
3000,2021,422,2.51,Sh,5,1,V,,,,,,830
3001,2021,422,2.51,Sh,5,1,M,0.0,0.0,1.4,Sh,2.0,830
3002,2021,422,2.51,Sh,5,2,B,,,,,,830
3003,2021,422,2.51,Sh,5,3,M,0.0,0.0,1.1,Sh,3.0,830
3004,2021,422,2.51,Sh,5,3,V,,,2.3,Sh,3.0,830
3005,2021,422,2.51,Sh,5,4,S,0.0,0.0,,,,830
3006,2021,422,2.51,Sh,5,5,V,,,4.38,Sh,7.0,830
3007,2021,423,4.02,Sh,3,1,S,0.0,0.0,,,,830
3008,2021,423,4.02,Sh,3,2,B,,,,,,830
3009,2021,423,4.02,Sh,3,3,M,1.0,4.0,2.51,Sh,4.0,830
3010,2021,423,4.02,Sh,3,3,V,,,8.3,Me,6.0,830
3011,2021,423,4.02,Sh,3,3,V,,,4.92,Sh,1.0,830
3012,2021,423,4.02,Sh,3,3,V,,,4.92,Sh,3.0,830
3013,2021,424,4.02,Sh,4,1,S,0.0,0.0,,,,830
3014,2021,424,4.02,Sh,4,2,B,,,,,,830
3015,2021,424,4.02,Sh,4,3,V,,,5.02,Me,2.0,830
3016,2021,424,4.02,Sh,4,3,M,,,,,,830
3017,2021,424,4.02,Sh,4,3,M,0.0,0.0,2.32,Sh,3.0,830
3018,2021,424,4.02,Sh,4,3,V,,,3.31,Sh,4.0,830
3019,2021,424,4.02,Sh,4,4,V,,,1.39,Sh,3.0,830
3020,2021,425,6.51,Me,3,1,V,,,,,,830
3021,2021,425,6.51,Me,3,1,V,,,0.27,Sh,1.0,830
3022,2021,425,6.51,Me,3,2,S,0.0,0.0,,,,830
3023,2021,425,6.51,Me,3,3,B,,,,,,830
3024,2021,431,1.67,Sh,3,1,M,1.0,2.0,2.52,Sh,2.0,830
3025,2021,431,1.67,Sh,3,2,V,,,4.56,Sh,5.0,830
3026,2021,431,1.67,Sh,3,3,B,,,,,,830
3027,2021,435,2.2,Sh,3,1,V,,,5.14,Me,4.0,830
3028,2021,435,2.2,Sh,3,2,B,,,,,,830
3029,2021,435,2.2,Sh,3,3,V,,,2.8,Sh,4.0,830
3030,2021,436,3.62,Sh,7,1,B,,,,,,830
3031,2021,436,3.62,Sh,7,2,S,0.0,0.0,,,,830
3032,2021,436,3.62,Sh,7,3,V,,,1.78,Sh,1.0,830
3033,2021,436,3.62,Sh,7,4,S,0.0,0.0,,,,830
3034,2021,436,3.62,Sh,7,5,S,0.0,0.0,,,,830
3035,2021,436,3.62,Sh,7,6,S,0.0,0.0,,,,830
3036,2021,436,3.62,Sh,7,7,M,0.0,0.0,4.28,Sh,6.0,830
3037,2021,437,4.03,Sh,5,1,V,,,3.19,Sh,4.0,830
3038,2021,437,4.03,Sh,5,2,B,,,,,,830
3039,2021,437,4.03,Sh,5,3,V,,,3.89,Sh,5.0,830
3040,2021,437,4.03,Sh,5,4,B,,,,,,830
3041,2021,437,4.03,Sh,5,5,M,0.0,0.0,6.06,Me,2.0,830
3042,2021,439,8.45,Me,4,1,B,,,,,,830
3043,2021,439,8.45,Me,4,2,S,0.0,0.0,,,,830
3044,2021,439,8.45,Me,4,3,M,0.0,0.0,2.77,Sh,1.0,830
3045,2021,439,8.45,Me,4,4,M,1.0,6.0,4.85,Sh,1.0,830
3046,2021,439,8.45,Me,4,4,V,,,4.93,Sh,5.0,830
3047,2021,439,8.45,Me,4,4,M,,,,,,830
3048,2021,441,5.06,Me,7,1,B,,,,,,830
3049,2021,441,5.06,Me,7,2,M,1.0,4.0,3.45,Sh,5.0,830
3050,2021,441,5.06,Me,7,3,S,0.0,0.0,,,,830
3051,2021,441,5.06,Me,7,4,S,0.0,0.0,,,,830
3052,2021,441,5.06,Me,7,5,M,0.0,0.0,5.27,Me,8.0,830
3053,2021,441,5.06,Me,7,6,M,1.0,5.0,2.33,Sh,5.0,830
3054,2021,441,5.06,Me,7,7,M,0.0,0.0,3.4,Sh,4.0,830
3055,2021,443,3.64,Sh,6,1,V,,,,,,830
3056,2021,443,3.64,Sh,6,2,V,,,2.1,Sh,1.0,830
3057,2021,443,3.64,Sh,6,3,M,1.0,3.0,2.79,Sh,2.0,830
3058,2021,443,3.64,Sh,6,4,S,0.0,0.0,,,,830
3059,2021,443,3.64,Sh,6,5,V,,,3.19,Sh,4.0,830
3060,2021,443,3.64,Sh,6,6,M,1.0,4.0,5.77,Me,5.0,830
3061,2021,443,3.64,Sh,6,6,M,0.0,0.0,8.73,Me,5.0,830
3062,2021,444,6.81,Me,7,1,B,,,,,,830
3063,2021,444,6.81,Me,7,2,S,0.0,0.0,,,,830
3064,2021,444,6.81,Me,7,3,B,,,,,,830
3065,2021,444,6.81,Me,7,4,S,0.0,0.0,,,,830
3066,2021,444,6.81,Me,7,5,S,0.0,0.0,,,,830
3067,2021,444,6.81,Me,7,6,V,,,1.83,Sh,4.0,830
3068,2021,444,6.81,Me,7,7,B,,,,,,830
3069,2021,445,5.53,Me,5,1,B,,,,,,830
3070,2021,445,5.53,Me,5,2,V,,,0.33,Sh,1.0,830
3071,2021,445,5.53,Me,5,3,V,,,,,,830
3072,2021,445,5.53,Me,5,4,M,1.0,1.0,2.47,Sh,2.0,830
3073,2021,445,5.53,Me,5,4,M,0.0,0.0,3.34,Sh,1.0,830
3074,2021,445,5.53,Me,5,5,S,0.0,0.0,,,,830
3075,2021,446,7.62,Me,2,1,B,,,,,,830
3076,2021,446,7.62,Me,2,2,V,,,7.05,Me,6.0,830
3077,2021,447,10.01,Me,9,1,B,,,,,,830
3078,2021,447,10.01,Me,9,2,B,,,,,,830
3079,2021,447,10.01,Me,9,3,V,,,0.84,Sh,1.0,830
3080,2021,447,10.01,Me,9,4,V,,,1.13,Sh,1.0,830
3081,2021,447,10.01,Me,9,4,V,,,4.51,Sh,4.0,830
3082,2021,447,10.01,Me,9,5,S,0.0,0.0,,,,830
3083,2021,447,10.01,Me,9,6,S,0.0,0.0,,,,830
3084,2021,447,10.01,Me,9,7,V,,,4.92,Sh,5.0,830
3085,2021,447,10.01,Me,9,7,M,1.0,2.0,1.11,Sh,1.0,830
3086,2021,447,10.01,Me,9,8,V,,,6.44,Me,6.0,830
3087,2021,447,10.01,Me,9,8,V,,,4.87,Sh,4.0,830
3088,2021,447,10.01,Me,9,9,S,0.0,0.0,,,,830
3089,2021,448,6.12,Me,6,1,V,,,,,,830
3090,2021,448,6.12,Me,6,2,B,,,,,,830
3091,2021,448,6.12,Me,6,3,B,,,,,,830
3092,2021,448,6.12,Me,6,4,M,,,,,,830
3093,2021,448,6.12,Me,6,5,S,0.0,0.0,,,,830
3094,2021,448,6.12,Me,6,6,M,0.0,0.0,1.89,Sh,1.0,830
3095,2021,448,6.12,Me,6,6,M,0.0,0.0,8.59,Me,6.0,830
3096,2021,449,2.37,Sh,2,1,S,0.0,0.0,,,,830
3097,2021,449,2.37,Sh,2,2,M,0.0,0.0,4.79,Sh,3.0,830
3098,2021,452,1.33,Sh,2,1,M,,,,,,830
3099,2021,452,1.33,Sh,2,2,V,,,5.03,Me,4.0,830
3100,2021,452,1.33,Sh,2,2,V,,,,,,830
3101,2021,452,1.33,Sh,2,2,M,0.0,0.0,2.39,Sh,2.0,830
3102,2021,453,4.11,Sh,2,1,M,0.0,0.0,1.47,Sh,3.0,830
3103,2021,453,4.11,Sh,2,2,B,,,,,,830
3104,2021,454,0.19,Sh,1,1,V,,,4.11,Sh,2.0,830
3105,2021,454,0.19,Sh,1,1,M,0.0,0.0,4.6,Sh,3.0,830
3106,2021,454,0.19,Sh,1,1,V,,,1.96,Sh,3.0,830
3107,2021,455,8.16,Me,6,1,M,0.0,0.0,2.26,Sh,3.0,830
3108,2021,455,8.16,Me,6,2,S,0.0,0.0,,,,830
3109,2021,455,8.16,Me,6,3,S,0.0,0.0,,,,830
3110,2021,455,8.16,Me,6,4,V,,,5.2,Me,2.0,830
3111,2021,455,8.16,Me,6,5,V,,,7.14,Me,6.0,830
3112,2021,455,8.16,Me,6,5,V,,,0.65,Sh,2.0,830
3113,2021,455,8.16,Me,6,6,S,0.0,0.0,,,,830
3114,2021,456,0.6,Sh,1,1,B,,,,,,830
3115,2021,457,3.51,Sh,3,1,B,,,,,,830
3116,2021,457,3.51,Sh,3,2,S,0.0,0.0,,,,830
3117,2021,457,3.51,Sh,3,3,V,,,5.56,Me,4.0,830
3118,2021,457,3.51,Sh,3,3,M,0.0,0.0,6.87,Me,4.0,830
3119,2021,457,3.51,Sh,3,3,V,,,6.1,Me,6.0,830
3120,2021,458,1.18,Sh,3,1,V,,,4.27,Sh,5.0,830
3121,2021,458,1.18,Sh,3,1,V,,,,,,830
3122,2021,458,1.18,Sh,3,2,B,,,,,,830
3123,2021,458,1.18,Sh,3,3,M,0.0,0.0,3.55,Sh,2.0,830
3124,2021,458,1.18,Sh,3,3,M,,,,,,830
3125,2021,458,1.18,Sh,3,3,V,,,2.17,Sh,4.0,830
3126,2021,459,1.05,Sh,1,1,B,,,,,,830
3127,2021,460,3.32,Sh,1,1,V,,,7.14,Me,9.0,830
3128,2021,460,3.32,Sh,1,1,V,,,4.54,Sh,3.0,830
3129,2021,460,3.09,Sh,3,1,V,,,1.86,Sh,6.0,830
3130,2021,460,3.09,Sh,3,2,S,0.0,0.0,,,,830
3131,2021,460,3.09,Sh,3,3,M,0.0,0.0,4.8,Sh,7.0,830
3132,2021,462,2.79,Sh,4,1,V,,,,,,830
3133,2021,462,2.79,Sh,4,1,M,0.0,0.0,5.5,Me,3.0,830
3134,2021,462,2.79,Sh,4,2,S,0.0,0.0,,,,830
3135,2021,462,2.79,Sh,4,3,M,1.0,2.0,1.14,Sh,3.0,830
3136,2021,462,2.79,Sh,4,4,V,,,2.91,Sh,2.0,830
3137,2021,463,2.81,Sh,5,1,V,,,,,,830
3138,2021,463,2.81,Sh,5,2,V,,,2.12,Sh,4.0,830
3139,2021,463,2.81,Sh,5,3,V,,,0.97,Sh,4.0,830
3140,2021,463,2.81,Sh,5,4,M,0.0,0.0,3.96,Sh,4.0,830
3141,2021,463,2.81,Sh,5,5,V,,,2.57,Sh,3.0,830
3142,2021,464,0.13,Sh,4,1,M,0.0,0.0,2.36,Sh,2.0,830
3143,2021,464,0.13,Sh,4,2,S,0.0,0.0,,,,830
3144,2021,464,0.13,Sh,4,3,V,,,6.75,Me,11.0,830
3145,2021,464,0.13,Sh,4,3,V,,,2.96,Sh,6.0,830
3146,2021,464,0.13,Sh,4,4,V,,,7.88,Me,8.0,830
3147,2021,465,4.45,Sh,3,1,V,,,1.02,Sh,1.0,830
3148,2021,465,4.45,Sh,3,2,M,,,,,,830
3149,2021,465,4.45,Sh,3,3,V,,,4.36,Sh,5.0,830
3150,2021,466,1.98,Sh,2,1,B,,,,,,830
3151,2021,466,1.98,Sh,2,2,V,,,5.63,Me,4.0,830
3152,2021,467,1.78,Sh,4,1,B,,,,,,830
3153,2021,467,1.78,Sh,4,2,B,,,,,,830
3154,2021,467,1.78,Sh,4,3,M,0.0,0.0,2.28,Sh,4.0,830
3155,2021,467,1.78,Sh,4,3,V,,,6.3,Me,2.0,830
3156,2021,467,1.78,Sh,4,4,M,0.0,0.0,8.22,Me,6.0,830
3157,2021,467,1.78,Sh,4,4,M,0.0,0.0,2.85,Sh,5.0,830
3158,2021,468,3.41,Sh,1,1,B,,,,,,830
3159,2021,470,0.45,Sh,1,1,B,,,,,,830
3160,2021,471,2.06,Sh,3,1,B,,,,,,830
3161,2021,471,2.06,Sh,3,2,B,,,,,,830
3162,2021,471,2.06,Sh,3,3,V,,,3.91,Sh,5.0,830
3163,2021,472,3.37,Sh,3,1,B,,,,,,830
3164,2021,472,3.37,Sh,3,2,B,,,,,,830
3165,2021,472,3.37,Sh,3,3,B,,,,,,830
3166,2021,472,2.78,Sh,4,1,B,,,,,,830
3167,2021,472,2.78,Sh,4,2,V,,,,,,830
3168,2021,472,2.78,Sh,4,2,V,,,2.74,Sh,3.0,830
3169,2021,472,2.78,Sh,4,3,S,0.0,0.0,,,,830
3170,2021,472,2.78,Sh,4,4,M,0.0,0.0,2.05,Sh,5.0,830
3171,2021,472,3.94,Sh,2,1,B,,,,,,830
3172,2021,472,3.94,Sh,2,2,B,,,,,,830
3173,2021,474,4.42,Sh,5,1,B,,,,,,830
3174,2021,474,4.42,Sh,5,2,V,,,,,,830
3175,2021,474,4.42,Sh,5,3,M,1.0,1.0,1.94,Sh,3.0,830
3176,2021,474,4.42,Sh,5,4,M,0.0,0.0,1.46,Sh,1.0,830
3177,2021,474,4.42,Sh,5,5,M,,,,,,830
3178,2021,477,1.96,Sh,6,1,B,,,,,,830
3179,2021,477,1.96,Sh,6,2,V,,,0.91,Sh,4.0,830
3180,2021,477,1.96,Sh,6,3,M,0.0,0.0,1.65,Sh,2.0,830
3181,2021,477,1.96,Sh,6,3,V,,,2.06,Sh,2.0,830
3182,2021,477,1.96,Sh,6,3,V,,,0.33,Sh,2.0,830
3183,2021,477,1.96,Sh,6,3,M,0.0,0.0,8.32,Me,6.0,830
3184,2021,477,1.96,Sh,6,3,V,,,,,,830
3185,2021,477,1.96,Sh,6,4,M,0.0,0.0,3.52,Sh,5.0,830
3186,2021,477,1.96,Sh,6,5,S,0.0,0.0,,,,830
3187,2021,477,1.96,Sh,6,6,M,0.0,0.0,5.6,Me,2.0,830
3188,2021,478,0.21,Sh,3,1,V,,,1.92,Sh,2.0,830
3189,2021,478,0.21,Sh,3,1,V,,,1.22,Sh,2.0,830
3190,2021,478,0.21,Sh,3,2,B,,,,,,830
3191,2021,478,0.21,Sh,3,3,S,0.0,0.0,,,,830
3192,2021,479,1.46,Sh,6,1,B,,,,,,830
3193,2021,479,1.46,Sh,6,2,S,0.0,0.0,,,,830
3194,2021,479,1.46,Sh,6,3,M,0.0,0.0,3.56,Sh,1.0,830
3195,2021,479,1.46,Sh,6,3,V,,,0.32,Sh,4.0,830
3196,2021,479,1.46,Sh,6,4,B,,,,,,830
3197,2021,479,1.46,Sh,6,5,M,0.0,0.0,4.26,Sh,2.0,830
3198,2021,479,1.46,Sh,6,6,M,1.0,9.0,10.51,Me,11.0,830
3199,2021,480,3.21,Sh,5,1,B,,,,,,830
3200,2021,480,3.21,Sh,5,2,M,0.0,0.0,0.34,Sh,5.0,830
3201,2021,480,3.21,Sh,5,3,B,,,,,,830
3202,2021,480,3.21,Sh,5,4,S,0.0,0.0,,,,830
3203,2021,480,3.21,Sh,5,5,M,1.0,3.0,5.12,Me,3.0,830
3204,2021,481,2.94,Sh,4,1,M,0.0,0.0,2.33,Sh,5.0,830
3205,2021,481,2.94,Sh,4,2,B,,,,,,830
3206,2021,481,2.94,Sh,4,3,V,,,2.75,Sh,3.0,830
3207,2021,481,2.94,Sh,4,4,V,,,3.23,Sh,3.0,830
3208,2021,482,0.94,Sh,5,1,S,0.0,0.0,,,,830
3209,2021,482,0.94,Sh,5,2,V,,,1.43,Sh,2.0,830
3210,2021,482,0.94,Sh,5,3,V,,,0.09,Sh,1.0,830
3211,2021,482,0.94,Sh,5,4,B,,,,,,830
3212,2021,482,0.94,Sh,5,5,M,0.0,0.0,1.9,Sh,1.0,830
3213,2021,482,0.94,Sh,5,5,M,0.0,0.0,5.49,Me,3.0,830
3214,2021,482,0.94,Sh,5,5,M,0.0,0.0,5.17,Me,3.0,830
3215,2021,483,2.11,Sh,3,1,V,,,0.84,Sh,2.0,830
3216,2021,483,2.11,Sh,3,1,V,,,3.08,Sh,2.0,830
3217,2021,483,2.11,Sh,3,2,M,1.0,1.0,4.62,Sh,5.0,830
3218,2021,483,2.11,Sh,3,3,B,,,,,,830
3219,2021,484,7.1,Me,8,1,V,,,2.82,Sh,1.0,830
3220,2021,484,7.1,Me,8,1,M,,,,,,830
3221,2021,484,7.1,Me,8,2,S,0.0,0.0,,,,830
3222,2021,484,7.1,Me,8,3,M,1.0,4.0,5.87,Me,6.0,830
3223,2021,484,7.1,Me,8,4,V,,,1.43,Sh,4.0,830
3224,2021,484,7.1,Me,8,5,V,,,2.76,Sh,4.0,830
3225,2021,484,7.1,Me,8,6,V,,,1.25,Sh,2.0,830
3226,2021,484,7.1,Me,8,7,S,0.0,0.0,,,,830
3227,2021,484,7.1,Me,8,8,V,,,3.22,Sh,5.0,830
3228,2021,485,1.71,Sh,1,1,S,0.0,0.0,,,,830
3229,2021,487,1.76,Sh,1,1,S,0.0,0.0,,,,830
3230,2021,488,2.75,Sh,5,1,M,1.0,1.0,0.28,Sh,1.0,830
3231,2021,488,2.75,Sh,5,2,S,0.0,0.0,,,,830
3232,2021,488,2.75,Sh,5,3,S,0.0,0.0,,,,830
3233,2021,488,2.75,Sh,5,4,M,0.0,0.0,8.14,Me,1.0,830
3234,2021,488,2.75,Sh,5,5,V,,,2.37,Sh,3.0,830
3235,2021,489,4.74,Sh,3,1,S,0.0,0.0,,,,830
3236,2021,489,4.74,Sh,3,2,S,0.0,0.0,,,,830
3237,2021,489,4.74,Sh,3,3,M,,,,,,830
3238,2021,489,4.74,Sh,3,3,M,0.0,0.0,1.3,Sh,2.0,830
3239,2021,490,1.53,Sh,1,1,V,,,2.03,Sh,2.0,830
3240,2021,491,0.18,Sh,4,1,S,0.0,0.0,,,,830
3241,2021,491,0.18,Sh,4,2,V,,,,,,830
3242,2021,491,0.18,Sh,4,2,V,,,0.78,Sh,3.0,830
3243,2021,491,0.18,Sh,4,3,M,0.0,0.0,5.82,Me,6.0,830
3244,2021,491,0.18,Sh,4,3,M,0.0,0.0,8.41,Me,5.0,830
3245,2021,491,0.18,Sh,4,3,M,0.0,0.0,1.24,Sh,5.0,830
3246,2021,491,0.18,Sh,4,4,V,,,3.16,Sh,2.0,830
3247,2021,493,2.2,Sh,2,1,S,0.0,0.0,,,,830
3248,2021,493,2.2,Sh,2,2,V,,,,,,830
3249,2021,494,5.6,Me,1,1,B,,,,,,830
3250,2021,495,1.96,Sh,4,1,V,,,,,,830
3251,2021,495,1.96,Sh,4,2,B,,,,,,830
3252,2021,495,1.96,Sh,4,3,S,0.0,0.0,,,,830
3253,2021,495,1.96,Sh,4,4,V,,,4.6,Sh,6.0,830
3254,2021,495,1.96,Sh,4,4,M,1.0,3.0,3.48,Sh,4.0,830
3255,2021,496,1.51,Sh,2,1,B,,,,,,830
3256,2021,496,1.51,Sh,2,2,S,0.0,0.0,,,,830
3257,2021,497,6.27,Me,4,1,V,,,0.82,Sh,2.0,830
3258,2021,497,6.27,Me,4,2,M,0.0,0.0,1.3,Sh,2.0,830
3259,2021,497,6.27,Me,4,2,M,0.0,0.0,1.21,Sh,4.0,830
3260,2021,497,6.27,Me,4,2,V,,,1.84,Sh,2.0,830
3261,2021,497,6.27,Me,4,3,S,0.0,0.0,,,,830
3262,2021,497,6.27,Me,4,4,M,,,,,,830
3263,2021,499,4.11,Sh,3,1,M,0.0,0.0,0.05,Sh,1.0,830
3264,2021,499,4.11,Sh,3,1,V,,,5.6,Me,8.0,830
3265,2021,499,4.11,Sh,3,1,V,,,1.79,Sh,3.0,830
3266,2021,499,4.11,Sh,3,2,M,0.0,0.0,4.62,Sh,3.0,830
3267,2021,499,4.11,Sh,3,3,V,,,,,,830
3268,2021,500,4.27,Sh,7,1,V,,,0.32,Sh,1.0,830
3269,2021,500,4.27,Sh,7,1,M,,,,,,830
3270,2021,500,4.27,Sh,7,2,V,,,2.91,Sh,2.0,830
3271,2021,500,4.27,Sh,7,3,M,1.0,3.0,5.15,Me,5.0,830
3272,2021,500,4.27,Sh,7,4,B,,,,,,830
3273,2021,500,4.27,Sh,7,5,M,0.0,0.0,1.42,Sh,2.0,830
3274,2021,500,4.27,Sh,7,6,V,,,4.35,Sh,5.0,830
3275,2021,500,4.27,Sh,7,6,M,0.0,0.0,1.09,Sh,3.0,830
3276,2021,500,4.27,Sh,7,6,M,0.0,0.0,1.76,Sh,1.0,830
3277,2021,500,4.27,Sh,7,7,M,0.0,0.0,7.89,Me,7.0,830
3278,2021,500,4.27,Sh,7,7,V,,,9.28,Me,4.0,830
3279,2021,500,4.27,Sh,7,7,V,,,4.24,Sh,5.0,830
3280,2021,500,1.04,Sh,4,1,B,,,,,,830
3281,2021,500,1.04,Sh,4,2,M,0.0,0.0,0.72,Sh,3.0,830
3282,2021,500,1.04,Sh,4,3,M,0.0,0.0,2.36,Sh,6.0,830
3283,2021,500,1.04,Sh,4,4,V,,,7.35,Me,2.0,830
3284,2021,501,1.73,Sh,5,1,V,,,4.79,Sh,3.0,830
3285,2021,501,1.73,Sh,5,2,B,,,,,,830
3286,2021,501,1.73,Sh,5,3,M,1.0,2.0,0.16,Sh,1.0,830
3287,2021,501,1.73,Sh,5,3,V,,,4.88,Sh,2.0,830
3288,2021,501,1.73,Sh,5,4,M,0.0,0.0,2.28,Sh,5.0,830
3289,2021,501,1.73,Sh,5,5,M,0.0,0.0,1.34,Sh,2.0,830
3290,2021,501,1.73,Sh,5,5,V,,,2.64,Sh,2.0,830
3291,2021,501,1.73,Sh,5,5,V,,,2.13,Sh,2.0,830
3292,2021,501,4.0,Sh,5,1,V,,,2.09,Sh,2.0,830
3293,2021,501,4.0,Sh,5,2,S,0.0,0.0,,,,830
3294,2021,501,4.0,Sh,5,3,S,0.0,0.0,,,,830
3295,2021,501,4.0,Sh,5,4,V,,,6.62,Me,7.0,830
3296,2021,501,4.0,Sh,5,4,V,,,2.82,Sh,5.0,830
3297,2021,501,4.0,Sh,5,5,S,0.0,0.0,,,,830
3298,2021,501,4.24,Sh,3,1,B,,,,,,830
3299,2021,501,4.24,Sh,3,2,V,,,3.52,Sh,5.0,830
3300,2021,501,4.24,Sh,3,3,B,,,,,,830
3301,2021,502,1.36,Sh,4,1,V,,,0.62,Sh,1.0,830
3302,2021,502,1.36,Sh,4,2,M,1.0,2.0,0.01,Sh,1.0,830
3303,2021,502,1.36,Sh,4,3,S,0.0,0.0,,,,830
3304,2021,502,1.36,Sh,4,4,M,1.0,4.0,7.82,Me,3.0,830
3305,2021,503,5.27,Me,7,1,V,,,2.21,Sh,4.0,830
3306,2021,503,5.27,Me,7,1,V,,,0.27,Sh,5.0,830
3307,2021,503,5.27,Me,7,2,M,,,,,,830
3308,2021,503,5.27,Me,7,3,M,0.0,0.0,1.09,Sh,3.0,830
3309,2021,503,5.27,Me,7,3,M,0.0,0.0,0.1,Sh,2.0,830
3310,2021,503,5.27,Me,7,4,B,,,,,,830
3311,2021,503,5.27,Me,7,5,M,1.0,1.0,4.12,Sh,3.0,830
3312,2021,503,5.27,Me,7,5,M,0.0,0.0,2.84,Sh,2.0,830
3313,2021,503,5.27,Me,7,5,M,,,,,,830
3314,2021,503,5.27,Me,7,6,V,,,0.92,Sh,5.0,830
3315,2021,503,5.27,Me,7,7,M,1.0,5.0,3.75,Sh,6.0,830
3316,2021,506,1.11,Sh,4,1,V,,,2.13,Sh,2.0,830
3317,2021,506,1.11,Sh,4,2,M,0.0,0.0,3.18,Sh,1.0,830
3318,2021,506,1.11,Sh,4,2,V,,,0.04,Sh,1.0,830
3319,2021,506,1.11,Sh,4,2,V,,,4.67,Sh,6.0,830
3320,2021,506,1.11,Sh,4,3,M,0.0,0.0,8.26,Me,4.0,830
3321,2021,506,1.11,Sh,4,3,M,0.0,0.0,3.71,Sh,3.0,830
3322,2021,506,1.11,Sh,4,3,V,,,3.26,Sh,1.0,830
3323,2021,506,1.11,Sh,4,3,M,0.0,0.0,3.62,Sh,5.0,830
3324,2021,506,1.11,Sh,4,4,M,0.0,0.0,1.16,Sh,1.0,830
3325,2021,507,1.45,Sh,2,1,V,,,,,,830
3326,2021,507,1.45,Sh,2,1,V,,,0.39,Sh,1.0,830
3327,2021,507,1.45,Sh,2,2,V,,,0.77,Sh,4.0,830
3328,2021,509,7.73,Me,4,1,B,,,,,,830
3329,2021,509,7.73,Me,4,2,V,,,1.2,Sh,3.0,830
3330,2021,509,7.73,Me,4,3,S,0.0,0.0,,,,830
3331,2021,509,7.73,Me,4,4,M,0.0,0.0,6.79,Me,5.0,830
3332,2021,509,7.73,Me,4,4,M,0.0,0.0,5.21,Me,2.0,830
3333,2021,509,7.73,Me,4,4,M,0.0,0.0,2.91,Sh,3.0,830
3334,2021,510,4.14,Sh,3,1,V,,,3.33,Sh,4.0,830
3335,2021,510,4.14,Sh,3,2,S,0.0,0.0,,,,830
3336,2021,510,4.14,Sh,3,3,B,,,,,,830
3337,2021,511,2.0,Sh,2,1,B,,,,,,830
3338,2021,511,2.0,Sh,2,2,V,,,0.02,Sh,1.0,830
3339,2021,511,2.0,Sh,2,2,M,0.0,0.0,1.96,Sh,1.0,830
3340,2021,511,2.0,Sh,2,2,M,0.0,0.0,1.54,Sh,5.0,830
3341,2021,512,2.96,Sh,4,1,V,,,,,,830
3342,2021,512,2.96,Sh,4,2,V,,,0.23,Sh,2.0,830
3343,2021,512,2.96,Sh,4,3,V,,,2.33,Sh,3.0,830
3344,2021,512,2.96,Sh,4,4,S,0.0,0.0,,,,830
3345,2021,513,1.55,Sh,2,1,B,,,,,,830
3346,2021,513,1.55,Sh,2,2,B,,,,,,830
3347,2021,514,4.68,Sh,9,1,V,,,1.23,Sh,6.0,830
3348,2021,514,4.68,Sh,9,2,M,0.0,0.0,1.25,Sh,3.0,830
3349,2021,514,4.68,Sh,9,3,B,,,,,,830
3350,2021,514,4.68,Sh,9,4,S,0.0,0.0,,,,830
3351,2021,514,4.68,Sh,9,5,B,,,,,,830
3352,2021,514,4.68,Sh,9,6,M,1.0,6.0,3.32,Sh,4.0,830
3353,2021,514,4.68,Sh,9,7,M,1.0,1.0,0.98,Sh,1.0,830
3354,2021,514,4.68,Sh,9,8,V,,,3.81,Sh,7.0,830
3355,2021,514,4.68,Sh,9,8,M,0.0,0.0,0.04,Sh,1.0,830
3356,2021,514,4.68,Sh,9,9,S,0.0,0.0,,,,830
3357,2021,515,3.81,Sh,2,1,B,,,,,,830
3358,2021,515,3.81,Sh,2,2,M,0.0,0.0,1.39,Sh,1.0,830
3359,2021,517,1.8,Sh,4,1,S,0.0,0.0,,,,830
3360,2021,517,1.8,Sh,4,2,S,0.0,0.0,,,,830
3361,2021,517,1.8,Sh,4,3,S,0.0,0.0,,,,830
3362,2021,517,1.8,Sh,4,4,S,0.0,0.0,,,,830
3363,2021,519,4.54,Sh,7,1,M,,,,,,830
3364,2021,519,4.54,Sh,7,2,B,,,,,,830
3365,2021,519,4.54,Sh,7,3,B,,,,,,830
3366,2021,519,4.54,Sh,7,4,V,,,4.06,Sh,5.0,830
3367,2021,519,4.54,Sh,7,4,M,1.0,3.0,8.03,Me,5.0,830
3368,2021,519,4.54,Sh,7,5,M,,,,,,830
3369,2021,519,4.54,Sh,7,5,V,,,1.29,Sh,3.0,830
3370,2021,519,4.54,Sh,7,6,V,,,3.8,Sh,3.0,830
3371,2021,519,4.54,Sh,7,7,V,,,5.24,Me,5.0,830
3372,2021,520,0.58,Sh,3,1,M,,,,,,830
3373,2021,520,0.58,Sh,3,1,V,,,5.79,Me,3.0,830
3374,2021,520,0.58,Sh,3,2,B,,,,,,830
3375,2021,520,0.58,Sh,3,3,B,,,,,,830
3376,2021,522,3.83,Sh,4,1,B,,,,,,830
3377,2021,522,3.83,Sh,4,2,V,,,3.11,Sh,5.0,830
3378,2021,522,3.83,Sh,4,3,B,,,,,,830
3379,2021,522,3.83,Sh,4,4,M,0.0,0.0,1.06,Sh,3.0,830
3380,2021,523,1.64,Sh,2,1,S,0.0,0.0,,,,830
3381,2021,523,1.64,Sh,2,2,V,,,0.04,Sh,1.0,830
3382,2021,523,1.83,Sh,4,1,B,,,,,,830
3383,2021,523,1.83,Sh,4,2,V,,,1.38,Sh,4.0,830
3384,2021,523,1.83,Sh,4,2,V,,,,,,830
3385,2021,523,1.83,Sh,4,3,V,,,,,,830
3386,2021,523,1.83,Sh,4,4,B,,,,,,830
3387,2021,525,9.6,Me,4,1,B,,,,,,830
3388,2021,525,9.6,Me,4,2,B,,,,,,830
3389,2021,525,9.6,Me,4,3,S,0.0,0.0,,,,830
3390,2021,525,9.6,Me,4,4,M,0.0,0.0,5.47,Me,5.0,830
3391,2021,526,3.23,Sh,3,1,B,,,,,,830
3392,2021,526,3.23,Sh,3,2,B,,,,,,830
3393,2021,526,3.23,Sh,3,3,V,,,3.76,Sh,5.0,830
3394,2021,527,3.85,Sh,6,1,M,1.0,1.0,2.12,Sh,4.0,830
3395,2021,527,3.85,Sh,6,2,V,,,,,,830
3396,2021,527,3.85,Sh,6,3,V,,,0.8,Sh,3.0,830
3397,2021,527,3.85,Sh,6,4,S,0.0,0.0,,,,830
3398,2021,527,3.85,Sh,6,5,M,0.0,0.0,9.26,Me,6.0,830
3399,2021,527,3.85,Sh,6,6,B,,,,,,830
3400,2021,528,2.06,Sh,3,1,S,0.0,0.0,,,,830
3401,2021,528,2.06,Sh,3,2,S,0.0,0.0,,,,830
3402,2021,528,2.06,Sh,3,3,V,,,4.54,Sh,2.0,830
3403,2021,529,6.76,Me,2,1,V,,,0.07,Sh,2.0,830
3404,2021,529,6.76,Me,2,2,M,0.0,0.0,1.92,Sh,2.0,830
3405,2021,530,2.97,Sh,4,1,V,,,1.96,Sh,4.0,830
3406,2021,530,2.97,Sh,4,2,B,,,,,,830
3407,2021,530,2.97,Sh,4,3,B,,,,,,830
3408,2021,530,2.97,Sh,4,4,M,0.0,0.0,5.48,Me,6.0,830
3409,2021,530,2.97,Sh,4,4,V,,,4.83,Sh,4.0,830
3410,2021,530,2.97,Sh,4,4,M,0.0,0.0,3.7,Sh,6.0,830
3411,2021,531,1.2,Sh,2,1,M,0.0,0.0,2.05,Sh,3.0,830
3412,2021,531,1.2,Sh,2,2,B,,,,,,830
3413,2021,532,0.27,Sh,2,1,S,0.0,0.0,,,,830
3414,2021,532,0.27,Sh,2,2,V,,,4.55,Sh,4.0,830
3415,2021,534,0.55,Sh,1,1,B,,,,,,830
3416,2021,535,8.32,Me,7,1,V,,,0.62,Sh,4.0,830
3417,2021,535,8.32,Me,7,2,B,,,,,,830
3418,2021,535,8.32,Me,7,3,V,,,1.4,Sh,2.0,830
3419,2021,535,8.32,Me,7,3,M,1.0,2.0,3.29,Sh,4.0,830
3420,2021,535,8.32,Me,7,4,B,,,,,,830
3421,2021,535,8.32,Me,7,5,V,,,,,,830
3422,2021,535,8.32,Me,7,5,V,,,2.61,Sh,1.0,830
3423,2021,535,8.32,Me,7,6,M,0.0,0.0,0.07,Sh,1.0,830
3424,2021,535,8.32,Me,7,6,M,0.0,0.0,6.43,Me,4.0,830
3425,2021,535,8.32,Me,7,7,V,,,1.34,Sh,4.0,830
3426,2021,535,8.32,Me,7,7,M,0.0,0.0,9.33,Me,8.0,830
3427,2021,536,2.01,Sh,4,1,V,,,1.28,Sh,2.0,830
3428,2021,536,2.01,Sh,4,2,V,,,7.05,Me,6.0,830
3429,2021,536,2.01,Sh,4,3,S,0.0,0.0,,,,830
3430,2021,536,2.01,Sh,4,4,S,0.0,0.0,,,,830
3431,2021,537,1.02,Sh,3,1,B,,,,,,830
3432,2021,537,1.02,Sh,3,2,S,0.0,0.0,,,,830
3433,2021,537,1.02,Sh,3,3,B,,,,,,830
3434,2021,537,0.81,Sh,2,1,B,,,,,,830
3435,2021,537,0.81,Sh,2,2,S,0.0,0.0,,,,830
3436,2021,539,0.41,Sh,2,1,S,0.0,0.0,,,,830
3437,2021,539,0.41,Sh,2,2,M,1.0,2.0,1.31,Sh,3.0,830
3438,2021,539,0.41,Sh,2,2,V,,,0.54,Sh,1.0,830
3439,2021,539,0.41,Sh,2,2,V,,,4.49,Sh,4.0,830
3440,2021,539,0.41,Sh,2,2,V,,,6.66,Me,5.0,830
3441,2021,540,2.3,Sh,4,1,V,,,,,,830
3442,2021,540,2.3,Sh,4,2,S,0.0,0.0,,,,830
3443,2021,540,2.3,Sh,4,3,S,0.0,0.0,,,,830
3444,2021,540,2.3,Sh,4,4,V,,,5.9,Me,5.0,830
3445,2021,540,2.3,Sh,4,4,M,0.0,0.0,2.68,Sh,2.0,830
3446,2021,541,1.91,Sh,5,1,M,,,,,,830
3447,2021,541,1.91,Sh,5,2,V,,,,,,830
3448,2021,541,1.91,Sh,5,2,V,,,3.19,Sh,7.0,830
3449,2021,541,1.91,Sh,5,2,V,,,1.87,Sh,4.0,830
3450,2021,541,1.91,Sh,5,3,M,1.0,1.0,3.0,Sh,3.0,830
3451,2021,541,1.91,Sh,5,4,V,,,8.16,Me,4.0,830
3452,2021,541,1.91,Sh,5,4,M,0.0,0.0,2.55,Sh,4.0,830
3453,2021,541,1.91,Sh,5,5,M,0.0,0.0,7.98,Me,5.0,830
3454,2021,542,5.61,Me,7,1,M,,,,,,830
3455,2021,542,5.61,Me,7,2,M,,,,,,830
3456,2021,542,5.61,Me,7,2,V,,,0.17,Sh,5.0,830
3457,2021,542,5.61,Me,7,3,M,,,,,,830
3458,2021,542,5.61,Me,7,4,S,0.0,0.0,,,,830
3459,2021,542,5.61,Me,7,5,S,0.0,0.0,,,,830
3460,2021,542,5.61,Me,7,6,M,0.0,0.0,5.09,Me,8.0,830
3461,2021,542,5.61,Me,7,7,M,0.0,0.0,6.14,Me,8.0,830
3462,2021,543,0.75,Sh,2,1,B,,,,,,830
3463,2021,543,0.75,Sh,2,2,B,,,,,,830
3464,2021,544,4.08,Sh,6,1,V,,,,,,830
3465,2021,544,4.08,Sh,6,2,M,0.0,0.0,0.92,Sh,5.0,830
3466,2021,544,4.08,Sh,6,3,V,,,2.63,Sh,4.0,830
3467,2021,544,4.08,Sh,6,3,V,,,0.44,Sh,3.0,830
3468,2021,544,4.08,Sh,6,4,B,,,,,,830
3469,2021,544,4.08,Sh,6,5,M,0.0,0.0,4.01,Sh,4.0,830
3470,2021,544,4.08,Sh,6,6,M,0.0,0.0,7.12,Me,6.0,830
3471,2021,544,4.08,Sh,6,6,M,1.0,3.0,2.16,Sh,1.0,830
3472,2021,545,5.56,Me,4,1,B,,,,,,830
3473,2021,545,5.56,Me,4,2,M,1.0,2.0,0.57,Sh,4.0,830
3474,2021,545,5.56,Me,4,3,V,,,1.87,Sh,1.0,830
3475,2021,545,5.56,Me,4,4,M,1.0,3.0,2.08,Sh,1.0,830
3476,2021,546,2.28,Sh,4,1,B,,,,,,830
3477,2021,546,2.28,Sh,4,2,S,0.0,0.0,,,,830
3478,2021,546,2.28,Sh,4,3,B,,,,,,830
3479,2021,546,2.28,Sh,4,4,V,,,10.42,Me,7.0,830
3480,2021,548,0.41,Sh,1,1,B,,,,,,830
3481,2021,550,1.4,Sh,4,1,B,,,,,,830
3482,2021,550,1.4,Sh,4,2,V,,,2.29,Sh,4.0,830
3483,2021,550,1.4,Sh,4,3,M,1.0,4.0,5.15,Me,3.0,830
3484,2021,550,1.4,Sh,4,3,M,1.0,2.0,2.04,Sh,5.0,830
3485,2021,550,1.4,Sh,4,3,V,,,5.18,Me,6.0,830
3486,2021,550,1.4,Sh,4,4,M,0.0,0.0,11.43,Me,6.0,830
3487,2021,550,1.4,Sh,4,4,V,,,4.51,Sh,3.0,830
3488,2021,553,6.92,Me,6,1,B,,,,,,830
3489,2021,553,6.92,Me,6,2,V,,,3.72,Sh,4.0,830
3490,2021,553,6.92,Me,6,2,V,,,2.56,Sh,4.0,830
3491,2021,553,6.92,Me,6,2,V,,,,,,830
3492,2021,553,6.92,Me,6,2,V,,,,,,830
3493,2021,553,6.92,Me,6,3,M,1.0,1.0,0.52,Sh,4.0,830
3494,2021,553,6.92,Me,6,4,S,0.0,0.0,,,,830
3495,2021,553,6.92,Me,6,5,S,0.0,0.0,,,,830
3496,2021,553,6.92,Me,6,6,M,1.0,5.0,1.62,Sh,3.0,830
3497,2021,554,2.56,Sh,4,1,M,0.0,0.0,0.52,Sh,2.0,830
3498,2021,554,2.56,Sh,4,2,M,1.0,2.0,1.99,Sh,6.0,830
3499,2021,554,2.56,Sh,4,2,M,0.0,0.0,1.11,Sh,4.0,830
3500,2021,554,2.56,Sh,4,2,V,,,5.19,Me,3.0,830
3501,2021,554,2.56,Sh,4,3,M,0.0,0.0,2.33,Sh,3.0,830
3502,2021,554,2.56,Sh,4,4,S,0.0,0.0,,,,830
3503,2021,555,5.85,Me,5,1,M,0.0,0.0,5.45,Me,6.0,830
3504,2021,555,5.85,Me,5,1,V,,,5.33,Me,6.0,830
3505,2021,555,5.85,Me,5,2,B,,,,,,830
3506,2021,555,5.85,Me,5,3,S,0.0,0.0,,,,830
3507,2021,555,5.85,Me,5,4,M,0.0,0.0,1.6,Sh,3.0,830
3508,2021,555,5.85,Me,5,5,V,,,4.18,Sh,4.0,830
3509,2021,555,5.85,Me,5,5,M,0.0,0.0,3.32,Sh,1.0,830
3510,2021,556,1.72,Sh,4,1,B,,,,,,830
3511,2021,556,1.72,Sh,4,2,V,,,1.39,Sh,2.0,830
3512,2021,556,1.72,Sh,4,3,V,,,0.75,Sh,4.0,830
3513,2021,556,1.72,Sh,4,3,M,0.0,0.0,0.42,Sh,3.0,830
3514,2021,556,1.72,Sh,4,3,M,0.0,0.0,1.03,Sh,5.0,830
3515,2021,556,1.72,Sh,4,4,M,0.0,0.0,5.41,Me,2.0,830
3516,2021,556,1.27,Sh,6,1,B,,,,,,830
3517,2021,556,1.27,Sh,6,2,V,,,1.82,Sh,1.0,830
3518,2021,556,1.27,Sh,6,2,V,,,4.07,Sh,7.0,830
3519,2021,556,1.27,Sh,6,3,S,0.0,0.0,,,,830
3520,2021,556,1.27,Sh,6,4,M,1.0,3.0,6.06,Me,6.0,830
3521,2021,556,1.27,Sh,6,5,V,,,4.31,Sh,3.0,830
3522,2021,556,1.27,Sh,6,6,V,,,2.43,Sh,3.0,830
3523,2021,557,6.93,Me,5,1,B,,,,,,830
3524,2021,557,6.93,Me,5,2,V,,,,,,830
3525,2021,557,6.93,Me,5,3,S,0.0,0.0,,,,830
3526,2021,557,6.93,Me,5,4,M,1.0,5.0,8.02,Me,5.0,830
3527,2021,557,6.93,Me,5,5,V,,,5.6,Me,4.0,830
3528,2021,557,6.93,Me,5,5,V,,,3.58,Sh,3.0,830
3529,2021,559,4.84,Sh,1,1,B,,,,,,830
3530,2021,560,3.29,Sh,6,1,B,,,,,,830
3531,2021,560,3.29,Sh,6,2,V,,,2.04,Sh,5.0,830
3532,2021,560,3.29,Sh,6,3,V,,,1.96,Sh,3.0,830
3533,2021,560,3.29,Sh,6,3,M,0.0,0.0,3.44,Sh,5.0,830
3534,2021,560,3.29,Sh,6,4,S,0.0,0.0,,,,830
3535,2021,560,3.29,Sh,6,5,V,,,3.15,Sh,2.0,830
3536,2021,560,3.29,Sh,6,5,M,,,,,,830
3537,2021,560,3.29,Sh,6,6,M,,,,,,830
3538,2021,560,3.29,Sh,6,6,V,,,4.67,Sh,7.0,830
3539,2021,560,3.29,Sh,6,6,V,,,4.47,Sh,3.0,830
3540,2021,560,3.29,Sh,6,6,M,0.0,0.0,3.66,Sh,3.0,830
3541,2021,560,3.29,Sh,6,6,M,0.0,0.0,3.5,Sh,3.0,830
3542,2021,561,9.22,Me,5,1,V,,,2.06,Sh,4.0,830
3543,2021,561,9.22,Me,5,2,V,,,,,,830
3544,2021,561,9.22,Me,5,3,V,,,4.75,Sh,5.0,830
3545,2021,561,9.22,Me,5,4,M,0.0,0.0,1.02,Sh,2.0,830
3546,2021,561,9.22,Me,5,5,M,1.0,5.0,6.14,Me,7.0,830
3547,2021,565,3.92,Sh,1,1,S,0.0,0.0,,,,830
3548,2021,566,0.22,Sh,1,1,B,,,,,,830
3549,2021,567,4.98,Sh,2,1,V,,,4.39,Sh,5.0,830
3550,2021,567,4.98,Sh,2,2,V,,,3.4,Sh,5.0,830
3551,2021,570,2.84,Sh,4,1,V,,,0.98,Sh,2.0,830
3552,2021,570,2.84,Sh,4,2,S,0.0,0.0,,,,830
3553,2021,570,2.84,Sh,4,3,S,0.0,0.0,,,,830
3554,2021,570,2.84,Sh,4,4,B,,,,,,830
3555,2021,571,1.21,Sh,4,1,V,,,4.2,Sh,6.0,830
3556,2021,571,1.21,Sh,4,2,S,0.0,0.0,,,,830
3557,2021,571,1.21,Sh,4,3,M,0.0,0.0,2.03,Sh,1.0,830
3558,2021,571,1.21,Sh,4,4,M,0.0,0.0,4.73,Sh,4.0,830
3559,2021,572,3.17,Sh,2,1,S,0.0,0.0,,,,830
3560,2021,572,3.17,Sh,2,2,V,,,2.92,Sh,5.0,830
3561,2021,574,0.48,Sh,3,1,B,,,,,,830
3562,2021,574,0.48,Sh,3,2,V,,,,,,830
3563,2021,574,0.48,Sh,3,3,V,,,0.59,Sh,3.0,830
3564,2021,574,0.48,Sh,3,3,M,0.0,0.0,0.02,Sh,1.0,830
3565,2021,574,0.48,Sh,3,3,V,,,4.68,Sh,5.0,830
3566,2021,577,2.51,Sh,3,1,V,,,2.36,Sh,2.0,830
3567,2021,577,2.51,Sh,3,1,M,0.0,0.0,3.5,Sh,4.0,830
3568,2021,577,2.51,Sh,3,2,B,,,,,,830
3569,2021,577,2.51,Sh,3,3,B,,,,,,830
3570,2021,578,1.59,Sh,2,1,S,0.0,0.0,,,,830
3571,2021,578,1.59,Sh,2,2,M,1.0,1.0,8.08,Me,7.0,830
3572,2021,578,1.59,Sh,2,2,V,,,1.72,Sh,2.0,830
3573,2021,579,1.18,Sh,2,1,B,,,,,,830
3574,2021,579,1.18,Sh,2,2,V,,,1.17,Sh,5.0,830
3575,2021,580,2.81,Sh,4,1,V,,,0.51,Sh,1.0,830
3576,2021,580,2.81,Sh,4,2,V,,,0.71,Sh,1.0,830
3577,2021,580,2.81,Sh,4,2,V,,,7.45,Me,7.0,830
3578,2021,580,2.81,Sh,4,3,S,0.0,0.0,,,,830
3579,2021,580,2.81,Sh,4,4,V,,,,,,830
3580,2021,580,2.81,Sh,4,4,V,,,5.2,Me,7.0,830
3581,2021,581,1.73,Sh,3,1,B,,,,,,830
3582,2021,581,1.73,Sh,3,2,V,,,4.44,Sh,4.0,830
3583,2021,581,1.73,Sh,3,3,S,0.0,0.0,,,,830
3584,2021,582,2.86,Sh,5,1,B,,,,,,830
3585,2021,582,2.86,Sh,5,2,B,,,,,,830
3586,2021,582,2.86,Sh,5,3,S,0.0,0.0,,,,830
3587,2021,582,2.86,Sh,5,4,V,,,3.91,Sh,4.0,830
3588,2021,582,2.86,Sh,5,5,M,0.0,0.0,5.31,Me,6.0,830
3589,2021,583,7.33,Me,5,1,S,0.0,0.0,,,,830
3590,2021,583,7.33,Me,5,2,S,0.0,0.0,,,,830
3591,2021,583,7.33,Me,5,3,S,0.0,0.0,,,,830
3592,2021,583,7.33,Me,5,4,V,,,2.1,Sh,3.0,830
3593,2021,583,7.33,Me,5,5,M,0.0,0.0,5.77,Me,2.0,830
3594,2021,584,5.35,Me,2,1,V,,,2.46,Sh,8.0,830
3595,2021,584,5.35,Me,2,2,V,,,5.03,Me,4.0,830
3596,2021,584,5.35,Me,2,2,V,,,1.65,Sh,1.0,830
3597,2021,584,5.35,Me,2,2,M,,,,,,830
3598,2021,585,1.58,Sh,1,1,S,0.0,0.0,,,,830
3599,2021,591,3.06,Sh,5,1,M,,,,,,830
3600,2021,591,3.06,Sh,5,2,V,,,0.0,Sh,,830
3601,2021,591,3.06,Sh,5,3,S,0.0,0.0,,,,830
3602,2021,591,3.06,Sh,5,4,B,,,,,,830
3603,2021,591,3.06,Sh,5,5,M,1.0,3.0,2.87,Sh,8.0,830
3604,2021,591,1.65,Sh,4,1,B,,,,,,830
3605,2021,591,1.65,Sh,4,2,B,,,,,,830
3606,2021,591,1.65,Sh,4,3,V,,,2.02,Sh,3.0,830
3607,2021,591,1.65,Sh,4,3,V,,,0.2,Sh,2.0,830
3608,2021,591,1.65,Sh,4,3,V,,,1.11,Sh,1.0,830
3609,2021,591,1.65,Sh,4,4,M,0.0,0.0,1.62,Sh,1.0,830
3610,2021,592,1.18,Sh,1,1,S,0.0,0.0,,,,830
3611,2021,592,2.53,Sh,4,1,V,,,1.22,Sh,4.0,830
3612,2021,592,2.53,Sh,4,2,S,0.0,0.0,,,,830
3613,2021,592,2.53,Sh,4,3,S,0.0,0.0,,,,830
3614,2021,592,2.53,Sh,4,4,S,0.0,0.0,,,,830
3615,2021,593,6.84,Me,4,1,V,,,5.67,Me,6.0,830
3616,2021,593,6.84,Me,4,1,V,,,0.92,Sh,4.0,830
3617,2021,593,6.84,Me,4,2,S,0.0,0.0,,,,830
3618,2021,593,6.84,Me,4,3,S,0.0,0.0,,,,830
3619,2021,593,6.84,Me,4,4,V,,,5.43,Me,7.0,830
3620,2021,593,6.84,Me,4,4,M,,,,,,830
3621,2021,594,4.59,Sh,4,1,B,,,,,,830
3622,2021,594,4.59,Sh,4,2,V,,,0.99,Sh,2.0,830
3623,2021,594,4.59,Sh,4,3,S,0.0,0.0,,,,830
3624,2021,594,4.59,Sh,4,4,S,0.0,0.0,,,,830
3625,2021,595,5.9,Me,9,1,V,,,2.08,Sh,2.0,830
3626,2021,595,5.9,Me,9,2,M,1.0,3.0,1.15,Sh,4.0,830
3627,2021,595,5.9,Me,9,2,V,,,,,,830
3628,2021,595,5.9,Me,9,3,V,,,3.24,Sh,5.0,830
3629,2021,595,5.9,Me,9,4,S,0.0,0.0,,,,830
3630,2021,595,5.9,Me,9,5,M,0.0,0.0,1.07,Sh,1.0,830
3631,2021,595,5.9,Me,9,5,M,0.0,0.0,2.08,Sh,4.0,830
3632,2021,595,5.9,Me,9,6,V,,,0.72,Sh,3.0,830
3633,2021,595,5.9,Me,9,7,M,0.0,0.0,4.75,Sh,3.0,830
3634,2021,595,5.9,Me,9,7,V,,,3.98,Sh,3.0,830
3635,2021,595,5.9,Me,9,8,M,0.0,0.0,7.95,Me,6.0,830
3636,2021,595,5.9,Me,9,9,S,0.0,0.0,,,,830
3637,2021,596,4.28,Sh,4,1,B,,,,,,830
3638,2021,596,4.28,Sh,4,2,B,,,,,,830
3639,2021,596,4.28,Sh,4,3,V,,,3.34,Sh,2.0,830
3640,2021,596,4.28,Sh,4,4,V,,,2.8,Sh,5.0,830
3641,2021,596,4.28,Sh,4,4,M,1.0,4.0,10.02,Me,3.0,830
3642,2021,597,2.81,Sh,3,1,V,,,3.57,Sh,1.0,830
3643,2021,597,2.81,Sh,3,1,V,,,1.53,Sh,2.0,830
3644,2021,597,2.81,Sh,3,1,M,0.0,0.0,3.35,Sh,4.0,830
3645,2021,597,2.81,Sh,3,1,M,0.0,0.0,1.83,Sh,2.0,830
3646,2021,597,2.81,Sh,3,2,S,0.0,0.0,,,,830
3647,2021,597,2.81,Sh,3,3,S,0.0,0.0,,,,830
3648,2021,598,14.91,Me,7,1,V,,,5.07,Me,7.0,830
3649,2021,598,14.91,Me,7,2,V,,,,,,830
3650,2021,598,14.91,Me,7,3,M,,,,,,830
3651,2021,598,14.91,Me,7,4,S,0.0,0.0,,,,830
3652,2021,598,14.91,Me,7,5,M,0.0,0.0,7.4,Me,8.0,830
3653,2021,598,14.91,Me,7,6,M,0.0,0.0,3.52,Sh,3.0,830
3654,2021,598,14.91,Me,7,6,M,0.0,0.0,1.89,Sh,4.0,830
3655,2021,598,14.91,Me,7,7,V,,,2.04,Sh,2.0,830
3656,2021,599,6.57,Me,6,1,B,,,,,,830
3657,2021,599,6.57,Me,6,2,S,0.0,0.0,,,,830
3658,2021,599,6.57,Me,6,3,V,,,1.23,Sh,2.0,830
3659,2021,599,6.57,Me,6,3,V,,,5.69,Me,7.0,830
3660,2021,599,6.57,Me,6,3,M,,,,,,830
3661,2021,599,6.57,Me,6,4,M,0.0,0.0,2.02,Sh,5.0,830
3662,2021,599,6.57,Me,6,4,V,,,1.43,Sh,2.0,830
3663,2021,599,6.57,Me,6,5,S,0.0,0.0,,,,830
3664,2021,599,6.57,Me,6,6,V,,,2.39,Sh,3.0,830
3665,2021,602,8.98,Me,9,1,V,,,2.61,Sh,5.0,830
3666,2021,602,8.98,Me,9,1,V,,,,,,830
3667,2021,602,8.98,Me,9,1,V,,,1.43,Sh,1.0,830
3668,2021,602,8.98,Me,9,1,V,,,,,,830
3669,2021,602,8.98,Me,9,2,V,,,1.49,Sh,2.0,830
3670,2021,602,8.98,Me,9,3,V,,,1.86,Sh,3.0,830
3671,2021,602,8.98,Me,9,4,S,0.0,0.0,,,,830
3672,2021,602,8.98,Me,9,5,S,0.0,0.0,,,,830
3673,2021,602,8.98,Me,9,6,S,0.0,0.0,,,,830
3674,2021,602,8.98,Me,9,7,M,0.0,0.0,5.31,Me,7.0,830
3675,2021,602,8.98,Me,9,8,M,1.0,1.0,10.23,Me,4.0,830
3676,2021,602,8.98,Me,9,8,M,0.0,0.0,0.7,Sh,2.0,830
3677,2021,602,8.98,Me,9,9,V,,,4.9,Sh,5.0,830
3678,2021,602,8.98,Me,9,9,M,0.0,0.0,0.14,Sh,1.0,830
3679,2021,603,10.83,Me,9,1,B,,,,,,830
3680,2021,603,10.83,Me,9,2,B,,,,,,830
3681,2021,603,10.83,Me,9,3,M,0.0,0.0,1.65,Sh,3.0,830
3682,2021,603,10.83,Me,9,4,V,,,1.22,Sh,2.0,830
3683,2021,603,10.83,Me,9,5,S,0.0,0.0,,,,830
3684,2021,603,10.83,Me,9,6,V,,,2.43,Sh,2.0,830
3685,2021,603,10.83,Me,9,6,M,0.0,0.0,1.78,Sh,4.0,830
3686,2021,603,10.83,Me,9,6,M,0.0,0.0,7.92,Me,6.0,830
3687,2021,603,10.83,Me,9,7,M,1.0,3.0,0.04,Sh,5.0,830
3688,2021,603,10.83,Me,9,8,M,0.0,0.0,7.08,Me,4.0,830
3689,2021,603,10.83,Me,9,8,M,,,,,,830
3690,2021,603,10.83,Me,9,9,M,0.0,0.0,4.36,Sh,4.0,830
3691,2021,604,4.27,Sh,2,1,V,,,,,,830
3692,2021,604,4.27,Sh,2,2,V,,,1.16,Sh,2.0,830
3693,2021,605,1.93,Sh,3,1,S,0.0,0.0,,,,830
3694,2021,605,1.93,Sh,3,2,V,,,0.06,Sh,2.0,830
3695,2021,605,1.93,Sh,3,3,B,,,,,,830
3696,2021,606,8.65,Me,6,1,B,,,,,,830
3697,2021,606,8.65,Me,6,2,B,,,,,,830
3698,2021,606,8.65,Me,6,3,V,,,6.32,Me,1.0,830
3699,2021,606,8.65,Me,6,4,V,,,3.38,Sh,3.0,830
3700,2021,606,8.65,Me,6,5,V,,,9.81,Me,6.0,830
3701,2021,606,8.65,Me,6,5,M,0.0,0.0,0.87,Sh,3.0,830
3702,2021,606,8.65,Me,6,5,M,0.0,0.0,0.31,Sh,1.0,830
3703,2021,606,8.65,Me,6,6,M,0.0,0.0,3.74,Sh,2.0,830
3704,2021,606,8.65,Me,6,6,V,,,7.72,Me,6.0,830
3705,2021,606,8.65,Me,6,6,V,,,3.86,Sh,3.0,830
3706,2021,606,8.65,Me,6,6,M,0.0,0.0,3.24,Sh,4.0,830
3707,2021,606,8.65,Me,6,6,M,0.0,0.0,3.3,Sh,4.0,830
3708,2021,607,5.39,Me,5,1,V,,,0.35,Sh,1.0,830
3709,2021,607,5.39,Me,5,2,V,,,2.36,Sh,1.0,830
3710,2021,607,5.39,Me,5,3,B,,,,,,830
3711,2021,607,5.39,Me,5,4,M,0.0,0.0,5.05,Me,1.0,830
3712,2021,607,5.39,Me,5,5,V,,,,,,830
3713,2021,607,5.39,Me,5,5,V,,,2.11,Sh,2.0,830
3714,2021,608,5.76,Me,8,1,S,0.0,0.0,,,,830
3715,2021,608,5.76,Me,8,2,V,,,,,,830
3716,2021,608,5.76,Me,8,3,V,,,1.79,Sh,4.0,830
3717,2021,608,5.76,Me,8,3,V,,,4.65,Sh,2.0,830
3718,2021,608,5.76,Me,8,4,V,,,4.92,Sh,6.0,830
3719,2021,608,5.76,Me,8,4,M,0.0,0.0,0.03,Sh,2.0,830
3720,2021,608,5.76,Me,8,4,M,1.0,5.0,4.56,Sh,4.0,830
3721,2021,608,5.76,Me,8,5,S,0.0,0.0,,,,830
3722,2021,608,5.76,Me,8,6,V,,,1.55,Sh,1.0,830
3723,2021,608,5.76,Me,8,7,M,0.0,0.0,5.36,Me,6.0,830
3724,2021,608,5.76,Me,8,8,S,0.0,0.0,,,,830
3725,2021,609,1.23,Sh,2,1,B,,,,,,830
3726,2021,609,1.23,Sh,2,2,V,,,11.19,Me,8.0,830
3727,2021,609,1.23,Sh,2,2,M,0.0,0.0,6.28,Me,6.0,830
3728,2021,609,1.23,Sh,2,2,V,,,8.78,Me,8.0,830
3729,2021,610,1.77,Sh,3,1,M,0.0,0.0,1.28,Sh,5.0,830
3730,2021,610,1.77,Sh,3,1,V,,,0.02,Sh,3.0,830
3731,2021,610,1.77,Sh,3,2,V,,,5.1,Me,2.0,830
3732,2021,610,1.77,Sh,3,2,V,,,,,,830
3733,2021,610,1.77,Sh,3,3,V,,,3.08,Sh,6.0,830
3734,2021,611,3.3,Sh,4,1,V,,,0.6,Sh,4.0,830
3735,2021,611,3.3,Sh,4,2,S,0.0,0.0,,,,830
3736,2021,611,3.3,Sh,4,3,S,0.0,0.0,,,,830
3737,2021,611,3.3,Sh,4,4,M,1.0,2.0,3.41,Sh,4.0,830
3738,2021,612,4.1,Sh,7,1,B,,,,,,830
3739,2021,612,4.1,Sh,7,2,M,,,,,,830
3740,2021,612,4.1,Sh,7,3,S,0.0,0.0,,,,830
3741,2021,612,4.1,Sh,7,4,B,,,,,,830
3742,2021,612,4.1,Sh,7,5,S,0.0,0.0,,,,830
3743,2021,612,4.1,Sh,7,6,M,0.0,0.0,2.22,Sh,3.0,830
3744,2021,612,4.1,Sh,7,6,M,0.0,0.0,3.1,Sh,2.0,830
3745,2021,612,4.1,Sh,7,6,M,0.0,0.0,4.1,Sh,1.0,830
3746,2021,612,4.1,Sh,7,6,M,0.0,0.0,5.0,Sh,4.0,830
3747,2021,612,4.1,Sh,7,7,S,0.0,0.0,,,,830
3748,2021,613,2.48,Sh,3,1,S,0.0,0.0,,,,830
3749,2021,613,2.48,Sh,3,2,S,0.0,0.0,,,,830
3750,2021,613,2.48,Sh,3,3,M,1.0,3.0,6.69,Me,5.0,830
3751,2021,614,5.08,Me,6,1,V,,,,,,830
3752,2021,614,5.08,Me,6,1,V,,,0.84,Sh,2.0,830
3753,2021,614,5.08,Me,6,2,V,,,2.95,Sh,1.0,830
3754,2021,614,5.08,Me,6,3,S,0.0,0.0,,,,830
3755,2021,614,5.08,Me,6,4,S,0.0,0.0,,,,830
3756,2021,614,5.08,Me,6,5,S,0.0,0.0,,,,830
3757,2021,614,5.08,Me,6,6,M,1.0,5.0,2.8,Sh,2.0,830
3758,2021,615,1.03,Sh,3,1,B,,,,,,830
3759,2021,615,1.03,Sh,3,2,S,0.0,0.0,,,,830
3760,2021,615,1.03,Sh,3,3,V,,,3.45,Sh,4.0,830
3761,2021,616,0.79,Sh,3,1,V,,,,,,830
3762,2021,616,0.79,Sh,3,1,V,,,1.07,Sh,3.0,830
3763,2021,616,0.79,Sh,3,1,V,,,0.99,Sh,1.0,830
3764,2021,616,0.79,Sh,3,2,B,,,,,,830
3765,2021,616,0.79,Sh,3,3,B,,,,,,830
3766,2021,617,0.5,Sh,1,1,B,,,,,,830
3767,2021,618,4.88,Sh,2,1,B,,,,,,830
3768,2021,618,4.88,Sh,2,2,M,1.0,5.0,0.94,Sh,2.0,830
3769,2021,619,4.21,Sh,4,1,M,0.0,0.0,4.29,Sh,6.0,830
3770,2021,619,4.21,Sh,4,1,V,,,0.71,Sh,1.0,830
3771,2021,619,4.21,Sh,4,1,V,,,,,,830
3772,2021,619,4.21,Sh,4,2,V,,,,,,830
3773,2021,619,4.21,Sh,4,3,S,0.0,0.0,,,,830
3774,2021,619,4.21,Sh,4,4,B,,,,,,830
3775,2021,620,4.36,Sh,5,1,M,0.0,0.0,0.42,Sh,5.0,830
3776,2021,620,4.36,Sh,5,2,V,,,1.04,Sh,2.0,830
3777,2021,620,4.36,Sh,5,3,S,0.0,0.0,,,,830
3778,2021,620,4.36,Sh,5,4,M,0.0,0.0,7.48,Me,2.0,830
3779,2021,620,4.36,Sh,5,5,S,0.0,0.0,,,,830
3780,2021,621,1.13,Sh,4,1,V,,,1.94,Sh,3.0,830
3781,2021,621,1.13,Sh,4,1,V,,,1.52,Sh,4.0,830
3782,2021,621,1.13,Sh,4,1,M,1.0,3.0,1.44,Sh,4.0,830
3783,2021,621,1.13,Sh,4,2,S,0.0,0.0,,,,830
3784,2021,621,1.13,Sh,4,3,B,,,,,,830
3785,2021,621,1.13,Sh,4,4,S,0.0,0.0,,,,830
3786,2021,622,3.96,Sh,4,1,B,,,,,,830
3787,2021,622,3.96,Sh,4,2,S,0.0,0.0,,,,830
3788,2021,622,3.96,Sh,4,3,B,,,,,,830
3789,2021,622,3.96,Sh,4,4,M,0.0,0.0,4.46,Sh,6.0,830
3790,2021,624,2.28,Sh,6,1,V,,,0.83,Sh,1.0,830
3791,2021,624,2.28,Sh,6,1,V,,,3.02,Sh,5.0,830
3792,2021,624,2.28,Sh,6,1,V,,,,,,830
3793,2021,624,2.28,Sh,6,1,M,0.0,0.0,0.76,Sh,3.0,830
3794,2021,624,2.28,Sh,6,2,M,0.0,0.0,3.72,Sh,6.0,830
3795,2021,624,2.28,Sh,6,2,V,,,0.85,Sh,3.0,830
3796,2021,624,2.28,Sh,6,2,V,,,1.05,Sh,3.0,830
3797,2021,624,2.28,Sh,6,3,B,,,,,,830
3798,2021,624,2.28,Sh,6,4,S,0.0,0.0,,,,830
3799,2021,624,2.28,Sh,6,5,M,0.0,0.0,2.49,Sh,3.0,830
3800,2021,624,2.28,Sh,6,5,V,,,4.09,Sh,3.0,830
3801,2021,624,2.28,Sh,6,5,M,,,,,,830
3802,2021,624,2.28,Sh,6,6,V,,,1.72,Sh,4.0,830
3803,2021,624,2.28,Sh,6,6,V,,,3.49,Sh,3.0,830
3804,2021,624,2.42,Sh,4,1,B,,,,,,830
3805,2021,624,2.42,Sh,4,2,B,,,,,,830
3806,2021,624,2.42,Sh,4,3,B,,,,,,830
3807,2021,624,2.42,Sh,4,4,V,,,2.96,Sh,2.0,830
3808,2021,624,2.42,Sh,4,4,M,0.0,0.0,0.81,Sh,2.0,830
3809,2021,625,0.58,Sh,1,1,V,,,3.61,Sh,6.0,830
3810,2021,625,0.58,Sh,1,1,V,,,5.48,Me,6.0,830
3811,2021,625,3.37,Sh,4,1,S,0.0,0.0,,,,830
3812,2021,625,3.37,Sh,4,2,S,0.0,0.0,,,,830
3813,2021,625,3.37,Sh,4,3,V,,,1.16,Sh,2.0,830
3814,2021,625,3.37,Sh,4,4,V,,,4.72,Sh,5.0,830
3815,2021,626,2.53,Sh,3,1,M,,,,,,830
3816,2021,626,2.53,Sh,3,2,S,0.0,0.0,,,,830
3817,2021,626,2.53,Sh,3,3,B,,,,,,830
3818,2021,627,5.07,Me,2,1,V,,,3.53,Sh,1.0,830
3819,2021,627,5.07,Me,2,2,V,,,7.29,Me,6.0,830
3820,2021,628,2.82,Sh,1,1,S,0.0,0.0,,,,830
3821,2021,629,7.8,Me,10,1,V,,,3.47,Sh,4.0,830
3822,2021,629,7.8,Me,10,2,V,,,,,,830
3823,2021,629,7.8,Me,10,2,M,0.0,0.0,2.17,Sh,4.0,830
3824,2021,629,7.8,Me,10,2,V,,,,,,830
3825,2021,629,7.8,Me,10,2,V,,,11.15,Me,4.0,830
3826,2021,629,7.8,Me,10,3,S,0.0,0.0,,,,830
3827,2021,629,7.8,Me,10,4,V,,,0.88,Sh,2.0,830
3828,2021,629,7.8,Me,10,5,V,,,0.2,Sh,3.0,830
3829,2021,629,7.8,Me,10,5,M,,,,,,830
3830,2021,629,7.8,Me,10,5,V,,,2.45,Sh,3.0,830
3831,2021,629,7.8,Me,10,6,S,0.0,0.0,,,,830
3832,2021,629,7.8,Me,10,7,S,0.0,0.0,,,,830
3833,2021,629,7.8,Me,10,8,S,0.0,0.0,,,,830
3834,2021,629,7.8,Me,10,9,S,0.0,0.0,,,,830
3835,2021,629,7.8,Me,10,10,M,1.0,4.0,6.9,Me,8.0,830
3836,2021,630,5.2,Me,4,1,S,0.0,0.0,,,,830
3837,2021,630,5.2,Me,4,2,M,1.0,1.0,0.36,Sh,3.0,830
3838,2021,630,5.2,Me,4,3,V,,,6.03,Me,6.0,830
3839,2021,630,5.2,Me,4,4,B,,,,,,830
3840,2021,632,2.01,Sh,3,1,B,,,,,,830
3841,2021,632,2.01,Sh,3,2,M,1.0,2.0,3.6,Sh,4.0,830
3842,2021,632,2.01,Sh,3,2,V,,,2.85,Sh,1.0,830
3843,2021,632,2.01,Sh,3,3,V,,,6.12,Me,3.0,830
3844,2021,633,0.56,Sh,1,1,V,,,2.15,Sh,6.0,830
3845,2021,634,3.26,Sh,2,1,B,,,,,,830
3846,2021,634,3.26,Sh,2,2,M,0.0,0.0,4.12,Sh,3.0,830
3847,2021,634,3.26,Sh,2,2,V,,,0.92,Sh,6.0,830
3848,2021,634,3.26,Sh,2,2,V,,,6.72,Me,5.0,830
3849,2021,635,2.94,Sh,2,1,S,0.0,0.0,,,,830
3850,2021,635,2.94,Sh,2,2,B,,,,,,830
3851,2021,636,4.13,Sh,3,1,V,,,0.1,Sh,2.0,830
3852,2021,636,4.13,Sh,3,2,B,,,,,,830
3853,2021,636,4.13,Sh,3,3,M,1.0,4.0,8.38,Me,5.0,830
3854,2021,636,4.13,Sh,3,3,M,0.0,0.0,0.15,Sh,2.0,830
3855,2021,636,4.13,Sh,3,3,V,,,4.17,Sh,5.0,830
3856,2021,637,9.55,Me,6,1,V,,,,,,830
3857,2021,637,9.55,Me,6,2,B,,,,,,830
3858,2021,637,9.55,Me,6,3,B,,,,,,830
3859,2021,637,9.55,Me,6,4,M,0.0,0.0,1.51,Sh,4.0,830
3860,2021,637,9.55,Me,6,4,M,1.0,2.0,5.45,Me,3.0,830
3861,2021,637,9.55,Me,6,5,S,0.0,0.0,,,,830
3862,2021,637,9.55,Me,6,6,M,,,,,,830
3863,2021,638,2.47,Sh,4,1,S,0.0,0.0,,,,830
3864,2021,638,2.47,Sh,4,2,S,0.0,0.0,,,,830
3865,2021,638,2.47,Sh,4,3,M,,,,,,830
3866,2021,638,2.47,Sh,4,3,M,0.0,0.0,3.12,Sh,1.0,830
3867,2021,638,2.47,Sh,4,4,M,0.0,0.0,3.66,Sh,6.0,830
3868,2021,638,2.47,Sh,4,4,M,1.0,4.0,3.04,Sh,2.0,830
3869,2021,639,4.45,Sh,4,1,V,,,0.75,Sh,1.0,830
3870,2021,639,4.45,Sh,4,2,B,,,,,,830
3871,2021,639,4.45,Sh,4,3,M,1.0,3.0,4.24,Sh,1.0,830
3872,2021,639,4.45,Sh,4,4,V,,,6.29,Me,5.0,830
3873,2021,641,4.73,Sh,5,1,V,,,,,,830
3874,2021,641,4.73,Sh,5,2,S,0.0,0.0,,,,830
3875,2021,641,4.73,Sh,5,3,S,0.0,0.0,,,,830
3876,2021,641,4.73,Sh,5,4,V,,,4.22,Sh,5.0,830
3877,2021,641,4.73,Sh,5,5,M,0.0,0.0,5.85,Me,5.0,830
3878,2021,643,2.57,Sh,3,1,B,,,,,,830
3879,2021,643,2.57,Sh,3,2,S,0.0,0.0,,,,830
3880,2021,643,2.57,Sh,3,3,V,,,5.45,Me,4.0,830
3881,2021,643,2.57,Sh,3,3,V,,,2.12,Sh,3.0,830
3882,2021,644,4.81,Sh,6,1,B,,,,,,830
3883,2021,644,4.81,Sh,6,2,M,1.0,1.0,1.62,Sh,5.0,830
3884,2021,644,4.81,Sh,6,3,V,,,1.33,Sh,5.0,830
3885,2021,644,4.81,Sh,6,4,S,0.0,0.0,,,,830
3886,2021,644,4.81,Sh,6,5,M,0.0,0.0,1.89,Sh,1.0,830
3887,2021,644,4.81,Sh,6,5,M,0.0,0.0,5.97,Me,5.0,830
3888,2021,644,4.81,Sh,6,6,M,0.0,0.0,0.01,Sh,3.0,830
3889,2021,645,5.04,Me,4,1,V,,,,,,830
3890,2021,645,5.04,Me,4,1,V,,,3.99,Sh,4.0,830
3891,2021,645,5.04,Me,4,2,S,0.0,0.0,,,,830
3892,2021,645,5.04,Me,4,3,M,0.0,0.0,2.78,Sh,2.0,830
3893,2021,645,5.04,Me,4,4,S,0.0,0.0,,,,830
3894,2021,646,7.86,Me,2,1,S,0.0,0.0,,,,830
3895,2021,646,7.86,Me,2,2,B,,,,,,830
3896,2021,647,0.58,Sh,3,1,B,,,,,,830
3897,2021,647,0.58,Sh,3,2,S,0.0,0.0,,,,830
3898,2021,647,0.58,Sh,3,3,M,0.0,0.0,5.16,Me,4.0,830
3899,2021,648,3.87,Sh,4,1,V,,,0.54,Sh,5.0,830
3900,2021,648,3.87,Sh,4,2,M,,,,,,830
3901,2021,648,3.87,Sh,4,2,M,0.0,0.0,5.68,Me,4.0,830
3902,2021,648,3.87,Sh,4,3,V,,,3.67,Sh,4.0,830
3903,2021,648,3.87,Sh,4,4,S,0.0,0.0,,,,830
3904,2021,649,1.05,Sh,5,1,M,,,,,,830
3905,2021,649,1.05,Sh,5,2,V,,,,,,830
3906,2021,649,1.05,Sh,5,3,S,0.0,0.0,,,,830
3907,2021,649,1.05,Sh,5,4,B,,,,,,830
3908,2021,649,1.05,Sh,5,5,V,,,6.32,Me,5.0,830
3909,2021,649,1.05,Sh,5,5,M,0.0,0.0,3.83,Sh,2.0,830
3910,2021,649,1.05,Sh,5,5,M,0.0,0.0,8.11,Me,4.0,830
3911,2021,649,1.05,Sh,5,5,M,0.0,0.0,9.27,Me,6.0,830
3912,2021,649,2.61,Sh,6,1,B,,,,,,830
3913,2021,649,2.61,Sh,6,2,V,,,,,,830
3914,2021,649,2.61,Sh,6,2,V,,,1.55,Sh,2.0,830
3915,2021,649,2.61,Sh,6,2,M,0.0,0.0,0.68,Sh,2.0,830
3916,2021,649,2.61,Sh,6,3,B,,,,,,830
3917,2021,649,2.61,Sh,6,4,B,,,,,,830
3918,2021,649,2.61,Sh,6,5,M,1.0,3.0,0.64,Sh,4.0,830
3919,2021,649,2.61,Sh,6,6,V,,,1.76,Sh,3.0,830
3920,2021,650,9.32,Me,3,1,M,0.0,0.0,1.62,Sh,5.0,830
3921,2021,650,9.32,Me,3,2,B,,,,,,830
3922,2021,650,9.32,Me,3,3,M,1.0,3.0,6.1,Me,5.0,830
3923,2021,650,9.32,Me,3,3,V,,,7.19,Me,6.0,830
3924,2021,651,6.0,Me,2,1,B,,,,,,830
3925,2021,651,6.0,Me,2,2,V,,,1.27,Sh,3.0,830
3926,2021,651,6.0,Me,2,2,V,,,6.03,Me,7.0,830
3927,2021,656,2.13,Sh,2,1,B,,,,,,830
3928,2021,656,2.13,Sh,2,2,M,,,,,,830
3929,2021,656,1.37,Sh,2,1,M,0.0,0.0,1.15,Sh,4.0,830
3930,2021,656,1.37,Sh,2,2,B,,,,,,830
3931,2021,656,1.12,Sh,3,1,B,,,,,,830
3932,2021,656,1.12,Sh,3,2,S,0.0,0.0,,,,830
3933,2021,656,1.12,Sh,3,3,V,,,4.6,Sh,4.0,830
3934,2021,656,1.12,Sh,3,3,V,,,8.22,Me,4.0,830
3935,2021,656,1.12,Sh,3,3,M,0.0,0.0,7.88,Me,4.0,830
3936,2021,657,2.71,Sh,4,1,S,0.0,0.0,,,,830
3937,2021,657,2.71,Sh,4,2,S,0.0,0.0,,,,830
3938,2021,657,2.71,Sh,4,3,M,0.0,0.0,1.5,Sh,4.0,830
3939,2021,657,2.71,Sh,4,4,M,0.0,0.0,9.16,Me,7.0,830
3940,2021,659,7.51,Me,6,1,B,,,,,,830
3941,2021,659,7.51,Me,6,2,M,0.0,0.0,1.24,Sh,4.0,830
3942,2021,659,7.51,Me,6,2,M,1.0,3.0,1.8,Sh,4.0,830
3943,2021,659,7.51,Me,6,3,S,0.0,0.0,,,,830
3944,2021,659,7.51,Me,6,4,S,0.0,0.0,,,,830
3945,2021,659,7.51,Me,6,5,S,0.0,0.0,,,,830
3946,2021,659,7.51,Me,6,6,S,0.0,0.0,,,,830
3947,2021,660,1.33,Sh,5,1,V,,,3.59,Sh,5.0,830
3948,2021,660,1.33,Sh,5,2,S,0.0,0.0,,,,830
3949,2021,660,1.33,Sh,5,3,V,,,3.48,Sh,3.0,830
3950,2021,660,1.33,Sh,5,4,V,,,2.72,Sh,5.0,830
3951,2021,660,1.33,Sh,5,5,M,1.0,2.0,0.33,Sh,3.0,830
3952,2021,661,0.96,Sh,5,1,B,,,,,,830
3953,2021,661,0.96,Sh,5,2,V,,,,,,830
3954,2021,661,0.96,Sh,5,2,V,,,3.74,Sh,4.0,830
3955,2021,661,0.96,Sh,5,2,V,,,0.78,Sh,1.0,830
3956,2021,661,0.96,Sh,5,3,S,0.0,0.0,,,,830
3957,2021,661,0.96,Sh,5,4,M,0.0,0.0,1.75,Sh,2.0,830
3958,2021,661,0.96,Sh,5,5,B,,,,,,830
3959,2021,663,2.01,Sh,1,1,B,,,,,,830
3960,2021,663,0.58,Sh,1,1,V,,,6.54,Me,6.0,830
3961,2021,664,0.88,Sh,1,1,M,0.0,0.0,0.35,Sh,2.0,830
3962,2021,664,2.36,Sh,5,1,V,,,0.01,Sh,1.0,830
3963,2021,664,2.36,Sh,5,2,M,0.0,0.0,0.46,Sh,2.0,830
3964,2021,664,2.36,Sh,5,3,V,,,4.72,Sh,3.0,830
3965,2021,664,2.36,Sh,5,4,S,0.0,0.0,,,,830
3966,2021,664,2.36,Sh,5,5,M,0.0,0.0,11.96,Me,10.0,830
3967,2021,664,2.36,Sh,5,5,V,,,6.78,Me,5.0,830
3968,2021,665,1.8,Sh,4,1,M,0.0,0.0,5.0,Sh,6.0,830
3969,2021,665,1.8,Sh,4,1,V,,,0.7,Sh,2.0,830
3970,2021,665,1.8,Sh,4,2,S,0.0,0.0,,,,830
3971,2021,665,1.8,Sh,4,3,V,,,3.2,Sh,1.0,830
3972,2021,665,1.8,Sh,4,3,V,,,2.96,Sh,5.0,830
3973,2021,665,1.8,Sh,4,4,B,,,,,,830
3974,2021,666,0.21,Sh,4,1,B,,,,,,830
3975,2021,666,0.21,Sh,4,2,S,0.0,0.0,,,,830
3976,2021,666,0.21,Sh,4,3,S,0.0,0.0,,,,830
3977,2021,666,0.21,Sh,4,4,V,,,6.35,Me,3.0,830
3978,2021,667,2.52,Sh,4,1,M,0.0,0.0,1.73,Sh,3.0,830
3979,2021,667,2.52,Sh,4,2,S,0.0,0.0,,,,830
3980,2021,667,2.52,Sh,4,3,B,,,,,,830
3981,2021,667,2.52,Sh,4,4,V,,,1.33,Sh,1.0,830
3982,2021,668,4.98,Sh,6,1,V,,,1.25,Sh,1.0,830
3983,2021,668,4.98,Sh,6,2,B,,,,,,830
3984,2021,668,4.98,Sh,6,3,M,0.0,0.0,4.49,Sh,6.0,830
3985,2021,668,4.98,Sh,6,3,V,,,5.52,Me,4.0,830
3986,2021,668,4.98,Sh,6,3,V,,,1.41,Sh,3.0,830
3987,2021,668,4.98,Sh,6,3,V,,,3.22,Sh,6.0,830
3988,2021,668,4.98,Sh,6,4,V,,,2.31,Sh,3.0,830
3989,2021,668,4.98,Sh,6,5,B,,,,,,830
3990,2021,668,4.98,Sh,6,6,M,1.0,3.0,2.85,Sh,2.0,830
3991,2021,668,4.98,Sh,6,6,M,0.0,0.0,5.06,Me,9.0,830
3992,2021,669,10.69,Me,5,1,V,,,1.25,Sh,1.0,830
3993,2021,669,10.69,Me,5,1,V,,,1.59,Sh,2.0,830
3994,2021,669,10.69,Me,5,2,B,,,,,,830
3995,2021,669,10.69,Me,5,3,S,0.0,0.0,,,,830
3996,2021,669,10.69,Me,5,4,S,0.0,0.0,,,,830
3997,2021,669,10.69,Me,5,5,M,0.0,0.0,1.94,Sh,1.0,830
3998,2021,669,10.69,Me,5,5,V,,,1.28,Sh,1.0,830
3999,2021,669,10.69,Me,5,5,V,,,7.92,Me,7.0,830
4000,2021,670,3.74,Sh,3,1,B,,,,,,830
4001,2021,670,3.74,Sh,3,2,B,,,,,,830
4002,2021,670,3.74,Sh,3,3,B,,,,,,830
4003,2021,671,1.92,Sh,4,1,M,0.0,0.0,3.32,Sh,7.0,830
4004,2021,671,1.92,Sh,4,2,S,0.0,0.0,,,,830
4005,2021,671,1.92,Sh,4,3,B,,,,,,830
4006,2021,671,1.92,Sh,4,4,M,1.0,2.0,2.75,Sh,1.0,830
4007,2021,672,6.79,Me,7,1,B,,,,,,830
4008,2021,672,6.79,Me,7,2,M,0.0,0.0,0.63,Sh,1.0,830
4009,2021,672,6.79,Me,7,3,S,0.0,0.0,,,,830
4010,2021,672,6.79,Me,7,4,M,0.0,0.0,5.65,Me,4.0,830
4011,2021,672,6.79,Me,7,5,M,,,,,,830
4012,2021,672,6.79,Me,7,6,M,1.0,6.0,4.82,Sh,4.0,830
4013,2021,672,6.79,Me,7,6,M,0.0,0.0,9.38,Me,4.0,830
4014,2021,672,6.79,Me,7,6,M,0.0,0.0,6.26,Me,7.0,830
4015,2021,672,6.79,Me,7,7,M,0.0,0.0,2.42,Sh,1.0,830
4016,2021,674,3.46,Sh,3,1,B,,,,,,830
4017,2021,674,3.46,Sh,3,2,S,0.0,0.0,,,,830
4018,2021,674,3.46,Sh,3,3,V,,,2.47,Sh,1.0,830
4019,2021,674,3.46,Sh,3,3,V,,,8.28,Me,5.0,830
4020,2021,675,2.32,Sh,5,1,M,0.0,0.0,1.32,Sh,2.0,830
4021,2021,675,2.32,Sh,5,2,B,,,,,,830
4022,2021,675,2.32,Sh,5,3,V,,,3.28,Sh,3.0,830
4023,2021,675,2.32,Sh,5,4,V,,,2.32,Sh,3.0,830
4024,2021,675,2.32,Sh,5,4,M,0.0,0.0,4.53,Sh,4.0,830
4025,2021,675,2.32,Sh,5,5,M,0.0,0.0,5.65,Me,9.0,830
4026,2021,675,2.32,Sh,5,5,M,0.0,0.0,6.08,Me,8.0,830
4027,2021,676,3.97,Sh,4,1,V,,,0.69,Sh,1.0,830
4028,2021,676,3.97,Sh,4,2,B,,,,,,830
4029,2021,676,3.97,Sh,4,3,M,1.0,4.0,1.31,Sh,5.0,830
4030,2021,676,3.97,Sh,4,3,M,1.0,1.0,3.7,Sh,4.0,830
4031,2021,676,3.97,Sh,4,4,M,0.0,0.0,2.97,Sh,2.0,830
4032,2021,678,5.0,Sh,6,1,V,,,4.82,Sh,6.0,830
4033,2021,678,5.0,Sh,6,2,V,,,3.39,Sh,1.0,830
4034,2021,678,5.0,Sh,6,3,M,,,,,,830
4035,2021,678,5.0,Sh,6,4,V,,,4.01,Sh,1.0,830
4036,2021,678,5.0,Sh,6,4,V,,,3.08,Sh,3.0,830
4037,2021,678,5.0,Sh,6,4,V,,,10.61,Me,7.0,830
4038,2021,678,5.0,Sh,6,4,V,,,2.92,Sh,1.0,830
4039,2021,678,5.0,Sh,6,5,B,,,,,,830
4040,2021,678,5.0,Sh,6,6,M,1.0,4.0,3.34,Sh,2.0,830
4041,2021,681,2.91,Sh,6,1,B,,,,,,830
4042,2021,681,2.91,Sh,6,2,M,0.0,0.0,4.08,Sh,4.0,830
4043,2021,681,2.91,Sh,6,3,V,,,0.7,Sh,3.0,830
4044,2021,681,2.91,Sh,6,4,V,,,0.48,Sh,1.0,830
4045,2021,681,2.91,Sh,6,5,M,1.0,4.0,3.69,Sh,6.0,830
4046,2021,681,2.91,Sh,6,6,V,,,6.69,Me,6.0,830
4047,2021,681,0.69,Sh,3,1,M,0.0,0.0,3.33,Sh,4.0,830
4048,2021,681,0.69,Sh,3,2,V,,,6.15,Me,8.0,830
4049,2021,681,0.69,Sh,3,3,V,,,3.94,Sh,4.0,830
4050,2021,684,0.87,Sh,1,1,V,,,4.25,Sh,3.0,830
4051,2021,684,0.87,Sh,1,1,V,,,2.34,Sh,1.0,830
4052,2021,685,4.6,Sh,6,1,M,1.0,2.0,1.73,Sh,7.0,830
4053,2021,685,4.6,Sh,6,2,B,,,,,,830
4054,2021,685,4.6,Sh,6,3,V,,,2.65,Sh,3.0,830
4055,2021,685,4.6,Sh,6,4,B,,,,,,830
4056,2021,685,4.6,Sh,6,5,S,0.0,0.0,,,,830
4057,2021,685,4.6,Sh,6,6,V,,,4.99,Sh,4.0,830
4058,2021,686,0.87,Sh,2,1,S,0.0,0.0,,,,830
4059,2021,686,0.87,Sh,2,2,B,,,,,,830
4060,2021,688,5.62,Me,2,1,B,,,,,,830
4061,2021,688,5.62,Me,2,2,B,,,,,,830
4062,2021,689,3.79,Sh,4,1,V,,,1.78,Sh,1.0,830
4063,2021,689,3.79,Sh,4,1,M,,,,,,830
4064,2021,689,3.79,Sh,4,2,B,,,,,,830
4065,2021,689,3.79,Sh,4,3,B,,,,,,830
4066,2021,689,3.79,Sh,4,4,V,,,4.51,Sh,6.0,830
4067,2021,689,3.79,Sh,4,4,V,,,4.83,Sh,6.0,830
4068,2021,690,0.23,Sh,2,1,M,0.0,0.0,2.89,Sh,2.0,830
4069,2021,690,0.23,Sh,2,2,V,,,2.67,Sh,4.0,830
4070,2021,691,2.44,Sh,4,1,V,,,0.28,Sh,1.0,830
4071,2021,691,2.44,Sh,4,2,B,,,,,,830
4072,2021,691,2.44,Sh,4,3,M,1.0,3.0,1.53,Sh,2.0,830
4073,2021,691,2.44,Sh,4,4,B,,,,,,830
4074,2021,693,5.87,Me,2,1,V,,,2.79,Sh,2.0,830
4075,2021,693,5.87,Me,2,2,B,,,,,,830
4076,2021,694,5.08,Me,3,1,B,,,,,,830
4077,2021,694,5.08,Me,3,2,S,0.0,0.0,,,,830
4078,2021,694,5.08,Me,3,3,V,,,,,,830
4079,2021,695,6.91,Me,4,1,M,1.0,3.0,2.62,Sh,1.0,830
4080,2021,695,6.91,Me,4,2,S,0.0,0.0,,,,830
4081,2021,695,6.91,Me,4,3,V,,,5.56,Me,5.0,830
4082,2021,695,6.91,Me,4,4,V,,,3.56,Sh,2.0,830
4083,2021,696,8.01,Me,9,1,B,,,,,,830
4084,2021,696,8.01,Me,9,2,S,0.0,0.0,,,,830
4085,2021,696,8.01,Me,9,3,V,,,3.32,Sh,4.0,830
4086,2021,696,8.01,Me,9,4,S,0.0,0.0,,,,830
4087,2021,696,8.01,Me,9,5,M,1.0,2.0,1.09,Sh,2.0,830
4088,2021,696,8.01,Me,9,6,V,,,4.09,Sh,2.0,830
4089,2021,696,8.01,Me,9,7,M,1.0,1.0,6.15,Me,6.0,830
4090,2021,696,8.01,Me,9,8,M,1.0,5.0,6.86,Me,8.0,830
4091,2021,696,8.01,Me,9,9,M,0.0,0.0,7.57,Me,4.0,830
4092,2021,697,6.98,Me,3,1,B,,,,,,830
4093,2021,697,6.98,Me,3,2,V,,,0.69,Sh,1.0,830
4094,2021,697,6.98,Me,3,2,V,,,2.43,Sh,5.0,830
4095,2021,697,6.98,Me,3,3,M,1.0,3.0,4.28,Sh,6.0,830
4096,2021,699,2.76,Sh,4,1,V,,,1.28,Sh,1.0,830
4097,2021,699,2.76,Sh,4,1,V,,,2.91,Sh,6.0,830
4098,2021,699,2.76,Sh,4,1,V,,,2.74,Sh,3.0,830
4099,2021,699,2.76,Sh,4,2,S,0.0,0.0,,,,830
4100,2021,699,2.76,Sh,4,3,B,,,,,,830
4101,2021,699,2.76,Sh,4,4,M,,,,,,830
4102,2021,699,0.65,Sh,2,1,M,0.0,0.0,3.05,Sh,8.0,830
4103,2021,699,0.65,Sh,2,1,V,,,2.39,Sh,1.0,830
4104,2021,699,0.65,Sh,2,2,V,,,3.92,Sh,2.0,830
4105,2021,699,0.65,Sh,2,2,M,0.0,0.0,2.97,Sh,6.0,830
4106,2021,700,6.91,Me,5,1,B,,,,,,830
4107,2021,700,6.91,Me,5,2,M,1.0,5.0,6.0,Me,4.0,830
4108,2021,700,6.91,Me,5,3,V,,,1.03,Sh,1.0,830
4109,2021,700,6.91,Me,5,3,V,,,4.57,Sh,3.0,830
4110,2021,700,6.91,Me,5,4,V,,,8.34,Me,4.0,830
4111,2021,700,6.91,Me,5,5,S,0.0,0.0,,,,830
4112,2021,701,1.22,Sh,1,1,S,0.0,0.0,,,,830
4113,2021,702,5.39,Me,6,1,M,0.0,0.0,3.32,Sh,5.0,830
4114,2021,702,5.39,Me,6,2,B,,,,,,830
4115,2021,702,5.39,Me,6,3,V,,,0.09,Sh,1.0,830
4116,2021,702,5.39,Me,6,4,M,1.0,1.0,5.93,Me,6.0,830
4117,2021,702,5.39,Me,6,5,M,1.0,1.0,3.84,Sh,5.0,830
4118,2021,702,5.39,Me,6,6,M,0.0,0.0,3.29,Sh,5.0,830
4119,2021,703,8.96,Me,3,1,M,0.0,0.0,3.26,Sh,3.0,830
4120,2021,703,8.96,Me,3,1,M,,,,,,830
4121,2021,703,8.96,Me,3,2,M,0.0,0.0,1.81,Sh,1.0,830
4122,2021,703,8.96,Me,3,3,V,,,,,,830
4123,2021,706,0.6,Sh,2,1,V,,,2.65,Sh,6.0,830
4124,2021,706,0.6,Sh,2,2,B,,,,,,830
4125,2021,707,0.12,Sh,3,1,B,,,,,,830
4126,2021,707,0.12,Sh,3,2,B,,,,,,830
4127,2021,707,0.12,Sh,3,3,V,,,2.56,Sh,3.0,830
4128,2021,708,1.7,Sh,1,1,M,0.0,0.0,1.4,Sh,3.0,830
4129,2021,709,1.3,Sh,1,1,B,,,,,,830
4130,2021,710,6.87,Me,6,1,V,,,1.81,Sh,2.0,830
4131,2021,710,6.87,Me,6,2,V,,,5.62,Me,4.0,830
4132,2021,710,6.87,Me,6,3,V,,,6.79,Me,8.0,830
4133,2021,710,6.87,Me,6,3,V,,,1.15,Sh,1.0,830
4134,2021,710,6.87,Me,6,4,M,0.0,0.0,5.75,Me,5.0,830
4135,2021,710,6.87,Me,6,5,V,,,,,,830
4136,2021,710,6.87,Me,6,5,M,0.0,0.0,6.09,Me,6.0,830
4137,2021,710,6.87,Me,6,6,M,1.0,4.0,0.94,Sh,3.0,830
4138,2021,711,1.32,Sh,2,1,S,0.0,0.0,,,,830
4139,2021,711,1.32,Sh,2,2,V,,,3.36,Sh,5.0,830
4140,2021,712,3.59,Sh,3,1,V,,,1.81,Sh,3.0,830
4141,2021,712,3.59,Sh,3,2,B,,,,,,830
4142,2021,712,3.59,Sh,3,3,S,0.0,0.0,,,,830
4143,2021,713,0.97,Sh,2,1,B,,,,,,830
4144,2021,713,0.97,Sh,2,2,M,1.0,2.0,8.01,Me,7.0,830
4145,2021,714,0.95,Sh,3,1,B,,,,,,830
4146,2021,714,0.95,Sh,3,2,S,0.0,0.0,,,,830
4147,2021,714,0.95,Sh,3,3,V,,,3.72,Sh,2.0,830
4148,2021,715,8.54,Me,8,1,B,,,,,,830
4149,2021,715,8.54,Me,8,2,M,,,,,,830
4150,2021,715,8.54,Me,8,2,M,0.0,0.0,0.55,Sh,3.0,830
4151,2021,715,8.54,Me,8,2,V,,,2.62,Sh,3.0,830
4152,2021,715,8.54,Me,8,2,V,,,3.87,Sh,2.0,830
4153,2021,715,8.54,Me,8,3,S,0.0,0.0,,,,830
4154,2021,715,8.54,Me,8,4,M,1.0,1.0,1.09,Sh,3.0,830
4155,2021,715,8.54,Me,8,5,V,,,7.38,Me,5.0,830
4156,2021,715,8.54,Me,8,6,M,0.0,0.0,3.31,Sh,6.0,830
4157,2021,715,8.54,Me,8,7,M,1.0,3.0,2.7,Sh,6.0,830
4158,2021,715,8.54,Me,8,8,V,,,7.39,Me,7.0,830
4159,2021,715,8.54,Me,8,8,M,0.0,0.0,2.85,Sh,5.0,830
4160,2021,715,8.54,Me,8,8,M,0.0,0.0,1.57,Sh,2.0,830
4161,2021,716,1.09,Sh,1,1,S,0.0,0.0,,,,830
4162,2021,717,4.95,Sh,5,1,M,,,,,,830
4163,2021,717,4.95,Sh,5,1,V,,,0.81,Sh,2.0,830
4164,2021,717,4.95,Sh,5,1,V,,,4.77,Sh,6.0,830
4165,2021,717,4.95,Sh,5,2,S,0.0,0.0,,,,830
4166,2021,717,4.95,Sh,5,3,S,0.0,0.0,,,,830
4167,2021,717,4.95,Sh,5,4,B,,,,,,830
4168,2021,717,4.95,Sh,5,5,M,,,,,,830
4169,2021,718,5.94,Me,6,1,B,,,,,,830
4170,2021,718,5.94,Me,6,2,S,0.0,0.0,,,,830
4171,2021,718,5.94,Me,6,3,B,,,,,,830
4172,2021,718,5.94,Me,6,4,S,0.0,0.0,,,,830
4173,2021,718,5.94,Me,6,5,S,0.0,0.0,,,,830
4174,2021,718,5.94,Me,6,6,M,0.0,0.0,10.13,Me,7.0,830
4175,2021,718,5.94,Me,6,6,M,0.0,0.0,4.39,Sh,4.0,830
4176,2021,722,3.7,Sh,1,1,B,,,,,,830
4177,2021,723,4.48,Sh,6,1,B,,,,,,830
4178,2021,723,4.48,Sh,6,2,V,,,1.49,Sh,1.0,830
4179,2021,723,4.48,Sh,6,3,V,,,,,,830
4180,2021,723,4.48,Sh,6,4,S,0.0,0.0,,,,830
4181,2021,723,4.48,Sh,6,5,M,0.0,0.0,0.95,Sh,2.0,830
4182,2021,723,4.48,Sh,6,5,M,0.0,0.0,0.59,Sh,1.0,830
4183,2021,723,4.48,Sh,6,5,M,0.0,0.0,4.52,Sh,4.0,830
4184,2021,723,4.48,Sh,6,6,V,,,8.43,Me,7.0,830
4185,2021,723,4.48,Sh,6,6,M,0.0,0.0,6.47,Me,3.0,830
4186,2021,725,3.54,Sh,2,1,B,,,,,,830
4187,2021,725,3.54,Sh,2,2,V,,,0.79,Sh,1.0,830
4188,2021,726,1.6,Sh,1,1,M,1.0,2.0,5.03,Me,5.0,830
4189,2021,727,4.01,Sh,3,1,V,,,,,,830
4190,2021,727,4.01,Sh,3,1,V,,,0.92,Sh,3.0,830
4191,2021,727,4.01,Sh,3,1,V,,,0.33,Sh,2.0,830
4192,2021,727,4.01,Sh,3,2,B,,,,,,830
4193,2021,727,4.01,Sh,3,3,V,,,2.14,Sh,3.0,830
4194,2021,729,3.62,Sh,5,1,M,,,,,,830
4195,2021,729,3.62,Sh,5,2,V,,,0.99,Sh,1.0,830
4196,2021,729,3.62,Sh,5,3,V,,,0.16,Sh,2.0,830
4197,2021,729,3.62,Sh,5,4,B,,,,,,830
4198,2021,729,3.62,Sh,5,5,V,,,2.5,Sh,4.0,830
4199,2021,730,1.39,Sh,2,1,V,,,0.08,Sh,5.0,830
4200,2021,730,1.39,Sh,2,2,V,,,3.46,Sh,5.0,830
4201,2021,732,1.85,Sh,6,1,S,0.0,0.0,,,,830
4202,2021,732,1.85,Sh,6,2,V,,,3.34,Sh,7.0,830
4203,2021,732,1.85,Sh,6,2,V,,,,,,830
4204,2021,732,1.85,Sh,6,3,V,,,5.29,Me,6.0,830
4205,2021,732,1.85,Sh,6,3,M,1.0,1.0,5.66,Me,5.0,830
4206,2021,732,1.85,Sh,6,4,B,,,,,,830
4207,2021,732,1.85,Sh,6,5,S,0.0,0.0,,,,830
4208,2021,732,1.85,Sh,6,6,M,0.0,0.0,8.62,Me,9.0,830
4209,2021,734,2.42,Sh,7,1,B,,,,,,830
4210,2021,734,2.42,Sh,7,2,V,,,5.17,Me,7.0,830
4211,2021,734,2.42,Sh,7,2,M,,,,,,830
4212,2021,734,2.42,Sh,7,2,V,,,,,,830
4213,2021,734,2.42,Sh,7,3,V,,,2.99,Sh,4.0,830
4214,2021,734,2.42,Sh,7,4,S,0.0,0.0,,,,830
4215,2021,734,2.42,Sh,7,5,M,1.0,3.0,6.7,Me,6.0,830
4216,2021,734,2.42,Sh,7,6,M,0.0,0.0,1.28,Sh,2.0,830
4217,2021,734,2.42,Sh,7,7,M,,,,,,830
4218,2021,734,1.89,Sh,2,1,B,,,,,,830
4219,2021,734,1.89,Sh,2,2,M,0.0,0.0,5.11,Me,5.0,830
4220,2021,735,1.27,Sh,2,1,S,0.0,0.0,,,,830
4221,2021,735,1.27,Sh,2,2,B,,,,,,830
4222,2021,736,3.81,Sh,3,1,V,,,,,,830
4223,2021,736,3.81,Sh,3,2,V,,,2.35,Sh,4.0,830
4224,2021,736,3.81,Sh,3,2,V,,,5.2,Me,5.0,830
4225,2021,736,3.81,Sh,3,3,S,0.0,0.0,,,,830
4226,2021,737,7.03,Me,7,1,M,0.0,0.0,2.94,Sh,4.0,830
4227,2021,737,7.03,Me,7,1,M,0.0,0.0,2.71,Sh,1.0,830
4228,2021,737,7.03,Me,7,2,V,,,6.26,Me,6.0,830
4229,2021,737,7.03,Me,7,2,V,,,,,,830
4230,2021,737,7.03,Me,7,3,M,0.0,0.0,3.64,Sh,6.0,830
4231,2021,737,7.03,Me,7,4,M,1.0,3.0,6.57,Me,5.0,830
4232,2021,737,7.03,Me,7,4,V,,,2.79,Sh,1.0,830
4233,2021,737,7.03,Me,7,4,M,0.0,0.0,3.44,Sh,6.0,830
4234,2021,737,7.03,Me,7,5,M,,,,,,830
4235,2021,737,7.03,Me,7,6,S,0.0,0.0,,,,830
4236,2021,737,7.03,Me,7,7,M,0.0,0.0,5.89,Me,7.0,830
4237,2021,738,8.06,Me,9,1,V,,,1.56,Sh,7.0,830
4238,2021,738,8.06,Me,9,2,B,,,,,,830
4239,2021,738,8.06,Me,9,3,V,,,2.32,Sh,6.0,830
4240,2021,738,8.06,Me,9,3,M,,,,,,830
4241,2021,738,8.06,Me,9,4,B,,,,,,830
4242,2021,738,8.06,Me,9,5,S,0.0,0.0,,,,830
4243,2021,738,8.06,Me,9,6,S,0.0,0.0,,,,830
4244,2021,738,8.06,Me,9,7,S,0.0,0.0,,,,830
4245,2021,738,8.06,Me,9,8,M,0.0,0.0,3.72,Sh,3.0,830
4246,2021,738,8.06,Me,9,9,M,,,,,,830
4247,2021,739,9.57,Me,6,1,B,,,,,,830
4248,2021,739,9.57,Me,6,2,S,0.0,0.0,,,,830
4249,2021,739,9.57,Me,6,3,V,,,1.54,Sh,3.0,830
4250,2021,739,9.57,Me,6,3,V,,,,,,830
4251,2021,739,9.57,Me,6,3,M,0.0,0.0,4.57,Sh,3.0,830
4252,2021,739,9.57,Me,6,4,S,0.0,0.0,,,,830
4253,2021,739,9.57,Me,6,5,V,,,0.13,Sh,2.0,830
4254,2021,739,9.57,Me,6,5,V,,,1.98,Sh,2.0,830
4255,2021,739,9.57,Me,6,6,M,0.0,0.0,3.02,Sh,1.0,830
4256,2021,740,6.71,Me,5,1,M,,,,,,830
4257,2021,740,6.71,Me,5,2,S,0.0,0.0,,,,830
4258,2021,740,6.71,Me,5,3,V,,,1.87,Sh,1.0,830
4259,2021,740,6.71,Me,5,3,M,1.0,4.0,1.06,Sh,1.0,830
4260,2021,740,6.71,Me,5,4,V,,,3.26,Sh,2.0,830
4261,2021,740,6.71,Me,5,4,M,0.0,0.0,1.18,Sh,3.0,830
4262,2021,740,6.71,Me,5,5,M,0.0,0.0,8.97,Me,4.0,830
4263,2021,741,8.18,Me,5,1,M,0.0,0.0,0.47,Sh,3.0,830
4264,2021,741,8.18,Me,5,2,M,,,,,,830
4265,2021,741,8.18,Me,5,3,B,,,,,,830
4266,2021,741,8.18,Me,5,4,V,,,5.75,Me,2.0,830
4267,2021,741,8.18,Me,5,4,V,,,6.41,Me,8.0,830
4268,2021,741,8.18,Me,5,5,V,,,4.74,Sh,5.0,830
4269,2021,742,7.04,Me,8,1,M,1.0,1.0,1.19,Sh,2.0,830
4270,2021,742,7.04,Me,8,2,S,0.0,0.0,,,,830
4271,2021,742,7.04,Me,8,3,S,0.0,0.0,,,,830
4272,2021,742,7.04,Me,8,4,M,,,,,,830
4273,2021,742,7.04,Me,8,4,V,,,5.42,Me,1.0,830
4274,2021,742,7.04,Me,8,5,V,,,1.33,Sh,3.0,830
4275,2021,742,7.04,Me,8,6,M,0.0,0.0,4.4,Sh,8.0,830
4276,2021,742,7.04,Me,8,7,M,1.0,4.0,4.28,Sh,6.0,830
4277,2021,742,7.04,Me,8,8,V,,,0.7,Sh,2.0,830
4278,2021,742,7.04,Me,8,8,M,0.0,0.0,4.0,Sh,5.0,830
4279,2021,744,4.32,Sh,5,1,B,,,,,,830
4280,2021,744,4.32,Sh,5,2,B,,,,,,830
4281,2021,744,4.32,Sh,5,3,S,0.0,0.0,,,,830
4282,2021,744,4.32,Sh,5,4,V,,,3.96,Sh,5.0,830
4283,2021,744,4.32,Sh,5,4,V,,,6.07,Me,3.0,830
4284,2021,744,4.32,Sh,5,5,V,,,4.08,Sh,5.0,830
4285,2021,744,4.32,Sh,5,5,M,0.0,0.0,4.79,Sh,7.0,830
4286,2021,746,0.17,Sh,2,1,V,,,2.62,Sh,3.0,830
4287,2021,746,0.17,Sh,2,2,V,,,0.65,Sh,6.0,830
4288,2021,750,2.85,Sh,3,1,V,,,1.68,Sh,1.0,830
4289,2021,750,2.85,Sh,3,2,B,,,,,,830
4290,2021,750,2.85,Sh,3,3,M,0.0,0.0,4.24,Sh,2.0,830
4291,2021,751,5.61,Me,8,1,B,,,,,,830
4292,2021,751,5.61,Me,8,2,B,,,,,,830
4293,2021,751,5.61,Me,8,3,S,0.0,0.0,,,,830
4294,2021,751,5.61,Me,8,4,S,0.0,0.0,,,,830
4295,2021,751,5.61,Me,8,5,V,,,6.37,Me,4.0,830
4296,2021,751,5.61,Me,8,6,M,0.0,0.0,5.19,Me,6.0,830
4297,2021,751,5.61,Me,8,7,V,,,3.35,Sh,4.0,830
4298,2021,751,5.61,Me,8,8,V,,,1.89,Sh,4.0,830
4299,2021,752,1.45,Sh,4,1,V,,,2.21,Sh,4.0,830
4300,2021,752,1.45,Sh,4,2,B,,,,,,830
4301,2021,752,1.45,Sh,4,3,V,,,4.57,Sh,3.0,830
4302,2021,752,1.45,Sh,4,3,M,0.0,0.0,4.84,Sh,8.0,830
4303,2021,752,1.45,Sh,4,3,M,0.0,0.0,3.84,Sh,7.0,830
4304,2021,752,1.45,Sh,4,3,V,,,7.45,Me,7.0,830
4305,2021,752,1.45,Sh,4,4,B,,,,,,830
4306,2021,753,2.84,Sh,6,1,B,,,,,,830
4307,2021,753,2.84,Sh,6,2,V,,,,,,830
4308,2021,753,2.84,Sh,6,2,V,,,0.12,Sh,1.0,830
4309,2021,753,2.84,Sh,6,3,B,,,,,,830
4310,2021,753,2.84,Sh,6,4,M,0.0,0.0,2.62,Sh,1.0,830
4311,2021,753,2.84,Sh,6,4,M,0.0,0.0,2.04,Sh,5.0,830
4312,2021,753,2.84,Sh,6,5,S,0.0,0.0,,,,830
4313,2021,753,2.84,Sh,6,6,V,,,3.55,Sh,4.0,830
4314,2021,754,2.34,Sh,4,1,B,,,,,,830
4315,2021,754,2.34,Sh,4,2,M,,,,,,830
4316,2021,754,2.34,Sh,4,2,V,,,2.83,Sh,3.0,830
4317,2021,754,2.34,Sh,4,3,V,,,1.6,Sh,4.0,830
4318,2021,754,2.34,Sh,4,3,M,0.0,0.0,5.32,Me,6.0,830
4319,2021,754,2.34,Sh,4,4,M,0.0,0.0,9.02,Me,6.0,830
4320,2021,754,4.14,Sh,2,1,V,,,4.65,Sh,3.0,830
4321,2021,754,4.14,Sh,2,2,V,,,0.23,Sh,1.0,830
4322,2021,754,4.14,Sh,2,2,V,,,9.11,Me,9.0,830
4323,2021,754,4.14,Sh,2,2,M,0.0,0.0,8.1,Me,5.0,830
4324,2021,755,10.95,Me,7,1,B,,,,,,830
4325,2021,755,10.95,Me,7,2,V,,,1.47,Sh,3.0,830
4326,2021,755,10.95,Me,7,3,V,,,0.44,Sh,2.0,830
4327,2021,755,10.95,Me,7,4,V,,,2.37,Sh,5.0,830
4328,2021,755,10.95,Me,7,5,S,0.0,0.0,,,,830
4329,2021,755,10.95,Me,7,6,M,1.0,3.0,6.05,Me,4.0,830
4330,2021,755,10.95,Me,7,6,V,,,10.7,Me,7.0,830
4331,2021,755,10.95,Me,7,7,M,0.0,0.0,1.39,Sh,4.0,830
4332,2021,755,10.95,Me,7,7,V,,,1.48,Sh,2.0,830
4333,2021,757,2.87,Sh,2,1,B,,,,,,830
4334,2021,757,2.87,Sh,2,2,S,0.0,0.0,,,,830
4335,2021,758,1.86,Sh,3,1,B,,,,,,830
4336,2021,758,1.86,Sh,3,2,V,,,3.81,Sh,4.0,830
4337,2021,758,1.86,Sh,3,3,V,,,5.38,Me,4.0,830
4338,2021,758,1.86,Sh,3,3,M,0.0,0.0,3.44,Sh,4.0,830
4339,2021,758,1.86,Sh,3,3,V,,,2.48,Sh,3.0,830
4340,2021,759,2.38,Sh,1,1,B,,,,,,830
4341,2021,760,4.75,Sh,4,1,B,,,,,,830
4342,2021,760,4.75,Sh,4,2,V,,,4.96,Sh,2.0,830
4343,2021,760,4.75,Sh,4,2,V,,,1.34,Sh,3.0,830
4344,2021,760,4.75,Sh,4,3,V,,,3.7,Sh,2.0,830
4345,2021,760,4.75,Sh,4,3,M,0.0,0.0,0.42,Sh,2.0,830
4346,2021,760,4.75,Sh,4,4,M,0.0,0.0,4.77,Sh,2.0,830
4347,2021,760,4.75,Sh,4,4,V,,,3.58,Sh,6.0,830
4348,2021,760,4.75,Sh,4,4,M,0.0,0.0,7.5,Me,6.0,830
4349,2021,761,7.38,Me,3,1,V,,,6.01,Me,3.0,830
4350,2021,761,7.38,Me,3,1,V,,,2.35,Sh,1.0,830
4351,2021,761,7.38,Me,3,1,M,,,,,,830
4352,2021,761,7.38,Me,3,2,S,0.0,0.0,,,,830
4353,2021,761,7.38,Me,3,3,V,,,7.69,Me,3.0,830
4354,2021,762,1.96,Sh,2,1,B,,,,,,830
4355,2021,762,1.96,Sh,2,2,V,,,1.18,Sh,5.0,830
4356,2021,763,4.72,Sh,1,1,B,,,,,,830
4357,2021,764,1.62,Sh,3,1,V,,,1.17,Sh,7.0,830
4358,2021,764,1.62,Sh,3,2,B,,,,,,830
4359,2021,764,1.62,Sh,3,3,V,,,6.41,Me,4.0,830
4360,2021,764,1.62,Sh,3,3,M,0.0,0.0,5.17,Me,4.0,830
4361,2021,765,1.49,Sh,2,1,S,0.0,0.0,,,,830
4362,2021,765,1.49,Sh,2,2,B,,,,,,830
4363,2021,765,1.81,Sh,3,1,V,,,0.48,Sh,2.0,830
4364,2021,765,1.81,Sh,3,2,V,,,,,,830
4365,2021,765,1.81,Sh,3,2,M,1.0,6.0,1.4,Sh,5.0,830
4366,2021,765,1.81,Sh,3,3,S,0.0,0.0,,,,830
4367,2021,766,0.78,Sh,4,1,B,,,,,,830
4368,2021,766,0.78,Sh,4,2,V,,,6.9,Me,5.0,830
4369,2021,766,0.78,Sh,4,3,M,0.0,0.0,4.21,Sh,3.0,830
4370,2021,766,0.78,Sh,4,3,V,,,2.25,Sh,4.0,830
4371,2021,766,0.78,Sh,4,4,V,,,8.21,Me,3.0,830
4372,2021,767,4.29,Sh,3,1,V,,,2.72,Sh,2.0,830
4373,2021,767,4.29,Sh,3,2,B,,,,,,830
4374,2021,767,4.29,Sh,3,3,B,,,,,,830
4375,2021,768,9.33,Me,7,1,B,,,,,,830
4376,2021,768,9.33,Me,7,2,S,0.0,0.0,,,,830
4377,2021,768,9.33,Me,7,3,B,,,,,,830
4378,2021,768,9.33,Me,7,4,M,1.0,1.0,4.67,Sh,5.0,830
4379,2021,768,9.33,Me,7,5,B,,,,,,830
4380,2021,768,9.33,Me,7,6,V,,,,,,830
4381,2021,768,9.33,Me,7,7,M,0.0,0.0,3.61,Sh,3.0,830
4382,2021,769,1.45,Sh,2,1,B,,,,,,830
4383,2021,769,1.45,Sh,2,2,B,,,,,,830
4384,2021,770,7.44,Me,4,1,B,,,,,,830
4385,2021,770,7.44,Me,4,2,M,,,,,,830
4386,2021,770,7.44,Me,4,3,V,,,5.22,Me,3.0,830
4387,2021,770,7.44,Me,4,4,S,0.0,0.0,,,,830
4388,2021,771,4.63,Sh,5,1,V,,,0.14,Sh,2.0,830
4389,2021,771,4.63,Sh,5,1,V,,,,,,830
4390,2021,771,4.63,Sh,5,2,B,,,,,,830
4391,2021,771,4.63,Sh,5,3,S,0.0,0.0,,,,830
4392,2021,771,4.63,Sh,5,4,M,0.0,0.0,1.94,Sh,2.0,830
4393,2021,771,4.63,Sh,5,5,M,0.0,0.0,2.11,Sh,4.0,830
4394,2021,772,4.88,Sh,1,1,M,1.0,2.0,4.96,Sh,2.0,830
4395,2021,772,4.88,Sh,1,1,V,,,,,,830
4396,2021,773,4.27,Sh,6,1,B,,,,,,830
4397,2021,773,4.27,Sh,6,2,S,0.0,0.0,,,,830
4398,2021,773,4.27,Sh,6,3,B,,,,,,830
4399,2021,773,4.27,Sh,6,4,M,0.0,0.0,5.46,Me,5.0,830
4400,2021,773,4.27,Sh,6,5,M,0.0,0.0,5.6,Me,3.0,830
4401,2021,773,4.27,Sh,6,5,M,,,,,,830
4402,2021,773,4.27,Sh,6,6,M,0.0,0.0,6.3,Me,6.0,830
4403,2021,777,6.06,Me,6,1,V,,,,,,830
4404,2021,777,6.06,Me,6,2,V,,,,,,830
4405,2021,777,6.06,Me,6,2,V,,,0.83,Sh,4.0,830
4406,2021,777,6.06,Me,6,2,V,,,4.15,Sh,2.0,830
4407,2021,777,6.06,Me,6,3,S,0.0,0.0,,,,830
4408,2021,777,6.06,Me,6,4,V,,,0.92,Sh,5.0,830
4409,2021,777,6.06,Me,6,5,V,,,5.11,Me,4.0,830
4410,2021,777,6.06,Me,6,5,V,,,,,,830
4411,2021,777,6.06,Me,6,5,M,0.0,0.0,0.55,Sh,3.0,830
4412,2021,777,6.06,Me,6,6,S,0.0,0.0,,,,830
4413,2021,780,2.13,Sh,5,1,V,,,0.28,Sh,2.0,830
4414,2021,780,2.13,Sh,5,1,V,,,5.88,Me,4.0,830
4415,2021,780,2.13,Sh,5,2,S,0.0,0.0,,,,830
4416,2021,780,2.13,Sh,5,3,M,,,,,,830
4417,2021,780,2.13,Sh,5,4,S,0.0,0.0,,,,830
4418,2021,780,2.13,Sh,5,5,M,1.0,5.0,12.87,Me,7.0,830
4419,2021,780,1.66,Sh,2,1,B,,,,,,830
4420,2021,780,1.66,Sh,2,2,V,,,0.01,Sh,4.0,830
4421,2021,782,6.78,Me,3,1,B,,,,,,830
4422,2021,782,6.78,Me,3,2,B,,,,,,830
4423,2021,782,6.78,Me,3,3,S,0.0,0.0,,,,830
4424,2021,783,8.45,Me,8,1,B,,,,,,830
4425,2021,783,8.45,Me,8,2,S,0.0,0.0,,,,830
4426,2021,783,8.45,Me,8,3,V,,,2.84,Sh,3.0,830
4427,2021,783,8.45,Me,8,4,B,,,,,,830
4428,2021,783,8.45,Me,8,5,M,0.0,0.0,2.31,Sh,1.0,830
4429,2021,783,8.45,Me,8,6,S,0.0,0.0,,,,830
4430,2021,783,8.45,Me,8,7,M,1.0,3.0,5.62,Me,3.0,830
4431,2021,783,8.45,Me,8,8,M,1.0,2.0,4.6,Sh,4.0,830
4432,2021,783,8.45,Me,8,8,M,0.0,0.0,2.94,Sh,6.0,830
4433,2021,783,8.45,Me,8,8,V,,,5.52,Me,10.0,830
4434,2021,784,7.62,Me,3,1,M,1.0,2.0,0.05,Sh,1.0,830
4435,2021,784,7.62,Me,3,2,B,,,,,,830
4436,2021,784,7.62,Me,3,3,V,,,9.89,Me,6.0,830
4437,2021,784,7.62,Me,3,3,V,,,10.26,Me,5.0,830
4438,2021,785,4.57,Sh,4,1,S,0.0,0.0,,,,830
4439,2021,785,4.57,Sh,4,2,M,0.0,0.0,0.91,Sh,1.0,830
4440,2021,785,4.57,Sh,4,3,S,0.0,0.0,,,,830
4441,2021,785,4.57,Sh,4,4,V,,,1.29,Sh,1.0,830
4442,2021,786,7.46,Me,3,1,V,,,0.9,Sh,1.0,830
4443,2021,786,7.46,Me,3,2,S,0.0,0.0,,,,830
4444,2021,786,7.46,Me,3,3,S,0.0,0.0,,,,830
4445,2021,788,2.75,Sh,4,1,S,0.0,0.0,,,,830
4446,2021,788,2.75,Sh,4,2,S,0.0,0.0,,,,830
4447,2021,788,2.75,Sh,4,3,S,0.0,0.0,,,,830
4448,2021,788,2.75,Sh,4,4,V,,,2.65,Sh,4.0,830
4449,2021,788,2.75,Sh,4,4,M,0.0,0.0,3.19,Sh,1.0,830
4450,2021,788,2.75,Sh,4,4,V,,,5.4,Me,6.0,830
4451,2021,788,2.09,Sh,3,1,V,,,4.45,Sh,4.0,830
4452,2021,788,2.09,Sh,3,1,V,,,1.55,Sh,3.0,830
4453,2021,788,2.09,Sh,3,2,S,0.0,0.0,,,,830
4454,2021,788,2.09,Sh,3,3,V,,,6.9,Me,4.0,830
4455,2021,788,2.4,Sh,5,1,B,,,,,,830
4456,2021,788,2.4,Sh,5,2,M,,,,,,830
4457,2021,788,2.4,Sh,5,2,V,,,0.53,Sh,3.0,830
4458,2021,788,2.4,Sh,5,2,M,0.0,0.0,1.26,Sh,4.0,830
4459,2021,788,2.4,Sh,5,3,V,,,7.21,Me,10.0,830
4460,2021,788,2.4,Sh,5,3,M,0.0,0.0,1.04,Sh,1.0,830
4461,2021,788,2.4,Sh,5,3,M,0.0,0.0,1.22,Sh,1.0,830
4462,2021,788,2.4,Sh,5,3,V,,,6.59,Me,5.0,830
4463,2021,788,2.4,Sh,5,3,V,,,2.42,Sh,1.0,830
4464,2021,788,2.4,Sh,5,4,B,,,,,,830
4465,2021,788,2.4,Sh,5,5,M,0.0,0.0,8.84,Me,5.0,830
4466,2021,789,7.05,Me,4,1,B,,,,,,830
4467,2021,789,7.05,Me,4,2,M,0.0,0.0,2.89,Sh,5.0,830
4468,2021,789,7.05,Me,4,3,S,0.0,0.0,,,,830
4469,2021,789,7.05,Me,4,4,M,0.0,0.0,5.69,Me,5.0,830
4470,2021,794,5.52,Me,4,1,M,1.0,2.0,1.65,Sh,1.0,830
4471,2021,794,5.52,Me,4,2,S,0.0,0.0,,,,830
4472,2021,794,5.52,Me,4,3,V,,,2.74,Sh,3.0,830
4473,2021,794,5.52,Me,4,4,V,,,,,,830
4474,2021,794,5.52,Me,4,4,M,1.0,4.0,4.79,Sh,2.0,830
4475,2021,795,1.4,Sh,1,1,B,,,,,,830
4476,2021,796,5.35,Me,5,1,B,,,,,,830
4477,2021,796,5.35,Me,5,2,S,0.0,0.0,,,,830
4478,2021,796,5.35,Me,5,3,M,1.0,1.0,3.16,Sh,3.0,830
4479,2021,796,5.35,Me,5,4,M,1.0,3.0,2.31,Sh,2.0,830
4480,2021,796,5.35,Me,5,5,V,,,4.8,Sh,4.0,830
4481,2021,798,1.12,Sh,1,1,M,0.0,0.0,1.54,Sh,3.0,830
4482,2021,798,1.12,Sh,1,1,V,,,3.81,Sh,5.0,830
4483,2021,799,3.38,Sh,3,1,V,,,4.6,Sh,4.0,830
4484,2021,799,3.38,Sh,3,2,B,,,,,,830
4485,2021,799,3.38,Sh,3,3,B,,,,,,830
4486,2021,800,1.87,Sh,3,1,B,,,,,,830
4487,2021,800,1.87,Sh,3,2,S,0.0,0.0,,,,830
4488,2021,800,1.87,Sh,3,3,V,,,5.06,Me,5.0,830
4489,2021,801,4.71,Sh,5,1,S,0.0,0.0,,,,830
4490,2021,801,4.71,Sh,5,2,B,,,,,,830
4491,2021,801,4.71,Sh,5,3,M,1.0,2.0,3.09,Sh,4.0,830
4492,2021,801,4.71,Sh,5,4,M,1.0,1.0,0.01,Sh,1.0,830
4493,2021,801,4.71,Sh,5,5,M,0.0,0.0,5.3,Me,4.0,830
4494,2021,801,4.71,Sh,5,5,M,0.0,0.0,6.9,Me,8.0,830
4495,2021,802,6.82,Me,3,1,V,,,,,,830
4496,2021,802,6.82,Me,3,2,S,0.0,0.0,,,,830
4497,2021,802,6.82,Me,3,3,V,,,5.94,Me,4.0,830
4498,2021,802,6.82,Me,3,3,V,,,4.11,Sh,3.0,830
4499,2021,802,6.82,Me,3,3,M,0.0,0.0,1.28,Sh,1.0,830
4500,2021,802,6.82,Me,3,3,V,,,2.17,Sh,1.0,830
4501,2021,803,2.6,Sh,5,1,B,,,,,,830
4502,2021,803,2.6,Sh,5,2,V,,,0.18,Sh,1.0,830
4503,2021,803,2.6,Sh,5,2,V,,,,,,830
4504,2021,803,2.6,Sh,5,2,V,,,1.78,Sh,1.0,830
4505,2021,803,2.6,Sh,5,3,S,0.0,0.0,,,,830
4506,2021,803,2.6,Sh,5,4,S,0.0,0.0,,,,830
4507,2021,803,2.6,Sh,5,5,V,,,3.24,Sh,2.0,830
4508,2021,804,3.74,Sh,3,1,M,1.0,3.0,4.42,Sh,5.0,830
4509,2021,804,3.74,Sh,3,1,M,1.0,3.0,4.2,Sh,2.0,830
4510,2021,804,3.74,Sh,3,2,B,,,,,,830
4511,2021,804,3.74,Sh,3,3,M,0.0,0.0,6.14,Me,8.0,830
4512,2021,805,3.45,Sh,3,1,V,,,2.89,Sh,1.0,830
4513,2021,805,3.45,Sh,3,2,S,0.0,0.0,,,,830
4514,2021,805,3.45,Sh,3,3,M,1.0,3.0,3.83,Sh,4.0,830
4515,2021,806,9.18,Me,6,1,V,,,1.24,Sh,1.0,830
4516,2021,806,9.18,Me,6,2,B,,,,,,830
4517,2021,806,9.18,Me,6,3,S,0.0,0.0,,,,830
4518,2021,806,9.18,Me,6,4,S,0.0,0.0,,,,830
4519,2021,806,9.18,Me,6,5,S,0.0,0.0,,,,830
4520,2021,806,9.18,Me,6,6,V,,,8.09,Me,6.0,830
4521,2021,807,8.62,Me,5,1,M,,,,,,830
4522,2021,807,8.62,Me,5,2,M,0.0,0.0,2.96,Sh,4.0,830
4523,2021,807,8.62,Me,5,2,M,,,,,,830
4524,2021,807,8.62,Me,5,2,M,0.0,0.0,3.19,Sh,1.0,830
4525,2021,807,8.62,Me,5,2,V,,,,,,830
4526,2021,807,8.62,Me,5,3,V,,,5.21,Me,6.0,830
4527,2021,807,8.62,Me,5,4,V,,,0.78,Sh,5.0,830
4528,2021,807,8.62,Me,5,5,M,0.0,0.0,7.22,Me,4.0,830
4529,2021,808,7.87,Me,7,1,B,,,,,,830
4530,2021,808,7.87,Me,7,2,S,0.0,0.0,,,,830
4531,2021,808,7.87,Me,7,3,V,,,2.77,Sh,6.0,830
4532,2021,808,7.87,Me,7,4,V,,,0.0,Sh,,830
4533,2021,808,7.87,Me,7,5,V,,,5.4,Me,5.0,830
4534,2021,808,7.87,Me,7,5,V,,,2.38,Sh,3.0,830
4535,2021,808,7.87,Me,7,6,B,,,,,,830
4536,2021,808,7.87,Me,7,7,M,0.0,0.0,3.08,Sh,4.0,830
4537,2021,808,7.87,Me,7,7,M,1.0,5.0,3.25,Sh,5.0,830
4538,2021,808,7.87,Me,7,7,M,,,,,,830
4539,2021,809,5.55,Me,2,1,B,,,,,,830
4540,2021,809,5.55,Me,2,2,V,,,8.67,Me,7.0,830
4541,2021,810,11.23,Me,4,1,B,,,,,,830
4542,2021,810,11.23,Me,4,2,B,,,,,,830
4543,2021,810,11.23,Me,4,3,V,,,7.35,Me,2.0,830
4544,2021,810,11.23,Me,4,3,V,,,4.51,Sh,5.0,830
4545,2021,810,11.23,Me,4,3,V,,,3.87,Sh,4.0,830
4546,2021,810,11.23,Me,4,3,M,0.0,0.0,2.94,Sh,2.0,830
4547,2021,810,11.23,Me,4,3,M,,,,,,830
4548,2021,810,11.23,Me,4,4,V,,,3.82,Sh,4.0,830
4549,2021,810,11.23,Me,4,4,M,0.0,0.0,3.09,Sh,6.0,830
4550,2021,811,9.23,Me,4,1,S,0.0,0.0,,,,830
4551,2021,811,9.23,Me,4,2,B,,,,,,830
4552,2021,811,9.23,Me,4,3,S,0.0,0.0,,,,830
4553,2021,811,9.23,Me,4,4,B,,,,,,830
4554,2021,813,5.24,Me,4,1,B,,,,,,830
4555,2021,813,5.24,Me,4,2,S,0.0,0.0,,,,830
4556,2021,813,5.24,Me,4,3,M,0.0,0.0,5.15,Me,2.0,830
4557,2021,813,5.24,Me,4,3,V,,,1.17,Sh,6.0,830
4558,2021,813,5.24,Me,4,4,B,,,,,,830
4559,2021,815,0.93,Sh,4,1,S,0.0,0.0,,,,830
4560,2021,815,0.93,Sh,4,2,M,1.0,5.0,0.92,Sh,3.0,830
4561,2021,815,0.93,Sh,4,3,S,0.0,0.0,,,,830
4562,2021,815,0.93,Sh,4,4,M,0.0,0.0,6.07,Me,6.0,830
4563,2021,815,0.93,Sh,4,4,V,,,3.28,Sh,5.0,830
4564,2021,816,0.05,Sh,1,1,V,,,5.07,Me,5.0,830
4565,2021,817,6.22,Me,4,1,B,,,,,,830
4566,2021,817,6.22,Me,4,2,V,,,6.04,Me,4.0,830
4567,2021,817,6.22,Me,4,2,M,0.0,0.0,4.31,Sh,6.0,830
4568,2021,817,6.22,Me,4,3,B,,,,,,830
4569,2021,817,6.22,Me,4,4,S,0.0,0.0,,,,830
4570,2021,818,1.37,Sh,3,1,M,,,,,,830
4571,2021,818,1.37,Sh,3,2,S,0.0,0.0,,,,830
4572,2021,818,1.37,Sh,3,3,B,,,,,,830
4573,2021,819,1.81,Sh,3,1,S,0.0,0.0,,,,830
4574,2021,819,1.81,Sh,3,2,B,,,,,,830
4575,2021,819,1.81,Sh,3,3,V,,,1.24,Sh,1.0,830
4576,2021,820,3.1,Sh,7,1,V,,,,,,830
4577,2021,820,3.1,Sh,7,2,M,,,,,,830
4578,2021,820,3.1,Sh,7,2,V,,,0.79,Sh,2.0,830
4579,2021,820,3.1,Sh,7,2,V,,,,,,830
4580,2021,820,3.1,Sh,7,2,M,0.0,0.0,1.93,Sh,3.0,830
4581,2021,820,3.1,Sh,7,2,V,,,,,,830
4582,2021,820,3.1,Sh,7,3,M,0.0,0.0,3.85,Sh,2.0,830
4583,2021,820,3.1,Sh,7,3,V,,,1.53,Sh,3.0,830
4584,2021,820,3.1,Sh,7,3,M,0.0,0.0,1.19,Sh,1.0,830
4585,2021,820,3.1,Sh,7,4,S,0.0,0.0,,,,830
4586,2021,820,3.1,Sh,7,5,M,0.0,0.0,2.95,Sh,4.0,830
4587,2021,820,3.1,Sh,7,5,M,,,,,,830
4588,2021,820,3.1,Sh,7,6,M,0.0,0.0,4.53,Sh,2.0,830
4589,2021,820,3.1,Sh,7,7,V,,,6.77,Me,5.0,830
4590,2021,821,3.1,Sh,5,1,V,,,,,,830
4591,2021,821,3.1,Sh,5,2,V,,,1.25,Sh,3.0,830
4592,2021,821,3.1,Sh,5,3,S,0.0,0.0,,,,830
4593,2021,821,3.1,Sh,5,4,M,1.0,5.0,8.62,Me,6.0,830
4594,2021,821,3.1,Sh,5,5,V,,,1.82,Sh,2.0,830
4595,2021,822,2.98,Sh,4,1,V,,,2.94,Sh,4.0,830
4596,2021,822,2.98,Sh,4,1,M,0.0,0.0,2.36,Sh,3.0,830
4597,2021,822,2.98,Sh,4,1,V,,,,,,830
4598,2021,822,2.98,Sh,4,2,V,,,0.49,Sh,2.0,830
4599,2021,822,2.98,Sh,4,3,V,,,2.37,Sh,2.0,830
4600,2021,822,2.98,Sh,4,3,M,,,,,,830
4601,2021,822,2.98,Sh,4,4,M,1.0,5.0,2.39,Sh,4.0,830
4602,2021,829,0.07,Sh,3,1,M,,,,,,830
4603,2021,829,0.07,Sh,3,1,V,,,1.39,Sh,3.0,830
4604,2021,829,0.07,Sh,3,2,M,0.0,0.0,0.21,Sh,1.0,830
4605,2021,829,0.07,Sh,3,3,V,,,2.8,Sh,3.0,830
4606,2021,830,8.48,Me,9,1,V,,,1.8,Sh,2.0,830
4607,2021,830,8.48,Me,9,2,V,,,1.74,Sh,3.0,830
4608,2021,830,8.48,Me,9,3,M,1.0,1.0,3.57,Sh,5.0,830
4609,2021,830,8.48,Me,9,4,B,,,,,,830
4610,2021,830,8.48,Me,9,5,S,0.0,0.0,,,,830
4611,2021,830,8.48,Me,9,6,S,0.0,0.0,,,,830
4612,2021,830,8.48,Me,9,7,S,0.0,0.0,,,,830
4613,2021,830,8.48,Me,9,8,S,0.0,0.0,,,,830
4614,2021,830,8.48,Me,9,9,V,,,3.82,Sh,7.0,830
4615,2021,831,3.42,Sh,2,1,V,,,4.31,Sh,1.0,830
4616,2021,831,3.42,Sh,2,2,V,,,3.94,Sh,9.0,830
4617,2021,833,3.3,Sh,3,1,B,,,,,,830
4618,2021,833,3.3,Sh,3,2,V,,,,,,830
4619,2021,833,3.3,Sh,3,3,V,,,12.31,Me,9.0,830
4620,2021,833,1.8,Sh,4,1,M,0.0,0.0,1.66,Sh,1.0,830
4621,2021,833,1.8,Sh,4,2,V,,,2.4,Sh,2.0,830
4622,2021,833,1.8,Sh,4,3,B,,,,,,830
4623,2021,833,1.8,Sh,4,4,M,0.0,0.0,5.83,Me,7.0,830
4624,2021,834,1.29,Sh,1,1,B,,,,,,830
4625,2021,835,5.84,Me,3,1,S,0.0,0.0,,,,830
4626,2021,835,5.84,Me,3,2,B,,,,,,830
4627,2021,835,5.84,Me,3,3,B,,,,,,830
4628,2021,836,3.03,Sh,4,1,M,,,,,,830
4629,2021,836,3.03,Sh,4,2,V,,,0.1,Sh,2.0,830
4630,2021,836,3.03,Sh,4,2,V,,,4.16,Sh,4.0,830
4631,2021,836,3.03,Sh,4,2,V,,,1.88,Sh,3.0,830
4632,2021,836,3.03,Sh,4,3,S,0.0,0.0,,,,830
4633,2021,836,3.03,Sh,4,4,V,,,4.04,Sh,4.0,830
4634,2021,837,1.89,Sh,3,1,S,0.0,0.0,,,,830
4635,2021,837,1.89,Sh,3,2,V,,,3.99,Sh,4.0,830
4636,2021,837,1.89,Sh,3,2,M,0.0,0.0,6.44,Me,7.0,830
4637,2021,837,1.89,Sh,3,3,M,1.0,4.0,5.87,Me,6.0,830
4638,2021,838,1.58,Sh,3,1,V,,,,,,830
4639,2021,838,1.58,Sh,3,1,V,,,3.28,Sh,3.0,830
4640,2021,838,1.58,Sh,3,1,V,,,,,,830
4641,2021,838,1.58,Sh,3,2,V,,,3.02,Sh,2.0,830
4642,2021,838,1.58,Sh,3,2,V,,,4.06,Sh,2.0,830
4643,2021,838,1.58,Sh,3,3,V,,,2.03,Sh,3.0,830
4644,2021,839,4.51,Sh,4,1,M,1.0,1.0,0.04,Sh,3.0,830
4645,2021,839,4.51,Sh,4,2,S,0.0,0.0,,,,830
4646,2021,839,4.51,Sh,4,3,B,,,,,,830
4647,2021,839,4.51,Sh,4,4,V,,,5.49,Me,1.0,830
4648,2021,840,1.06,Sh,1,1,S,0.0,0.0,,,,830
4649,2021,840,3.28,Sh,6,1,B,,,,,,830
4650,2021,840,3.28,Sh,6,2,S,0.0,0.0,,,,830
4651,2021,840,3.28,Sh,6,3,B,,,,,,830
4652,2021,840,3.28,Sh,6,4,S,0.0,0.0,,,,830
4653,2021,840,3.28,Sh,6,5,M,0.0,0.0,8.35,Me,6.0,830
4654,2021,840,3.28,Sh,6,5,V,,,3.87,Sh,7.0,830
4655,2021,840,3.28,Sh,6,6,B,,,,,,830
4656,2021,841,3.19,Sh,3,1,V,,,0.94,Sh,2.0,830
4657,2021,841,3.19,Sh,3,2,V,,,2.6,Sh,2.0,830
4658,2021,841,3.19,Sh,3,3,M,0.0,0.0,2.4,Sh,3.0,830
4659,2021,842,5.71,Me,4,1,V,,,,,,830
4660,2021,842,5.71,Me,4,1,V,,,2.13,Sh,3.0,830
4661,2021,842,5.71,Me,4,2,V,,,5.45,Me,6.0,830
4662,2021,842,5.71,Me,4,3,M,1.0,5.0,3.74,Sh,3.0,830
4663,2021,842,5.71,Me,4,4,M,0.0,0.0,4.2,Sh,2.0,830
4664,2021,843,1.3,Sh,1,1,V,,,,,,830
4665,2021,843,3.38,Sh,3,1,V,,,0.57,Sh,4.0,830
4666,2021,843,3.38,Sh,3,1,V,,,,,,830
4667,2021,843,3.38,Sh,3,2,B,,,,,,830
4668,2021,843,3.38,Sh,3,3,V,,,3.33,Sh,3.0,830
4669,2021,843,4.27,Sh,4,1,B,,,,,,830
4670,2021,843,4.27,Sh,4,2,S,0.0,0.0,,,,830
4671,2021,843,4.27,Sh,4,3,S,0.0,0.0,,,,830
4672,2021,843,4.27,Sh,4,4,M,1.0,4.0,2.83,Sh,2.0,830
4673,2021,845,2.95,Sh,1,1,B,,,,,,830
4674,2021,846,1.56,Sh,2,1,B,,,,,,830
4675,2021,846,1.56,Sh,2,2,S,0.0,0.0,,,,830
4676,2021,847,1.6,Sh,2,1,V,,,,,,830
4677,2021,847,1.6,Sh,2,2,B,,,,,,830
4678,2021,848,4.22,Sh,7,1,V,,,,,,830
4679,2021,848,4.22,Sh,7,1,V,,,4.38,Sh,8.0,830
4680,2021,848,4.22,Sh,7,1,V,,,,,,830
4681,2021,848,4.22,Sh,7,2,V,,,1.88,Sh,2.0,830
4682,2021,848,4.22,Sh,7,3,V,,,2.35,Sh,4.0,830
4683,2021,848,4.22,Sh,7,3,M,0.0,0.0,1.12,Sh,3.0,830
4684,2021,848,4.22,Sh,7,4,S,0.0,0.0,,,,830
4685,2021,848,4.22,Sh,7,5,S,0.0,0.0,,,,830
4686,2021,848,4.22,Sh,7,6,M,1.0,4.0,1.46,Sh,1.0,830
4687,2021,848,4.22,Sh,7,7,S,0.0,0.0,,,,830
4688,2021,850,1.15,Sh,3,1,M,,,,,,830
4689,2021,850,1.15,Sh,3,2,S,0.0,0.0,,,,830
4690,2021,850,1.15,Sh,3,3,B,,,,,,830
4691,2021,850,0.62,Sh,1,1,B,,,,,,830
4692,2021,851,1.46,Sh,4,1,M,,,,,,830
4693,2021,851,1.46,Sh,4,1,M,,,,,,830
4694,2021,851,1.46,Sh,4,2,V,,,8.16,Me,5.0,830
4695,2021,851,1.46,Sh,4,2,M,,,,,,830
4696,2021,851,1.46,Sh,4,3,V,,,,,,830
4697,2021,851,1.46,Sh,4,4,B,,,,,,830
4698,2021,852,2.23,Sh,5,1,B,,,,,,830
4699,2021,852,2.23,Sh,5,2,M,0.0,0.0,1.33,Sh,1.0,830
4700,2021,852,2.23,Sh,5,2,V,,,2.59,Sh,3.0,830
4701,2021,852,2.23,Sh,5,3,S,0.0,0.0,,,,830
4702,2021,852,2.23,Sh,5,4,M,0.0,0.0,1.46,Sh,4.0,830
4703,2021,852,2.23,Sh,5,5,M,0.0,0.0,3.61,Sh,3.0,830
4704,2021,853,1.32,Sh,6,1,V,,,0.36,Sh,2.0,830
4705,2021,853,1.32,Sh,6,2,B,,,,,,830
4706,2021,853,1.32,Sh,6,3,M,,,,,,830
4707,2021,853,1.32,Sh,6,4,V,,,5.71,Me,6.0,830
4708,2021,853,1.32,Sh,6,4,M,1.0,1.0,3.41,Sh,5.0,830
4709,2021,853,1.32,Sh,6,5,V,,,1.45,Sh,4.0,830
4710,2021,853,1.32,Sh,6,5,V,,,5.84,Me,7.0,830
4711,2021,853,1.32,Sh,6,6,V,,,6.59,Me,4.0,830
4712,2021,854,2.88,Sh,2,1,M,,,,,,830
4713,2021,854,2.88,Sh,2,2,V,,,5.74,Me,6.0,830
4714,2021,855,3.76,Sh,1,1,B,,,,,,830
4715,2021,860,5.22,Me,4,1,V,,,0.88,Sh,2.0,830
4716,2021,860,5.22,Me,4,2,S,0.0,0.0,,,,830
4717,2021,860,5.22,Me,4,3,V,,,0.64,Sh,1.0,830
4718,2021,860,5.22,Me,4,3,M,0.0,0.0,3.69,Sh,1.0,830
4719,2021,860,5.22,Me,4,4,V,,,4.5,Sh,7.0,830
4720,2021,861,1.71,Sh,1,1,B,,,,,,830
4721,2021,862,4.28,Sh,2,1,V,,,4.34,Sh,3.0,830
4722,2021,862,4.28,Sh,2,1,V,,,,,,830
4723,2021,862,4.28,Sh,2,1,V,,,8.23,Me,6.0,830
4724,2021,862,4.28,Sh,2,1,V,,,3.81,Sh,6.0,830
4725,2021,862,4.28,Sh,2,2,V,,,9.12,Me,8.0,830
4726,2021,863,6.98,Me,8,1,B,,,,,,830
4727,2021,863,6.98,Me,8,2,S,0.0,0.0,,,,830
4728,2021,863,6.98,Me,8,3,B,,,,,,830
4729,2021,863,6.98,Me,8,4,S,0.0,0.0,,,,830
4730,2021,863,6.98,Me,8,5,S,0.0,0.0,,,,830
4731,2021,863,6.98,Me,8,6,S,0.0,0.0,,,,830
4732,2021,863,6.98,Me,8,7,S,0.0,0.0,,,,830
4733,2021,863,6.98,Me,8,8,M,0.0,0.0,4.49,Sh,4.0,830
4734,2021,863,6.98,Me,8,8,V,,,4.92,Sh,3.0,830
4735,2021,863,6.98,Me,8,8,M,0.0,0.0,2.0,Sh,1.0,830
4736,2021,864,1.16,Sh,3,1,S,0.0,0.0,,,,830
4737,2021,864,1.16,Sh,3,2,S,0.0,0.0,,,,830
4738,2021,864,1.16,Sh,3,3,M,1.0,2.0,1.17,Sh,1.0,830
4739,2021,864,1.33,Sh,1,1,B,,,,,,830
4740,2021,864,2.27,Sh,3,1,V,,,1.37,Sh,3.0,830
4741,2021,864,2.27,Sh,3,2,S,0.0,0.0,,,,830
4742,2021,864,2.27,Sh,3,3,V,,,1.31,Sh,2.0,830
4743,2021,865,3.34,Sh,4,1,M,0.0,0.0,1.08,Sh,1.0,830
4744,2021,865,3.34,Sh,4,2,M,0.0,0.0,3.71,Sh,5.0,830
4745,2021,865,3.34,Sh,4,2,V,,,,,,830
4746,2021,865,3.34,Sh,4,3,B,,,,,,830
4747,2021,865,3.34,Sh,4,4,S,0.0,0.0,,,,830
4748,2021,867,8.23,Me,5,1,M,,,,,,830
4749,2021,867,8.23,Me,5,1,V,,,,,,830
4750,2021,867,8.23,Me,5,1,V,,,,,,830
4751,2021,867,8.23,Me,5,2,V,,,,,,830
4752,2021,867,8.23,Me,5,3,B,,,,,,830
4753,2021,867,8.23,Me,5,4,V,,,0.93,Sh,2.0,830
4754,2021,867,8.23,Me,5,5,V,,,4.41,Sh,4.0,830
4755,2021,867,8.23,Me,5,5,M,1.0,2.0,6.0,Me,10.0,830
4756,2021,868,0.75,Sh,2,1,V,,,0.37,Sh,2.0,830
4757,2021,868,0.75,Sh,2,2,S,0.0,0.0,,,,830
4758,2021,870,0.49,Sh,3,1,V,,,0.0,Sh,,830
4759,2021,870,0.49,Sh,3,1,M,0.0,0.0,0.78,Sh,1.0,830
4760,2021,870,0.49,Sh,3,2,M,1.0,2.0,2.98,Sh,1.0,830
4761,2021,870,0.49,Sh,3,3,S,0.0,0.0,,,,830
4762,2021,870,2.11,Sh,4,1,S,0.0,0.0,,,,830
4763,2021,870,2.11,Sh,4,2,B,,,,,,830
4764,2021,870,2.11,Sh,4,3,S,0.0,0.0,,,,830
4765,2021,870,2.11,Sh,4,4,M,0.0,0.0,3.42,Sh,4.0,830
4766,2021,872,1.21,Sh,4,1,M,,,,,,830
4767,2021,872,1.21,Sh,4,2,B,,,,,,830
4768,2021,872,1.21,Sh,4,3,V,,,1.11,Sh,3.0,830
4769,2021,872,1.21,Sh,4,3,V,,,1.26,Sh,1.0,830
4770,2021,872,1.21,Sh,4,4,V,,,7.0,Me,6.0,830
4771,2021,874,2.07,Sh,2,1,M,0.0,0.0,0.44,Sh,2.0,830
4772,2021,874,2.07,Sh,2,2,B,,,,,,830
4773,2021,875,3.82,Sh,5,1,V,,,3.61,Sh,2.0,830
4774,2021,875,3.82,Sh,5,2,B,,,,,,830
4775,2021,875,3.82,Sh,5,3,V,,,6.25,Me,4.0,830
4776,2021,875,3.82,Sh,5,3,M,1.0,5.0,2.17,Sh,5.0,830
4777,2021,875,3.82,Sh,5,3,V,,,4.04,Sh,6.0,830
4778,2021,875,3.82,Sh,5,4,B,,,,,,830
4779,2021,875,3.82,Sh,5,5,M,0.0,0.0,2.0,Sh,5.0,830
4780,2021,876,1.25,Sh,1,1,B,,,,,,830
4781,2021,877,2.47,Sh,2,1,B,,,,,,830
4782,2021,877,2.47,Sh,2,2,V,,,5.69,Me,6.0,830
4783,2021,878,6.85,Me,6,1,B,,,,,,830
4784,2021,878,6.85,Me,6,2,B,,,,,,830
4785,2021,878,6.85,Me,6,3,S,0.0,0.0,,,,830
4786,2021,878,6.85,Me,6,4,M,1.0,2.0,6.41,Me,3.0,830
4787,2021,878,6.85,Me,6,5,M,0.0,0.0,2.31,Sh,1.0,830
4788,2021,878,6.85,Me,6,5,M,0.0,0.0,1.18,Sh,2.0,830
4789,2021,878,6.85,Me,6,6,M,1.0,3.0,7.37,Me,3.0,830
4790,2021,878,6.85,Me,6,6,M,0.0,0.0,3.67,Sh,3.0,830
4791,2021,879,6.2,Me,6,1,B,,,,,,830
4792,2021,879,6.2,Me,6,2,B,,,,,,830
4793,2021,879,6.2,Me,6,3,V,,,5.7,Me,4.0,830
4794,2021,879,6.2,Me,6,4,S,0.0,0.0,,,,830
4795,2021,879,6.2,Me,6,5,M,0.0,0.0,7.43,Me,6.0,830
4796,2021,879,6.2,Me,6,5,V,,,1.1,Sh,1.0,830
4797,2021,879,6.2,Me,6,5,M,1.0,3.0,3.56,Sh,2.0,830
4798,2021,879,6.2,Me,6,6,V,,,3.91,Sh,4.0,830
4799,2021,880,7.12,Me,7,1,V,,,2.67,Sh,1.0,830
4800,2021,880,7.12,Me,7,1,V,,,2.64,Sh,2.0,830
4801,2021,880,7.12,Me,7,2,B,,,,,,830
4802,2021,880,7.12,Me,7,3,B,,,,,,830
4803,2021,880,7.12,Me,7,4,M,0.0,0.0,4.79,Sh,4.0,830
4804,2021,880,7.12,Me,7,4,M,0.0,0.0,4.31,Sh,5.0,830
4805,2021,880,7.12,Me,7,5,M,0.0,0.0,3.49,Sh,4.0,830
4806,2021,880,7.12,Me,7,5,M,1.0,1.0,3.83,Sh,1.0,830
4807,2021,880,7.12,Me,7,5,M,0.0,0.0,4.21,Sh,3.0,830
4808,2021,880,7.12,Me,7,6,M,1.0,2.0,3.37,Sh,5.0,830
4809,2021,880,7.12,Me,7,7,V,,,6.85,Me,7.0,830
4810,2021,880,7.12,Me,7,7,V,,,,,,830
4811,2021,881,5.91,Me,1,1,B,,,,,,830
4812,2021,882,0.84,Sh,4,1,B,,,,,,830
4813,2021,882,0.84,Sh,4,2,V,,,2.3,Sh,4.0,830
4814,2021,882,0.84,Sh,4,2,M,0.0,0.0,6.04,Me,4.0,830
4815,2021,882,0.84,Sh,4,3,V,,,0.79,Sh,1.0,830
4816,2021,882,0.84,Sh,4,4,S,0.0,0.0,,,,830
4817,2021,883,6.79,Me,9,1,M,1.0,3.0,0.93,Sh,2.0,830
4818,2021,883,6.79,Me,9,2,M,1.0,2.0,4.04,Sh,3.0,830
4819,2021,883,6.79,Me,9,3,B,,,,,,830
4820,2021,883,6.79,Me,9,4,V,,,0.72,Sh,1.0,830
4821,2021,883,6.79,Me,9,4,V,,,5.11,Me,5.0,830
4822,2021,883,6.79,Me,9,5,S,0.0,0.0,,,,830
4823,2021,883,6.79,Me,9,6,S,0.0,0.0,,,,830
4824,2021,883,6.79,Me,9,7,B,,,,,,830
4825,2021,883,6.79,Me,9,8,V,,,1.68,Sh,4.0,830
4826,2021,883,6.79,Me,9,9,M,0.0,0.0,7.58,Me,7.0,830
4827,2021,885,2.74,Sh,3,1,V,,,2.25,Sh,4.0,830
4828,2021,885,2.74,Sh,3,2,B,,,,,,830
4829,2021,885,2.74,Sh,3,3,B,,,,,,830
4830,2021,887,3.34,Sh,2,1,B,,,,,,830
4831,2021,887,3.34,Sh,2,2,M,0.0,0.0,0.43,Sh,3.0,830
4832,2021,888,3.87,Sh,4,1,V,,,0.05,Sh,1.0,830
4833,2021,888,3.87,Sh,4,1,V,,,1.25,Sh,3.0,830
4834,2021,888,3.87,Sh,4,1,V,,,,,,830
4835,2021,888,3.87,Sh,4,2,M,0.0,0.0,7.3,Me,6.0,830
4836,2021,888,3.87,Sh,4,2,M,,,,,,830
4837,2021,888,3.87,Sh,4,3,B,,,,,,830
4838,2021,888,3.87,Sh,4,4,S,0.0,0.0,,,,830
4839,2021,889,2.56,Sh,5,1,B,,,,,,830
4840,2021,889,2.56,Sh,5,2,V,,,,,,830
4841,2021,889,2.56,Sh,5,3,B,,,,,,830
4842,2021,889,2.56,Sh,5,4,M,1.0,1.0,1.28,Sh,2.0,830
4843,2021,889,2.56,Sh,5,5,S,0.0,0.0,,,,830
4844,2021,891,0.59,Sh,3,1,B,,,,,,830
4845,2021,891,0.59,Sh,3,2,S,0.0,0.0,,,,830
4846,2021,891,0.59,Sh,3,3,B,,,,,,830
4847,2021,892,3.76,Sh,2,1,V,,,1.12,Sh,4.0,830
4848,2021,892,3.76,Sh,2,2,S,0.0,0.0,,,,830
4849,2021,893,5.62,Me,6,1,B,,,,,,830
4850,2021,893,5.62,Me,6,2,V,,,3.43,Sh,2.0,830
4851,2021,893,5.62,Me,6,3,V,,,3.83,Sh,5.0,830
4852,2021,893,5.62,Me,6,4,M,0.0,0.0,2.39,Sh,1.0,830
4853,2021,893,5.62,Me,6,5,V,,,4.31,Sh,5.0,830
4854,2021,893,5.62,Me,6,6,V,,,4.29,Sh,5.0,830
4855,2021,893,5.62,Me,6,6,V,,,1.83,Sh,4.0,830
4856,2021,894,6.95,Me,6,1,V,,,5.42,Me,4.0,830
4857,2021,894,6.95,Me,6,2,V,,,1.72,Sh,2.0,830
4858,2021,894,6.95,Me,6,2,V,,,1.48,Sh,2.0,830
4859,2021,894,6.95,Me,6,3,S,0.0,0.0,,,,830
4860,2021,894,6.95,Me,6,4,M,1.0,2.0,0.23,Sh,2.0,830
4861,2021,894,6.95,Me,6,4,V,,,3.95,Sh,5.0,830
4862,2021,894,6.95,Me,6,5,V,,,4.14,Sh,6.0,830
4863,2021,894,6.95,Me,6,6,M,0.0,0.0,8.54,Me,8.0,830
4864,2021,895,2.19,Sh,3,1,V,,,1.3,Sh,4.0,830
4865,2021,895,2.19,Sh,3,2,V,,,,,,830
4866,2021,895,2.19,Sh,3,3,V,,,3.44,Sh,4.0,830
4867,2021,896,2.72,Sh,1,1,S,0.0,0.0,,,,830
4868,2021,897,4.85,Sh,5,1,B,,,,,,830
4869,2021,897,4.85,Sh,5,2,S,0.0,0.0,,,,830
4870,2021,897,4.85,Sh,5,3,S,0.0,0.0,,,,830
4871,2021,897,4.85,Sh,5,4,S,0.0,0.0,,,,830
4872,2021,897,4.85,Sh,5,5,M,0.0,0.0,1.51,Sh,3.0,830
4873,2021,899,1.91,Sh,1,1,M,1.0,4.0,2.51,Sh,2.0,830
4874,2021,899,1.91,Sh,1,1,V,,,1.45,Sh,3.0,830
4875,2021,901,3.31,Sh,3,1,M,1.0,1.0,2.59,Sh,2.0,830
4876,2021,901,3.31,Sh,3,1,M,,,,,,830
4877,2021,901,3.31,Sh,3,2,S,0.0,0.0,,,,830
4878,2021,901,3.31,Sh,3,3,M,0.0,0.0,7.71,Me,3.0,830
4879,2021,902,2.21,Sh,2,1,B,,,,,,830
4880,2021,902,2.21,Sh,2,2,M,1.0,2.0,5.66,Me,5.0,830
4881,2021,904,3.62,Sh,5,1,V,,,2.63,Sh,3.0,830
4882,2021,904,3.62,Sh,5,2,B,,,,,,830
4883,2021,904,3.62,Sh,5,3,B,,,,,,830
4884,2021,904,3.62,Sh,5,4,S,0.0,0.0,,,,830
4885,2021,904,3.62,Sh,5,5,V,,,3.0,Sh,5.0,830
4886,2021,904,3.62,Sh,5,5,M,0.0,0.0,5.65,Me,3.0,830
4887,2021,905,0.78,Sh,2,1,B,,,,,,830
4888,2021,905,0.78,Sh,2,2,M,0.0,0.0,0.98,Sh,1.0,830
4889,2021,906,0.84,Sh,2,1,S,0.0,0.0,,,,830
4890,2021,906,0.84,Sh,2,2,B,,,,,,830
4891,2021,907,8.66,Me,4,1,V,,,,,,830
4892,2021,907,8.66,Me,4,2,M,0.0,0.0,0.31,Sh,2.0,830
4893,2021,907,8.66,Me,4,2,V,,,2.02,Sh,2.0,830
4894,2021,907,8.66,Me,4,3,V,,,3.01,Sh,6.0,830
4895,2021,907,8.66,Me,4,4,V,,,8.12,Me,4.0,830
4896,2021,909,9.22,Me,7,1,V,,,0.3,Sh,2.0,830
4897,2021,909,9.22,Me,7,2,V,,,3.47,Sh,3.0,830
4898,2021,909,9.22,Me,7,3,B,,,,,,830
4899,2021,909,9.22,Me,7,4,S,0.0,0.0,,,,830
4900,2021,909,9.22,Me,7,5,V,,,2.98,Sh,4.0,830
4901,2021,909,9.22,Me,7,5,V,,,4.5,Sh,3.0,830
4902,2021,909,9.22,Me,7,6,M,0.0,0.0,7.31,Me,7.0,830
4903,2021,909,9.22,Me,7,7,V,,,3.28,Sh,3.0,830
4904,2021,910,2.93,Sh,5,1,B,,,,,,830
4905,2021,910,2.93,Sh,5,2,B,,,,,,830
4906,2021,910,2.93,Sh,5,3,V,,,,,,830
4907,2021,910,2.93,Sh,5,4,M,1.0,6.0,8.96,Me,9.0,830
4908,2021,910,2.93,Sh,5,5,B,,,,,,830
4909,2021,911,0.63,Sh,2,1,V,,,2.55,Sh,3.0,830
4910,2021,911,0.63,Sh,2,2,B,,,,,,830
4911,2021,912,1.34,Sh,1,1,V,,,0.4,Sh,3.0,830
4912,2021,913,3.04,Sh,3,1,V,,,0.19,Sh,1.0,830
4913,2021,913,3.04,Sh,3,2,V,,,3.15,Sh,3.0,830
4914,2021,913,3.04,Sh,3,3,S,0.0,0.0,,,,830
4915,2021,915,1.26,Sh,1,1,B,,,,,,830
4916,2021,916,0.89,Sh,1,1,M,1.0,3.0,3.86,Sh,6.0,830
4917,2021,917,2.34,Sh,1,1,V,,,0.22,Sh,1.0,830
4918,2021,918,2.9,Sh,4,1,M,,,,,,830
4919,2021,918,2.9,Sh,4,2,S,0.0,0.0,,,,830
4920,2021,918,2.9,Sh,4,3,S,0.0,0.0,,,,830
4921,2021,918,2.9,Sh,4,4,V,,,0.1,Sh,3.0,830
4922,2021,919,2.75,Sh,1,1,B,,,,,,830
4923,2021,920,0.96,Sh,5,1,V,,,,,,830
4924,2021,920,0.96,Sh,5,2,M,,,,,,830
4925,2021,920,0.96,Sh,5,2,V,,,,,,830
4926,2021,920,0.96,Sh,5,3,S,0.0,0.0,,,,830
4927,2021,920,0.96,Sh,5,4,S,0.0,0.0,,,,830
4928,2021,920,0.96,Sh,5,5,V,,,2.96,Sh,3.0,830
4929,2021,920,0.96,Sh,5,5,V,,,2.81,Sh,6.0,830
4930,2021,920,0.62,Sh,2,1,M,0.0,0.0,0.4,Sh,1.0,830
4931,2021,920,0.62,Sh,2,1,V,,,2.22,Sh,2.0,830
4932,2021,920,0.62,Sh,2,1,V,,,3.92,Sh,2.0,830
4933,2021,920,0.62,Sh,2,2,M,0.0,0.0,2.3,Sh,4.0,830
4934,2021,920,0.62,Sh,2,2,V,,,5.78,Me,5.0,830
4935,2021,920,0.62,Sh,2,2,V,,,1.45,Sh,3.0,830
4936,2021,921,2.37,Sh,2,1,V,,,0.72,Sh,1.0,830
4937,2021,921,2.37,Sh,2,2,V,,,7.66,Me,11.0,830
4938,2021,921,2.37,Sh,2,2,M,0.0,0.0,0.72,Sh,3.0,830
4939,2021,922,6.16,Me,7,1,B,,,,,,830
4940,2021,922,6.16,Me,7,2,S,0.0,0.0,,,,830
4941,2021,922,6.16,Me,7,3,S,0.0,0.0,,,,830
4942,2021,922,6.16,Me,7,4,S,0.0,0.0,,,,830
4943,2021,922,6.16,Me,7,5,V,,,6.75,Me,7.0,830
4944,2021,922,6.16,Me,7,6,M,0.0,0.0,3.38,Sh,5.0,830
4945,2021,922,6.16,Me,7,7,M,1.0,2.0,4.51,Sh,5.0,830
4946,2021,922,6.16,Me,7,7,M,1.0,3.0,4.29,Sh,4.0,830
4947,2021,923,3.47,Sh,2,1,B,,,,,,830
4948,2021,923,3.47,Sh,2,2,B,,,,,,830
4949,2021,924,6.95,Me,3,1,V,,,2.98,Sh,4.0,830
4950,2021,924,6.95,Me,3,2,S,0.0,0.0,,,,830
4951,2021,924,6.95,Me,3,3,B,,,,,,830
4952,2021,926,7.67,Me,8,1,B,,,,,,830
4953,2021,926,7.67,Me,8,2,M,,,,,,830
4954,2021,926,7.67,Me,8,3,S,0.0,0.0,,,,830
4955,2021,926,7.67,Me,8,4,S,0.0,0.0,,,,830
4956,2021,926,7.67,Me,8,5,M,0.0,0.0,2.47,Sh,1.0,830
4957,2021,926,7.67,Me,8,6,M,0.0,0.0,5.08,Me,3.0,830
4958,2021,926,7.67,Me,8,6,M,0.0,0.0,4.9,Sh,4.0,830
4959,2021,926,7.67,Me,8,7,S,0.0,0.0,,,,830
4960,2021,926,7.67,Me,8,8,M,0.0,0.0,3.86,Sh,1.0,830
4961,2021,927,0.5,Sh,2,1,B,,,,,,830
4962,2021,927,0.5,Sh,2,2,M,0.0,0.0,1.69,Sh,4.0,830
4963,2021,931,2.37,Sh,3,1,M,1.0,1.0,1.17,Sh,1.0,830
4964,2021,931,2.37,Sh,3,2,S,0.0,0.0,,,,830
4965,2021,931,2.37,Sh,3,3,M,1.0,5.0,2.23,Sh,5.0,830
4966,2021,932,0.8,Sh,3,1,B,,,,,,830
4967,2021,932,0.8,Sh,3,2,M,1.0,1.0,4.08,Sh,4.0,830
4968,2021,932,0.8,Sh,3,3,V,,,4.32,Sh,3.0,830
4969,2021,933,2.19,Sh,1,1,B,,,,,,830
4970,2021,934,3.23,Sh,4,1,B,,,,,,830
4971,2021,934,3.23,Sh,4,2,V,,,,,,830
4972,2021,934,3.23,Sh,4,2,M,1.0,2.0,1.81,Sh,1.0,830
4973,2021,934,3.23,Sh,4,3,S,0.0,0.0,,,,830
4974,2021,934,3.23,Sh,4,4,V,,,,,,830
4975,2021,934,3.23,Sh,4,4,V,,,9.04,Me,5.0,830
4976,2021,934,3.23,Sh,4,4,V,,,3.58,Sh,4.0,830
4977,2021,935,3.39,Sh,2,1,S,0.0,0.0,,,,830
4978,2021,935,3.39,Sh,2,2,M,0.0,0.0,4.51,Sh,6.0,830
4979,2021,935,3.39,Sh,2,2,M,0.0,0.0,3.44,Sh,3.0,830
4980,2021,936,7.4,Me,4,1,V,,,0.14,Sh,2.0,830
4981,2021,936,7.4,Me,4,2,B,,,,,,830
4982,2021,936,7.4,Me,4,3,S,0.0,0.0,,,,830
4983,2021,936,7.4,Me,4,4,V,,,6.3,Me,8.0,830
4984,2021,936,7.4,Me,4,4,M,0.0,0.0,1.92,Sh,3.0,830
4985,2021,937,2.4,Sh,2,1,M,1.0,2.0,0.97,Sh,4.0,830
4986,2021,937,2.4,Sh,2,2,S,0.0,0.0,,,,830
4987,2021,938,4.39,Sh,5,1,V,,,,,,830
4988,2021,938,4.39,Sh,5,2,V,,,2.81,Sh,4.0,830
4989,2021,938,4.39,Sh,5,2,V,,,2.64,Sh,5.0,830
4990,2021,938,4.39,Sh,5,3,V,,,1.97,Sh,4.0,830
4991,2021,938,4.39,Sh,5,4,V,,,2.2,Sh,6.0,830
4992,2021,938,4.39,Sh,5,5,M,1.0,4.0,4.18,Sh,8.0,830
4993,2021,938,4.39,Sh,5,5,V,,,3.54,Sh,9.0,830
4994,2021,938,4.39,Sh,5,5,M,0.0,0.0,3.41,Sh,3.0,830
4995,2021,938,4.39,Sh,5,5,M,0.0,0.0,1.77,Sh,3.0,830
4996,2021,939,1.33,Sh,2,1,V,,,,,,830
4997,2021,939,1.33,Sh,2,2,B,,,,,,830
4998,2021,940,10.63,Me,7,1,B,,,,,,830
4999,2021,940,10.63,Me,7,2,V,,,0.51,Sh,4.0,830
5000,2021,940,10.63,Me,7,2,M,1.0,1.0,5.47,Me,5.0,830
5001,2021,940,10.63,Me,7,3,M,1.0,3.0,1.7,Sh,4.0,830
5002,2021,940,10.63,Me,7,3,V,,,2.98,Sh,1.0,830
5003,2021,940,10.63,Me,7,3,M,0.0,0.0,3.65,Sh,2.0,830
5004,2021,940,10.63,Me,7,4,S,0.0,0.0,,,,830
5005,2021,940,10.63,Me,7,5,M,1.0,3.0,4.28,Sh,4.0,830
5006,2021,940,10.63,Me,7,6,S,0.0,0.0,,,,830
5007,2021,940,10.63,Me,7,7,V,,,3.38,Sh,5.0,830
5008,2021,941,9.32,Me,6,1,V,,,1.17,Sh,2.0,830
5009,2021,941,9.32,Me,6,1,M,0.0,0.0,3.64,Sh,3.0,830
5010,2021,941,9.32,Me,6,2,B,,,,,,830
5011,2021,941,9.32,Me,6,3,V,,,0.98,Sh,1.0,830
5012,2021,941,9.32,Me,6,4,B,,,,,,830
5013,2021,941,9.32,Me,6,5,M,1.0,1.0,4.65,Sh,6.0,830
5014,2021,941,9.32,Me,6,6,M,0.0,0.0,0.51,Sh,1.0,830
5015,2021,942,12.11,Me,9,1,S,0.0,0.0,,,,830
5016,2021,942,12.11,Me,9,2,V,,,1.5,Sh,1.0,830
5017,2021,942,12.11,Me,9,2,V,,,,,,830
5018,2021,942,12.11,Me,9,2,V,,,1.58,Sh,2.0,830
5019,2021,942,12.11,Me,9,3,B,,,,,,830
5020,2021,942,12.11,Me,9,4,B,,,,,,830
5021,2021,942,12.11,Me,9,5,V,,,4.02,Sh,3.0,830
5022,2021,942,12.11,Me,9,6,S,0.0,0.0,,,,830
5023,2021,942,12.11,Me,9,7,S,0.0,0.0,,,,830
5024,2021,942,12.11,Me,9,8,M,0.0,0.0,5.65,Me,3.0,830
5025,2021,942,12.11,Me,9,9,V,,,9.9,Me,8.0,830
5026,2021,943,8.7,Me,3,1,B,,,,,,830
5027,2021,943,8.7,Me,3,2,B,,,,,,830
5028,2021,943,8.7,Me,3,3,S,0.0,0.0,,,,830
5029,2021,944,4.62,Sh,6,1,B,,,,,,830
5030,2021,944,4.62,Sh,6,2,B,,,,,,830
5031,2021,944,4.62,Sh,6,3,V,,,,,,830
5032,2021,944,4.62,Sh,6,3,V,,,0.13,Sh,1.0,830
5033,2021,944,4.62,Sh,6,4,M,0.0,0.0,4.17,Sh,5.0,830
5034,2021,944,4.62,Sh,6,4,V,,,5.51,Me,8.0,830
5035,2021,944,4.62,Sh,6,4,M,0.0,0.0,0.31,Sh,2.0,830
5036,2021,944,4.62,Sh,6,5,V,,,2.97,Sh,2.0,830
5037,2021,944,4.62,Sh,6,5,M,0.0,0.0,2.08,Sh,6.0,830
5038,2021,944,4.62,Sh,6,5,M,0.0,0.0,2.41,Sh,2.0,830
5039,2021,944,4.62,Sh,6,6,M,0.0,0.0,0.31,Sh,2.0,830
5040,2021,945,10.49,Me,7,1,V,,,0.38,Sh,2.0,830
5041,2021,945,10.49,Me,7,2,B,,,,,,830
5042,2021,945,10.49,Me,7,3,V,,,2.01,Sh,3.0,830
5043,2021,945,10.49,Me,7,4,S,0.0,0.0,,,,830
5044,2021,945,10.49,Me,7,5,M,0.0,0.0,6.64,Me,6.0,830
5045,2021,945,10.49,Me,7,5,M,0.0,0.0,6.26,Me,5.0,830
5046,2021,945,10.49,Me,7,6,M,1.0,3.0,0.06,Sh,2.0,830
5047,2021,945,10.49,Me,7,7,M,1.0,6.0,1.27,Sh,1.0,830
5048,2021,946,7.43,Me,5,1,B,,,,,,830
5049,2021,946,7.43,Me,5,2,M,1.0,1.0,2.04,Sh,4.0,830
5050,2021,946,7.43,Me,5,2,V,,,1.86,Sh,1.0,830
5051,2021,946,7.43,Me,5,2,V,,,1.68,Sh,2.0,830
5052,2021,946,7.43,Me,5,3,S,0.0,0.0,,,,830
5053,2021,946,7.43,Me,5,4,S,0.0,0.0,,,,830
5054,2021,946,7.43,Me,5,5,S,0.0,0.0,,,,830
5055,2021,947,4.79,Sh,4,1,B,,,,,,830
5056,2021,947,4.79,Sh,4,2,B,,,,,,830
5057,2021,947,4.79,Sh,4,3,S,0.0,0.0,,,,830
5058,2021,947,4.79,Sh,4,4,S,0.0,0.0,,,,830
5059,2021,948,0.52,Sh,1,1,V,,,3.41,Sh,5.0,830
5060,2021,948,0.52,Sh,1,1,M,0.0,0.0,0.94,Sh,3.0,830
5061,2021,949,0.44,Sh,3,1,M,,,,,,830
5062,2021,949,0.44,Sh,3,2,M,,,,,,830
5063,2021,949,0.44,Sh,3,3,V,,,8.39,Me,7.0,830
5064,2021,950,5.55,Me,4,1,B,,,,,,830
5065,2021,950,5.55,Me,4,2,V,,,,,,830
5066,2021,950,5.55,Me,4,2,V,,,2.69,Sh,8.0,830
5067,2021,950,5.55,Me,4,2,M,1.0,1.0,2.16,Sh,5.0,830
5068,2021,950,5.55,Me,4,3,V,,,3.88,Sh,3.0,830
5069,2021,950,5.55,Me,4,3,V,,,2.96,Sh,3.0,830
5070,2021,950,5.55,Me,4,4,V,,,5.34,Me,4.0,830
5071,2021,952,4.52,Sh,3,1,B,,,,,,830
5072,2021,952,4.52,Sh,3,2,B,,,,,,830
5073,2021,952,4.52,Sh,3,3,S,0.0,0.0,,,,830
5074,2021,953,0.16,Sh,4,1,S,0.0,0.0,,,,830
5075,2021,953,0.16,Sh,4,2,S,0.0,0.0,,,,830
5076,2021,953,0.16,Sh,4,3,B,,,,,,830
5077,2021,953,0.16,Sh,4,4,M,0.0,0.0,3.04,Sh,2.0,830
5078,2021,954,2.43,Sh,4,1,B,,,,,,830
5079,2021,954,2.43,Sh,4,2,V,,,,,,830
5080,2021,954,2.43,Sh,4,3,V,,,1.93,Sh,3.0,830
5081,2021,954,2.43,Sh,4,3,M,0.0,0.0,2.09,Sh,5.0,830
5082,2021,954,2.43,Sh,4,4,V,,,2.43,Sh,3.0,830
5083,2021,957,6.98,Me,7,1,V,,,,,,830
5084,2021,957,6.98,Me,7,2,V,,,1.59,Sh,1.0,830
5085,2021,957,6.98,Me,7,3,M,0.0,0.0,2.73,Sh,4.0,830
5086,2021,957,6.98,Me,7,3,V,,,1.25,Sh,1.0,830
5087,2021,957,6.98,Me,7,4,S,0.0,0.0,,,,830
5088,2021,957,6.98,Me,7,5,M,1.0,4.0,2.0,Sh,2.0,830
5089,2021,957,6.98,Me,7,6,M,0.0,0.0,1.76,Sh,4.0,830
5090,2021,957,6.98,Me,7,6,V,,,0.73,Sh,1.0,830
5091,2021,957,6.98,Me,7,7,M,0.0,0.0,7.06,Me,1.0,830
5092,2021,957,6.98,Me,7,7,M,0.0,0.0,4.72,Sh,3.0,830
5093,2021,957,6.98,Me,7,7,M,0.0,0.0,7.84,Me,6.0,830
5094,2021,958,7.18,Me,6,1,S,0.0,0.0,,,,830
5095,2021,958,7.18,Me,6,2,V,,,,,,830
5096,2021,958,7.18,Me,6,3,S,0.0,0.0,,,,830
5097,2021,958,7.18,Me,6,4,M,1.0,1.0,1.58,Sh,5.0,830
5098,2021,958,7.18,Me,6,5,V,,,3.01,Sh,3.0,830
5099,2021,958,7.18,Me,6,6,M,1.0,5.0,4.42,Sh,4.0,830
5100,2021,959,3.55,Sh,4,1,M,,,,,,830
5101,2021,959,3.55,Sh,4,2,S,0.0,0.0,,,,830
5102,2021,959,3.55,Sh,4,3,B,,,,,,830
5103,2021,959,3.55,Sh,4,4,B,,,,,,830
5104,2021,960,7.1,Me,6,1,B,,,,,,830
5105,2021,960,7.1,Me,6,2,B,,,,,,830
5106,2021,960,7.1,Me,6,3,S,0.0,0.0,,,,830
5107,2021,960,7.1,Me,6,4,S,0.0,0.0,,,,830
5108,2021,960,7.1,Me,6,5,M,1.0,3.0,5.51,Me,6.0,830
5109,2021,960,7.1,Me,6,6,V,,,5.82,Me,2.0,830
5110,2021,961,6.56,Me,7,1,M,,,,,,830
5111,2021,961,6.56,Me,7,2,V,,,0.37,Sh,2.0,830
5112,2021,961,6.56,Me,7,3,M,0.0,0.0,3.36,Sh,5.0,830
5113,2021,961,6.56,Me,7,4,M,0.0,0.0,3.5,Sh,5.0,830
5114,2021,961,6.56,Me,7,5,S,0.0,0.0,,,,830
5115,2021,961,6.56,Me,7,6,M,,,,,,830
5116,2021,961,6.56,Me,7,7,M,0.0,0.0,3.23,Sh,3.0,830
5117,2021,961,6.56,Me,7,7,V,,,3.52,Sh,3.0,830
5118,2021,962,4.47,Sh,10,1,M,0.0,0.0,0.81,Sh,1.0,830
5119,2021,962,4.47,Sh,10,2,V,,,2.02,Sh,2.0,830
5120,2021,962,4.47,Sh,10,3,V,,,2.18,Sh,4.0,830
5121,2021,962,4.47,Sh,10,4,V,,,0.25,Sh,2.0,830
5122,2021,962,4.47,Sh,10,5,V,,,2.48,Sh,2.0,830
5123,2021,962,4.47,Sh,10,6,S,0.0,0.0,,,,830
5124,2021,962,4.47,Sh,10,7,V,,,2.7,Sh,1.0,830
5125,2021,962,4.47,Sh,10,8,M,0.0,0.0,1.87,Sh,4.0,830
5126,2021,962,4.47,Sh,10,8,V,,,,,,830
5127,2021,962,4.47,Sh,10,8,M,0.0,0.0,1.21,Sh,2.0,830
5128,2021,962,4.47,Sh,10,9,M,1.0,3.0,4.68,Sh,3.0,830
5129,2021,962,4.47,Sh,10,9,V,,,,,,830
5130,2021,962,4.47,Sh,10,10,V,,,4.5,Sh,6.0,830
5131,2021,963,0.39,Sh,2,1,V,,,5.06,Me,6.0,830
5132,2021,963,0.39,Sh,2,2,B,,,,,,830
5133,2021,965,1.56,Sh,2,1,V,,,2.89,Sh,2.0,830
5134,2021,965,1.56,Sh,2,1,M,0.0,0.0,4.35,Sh,4.0,830
5135,2021,965,1.56,Sh,2,1,V,,,1.07,Sh,4.0,830
5136,2021,965,1.56,Sh,2,2,M,0.0,0.0,6.14,Me,6.0,830
5137,2021,966,1.32,Sh,4,1,B,,,,,,830
5138,2021,966,1.32,Sh,4,2,V,,,1.46,Sh,1.0,830
5139,2021,966,1.32,Sh,4,2,M,0.0,0.0,5.27,Me,5.0,830
5140,2021,966,1.32,Sh,4,3,V,,,3.24,Sh,4.0,830
5141,2021,966,1.32,Sh,4,3,M,1.0,3.0,2.13,Sh,4.0,830
5142,2021,966,1.32,Sh,4,4,V,,,5.56,Me,7.0,830
5143,2021,966,1.32,Sh,4,4,M,1.0,3.0,4.47,Sh,2.0,830
5144,2021,966,1.32,Sh,4,4,V,,,1.59,Sh,2.0,830
5145,2021,968,3.86,Sh,3,1,B,,,,,,830
5146,2021,968,3.86,Sh,3,2,S,0.0,0.0,,,,830
5147,2021,968,3.86,Sh,3,3,V,,,9.5,Me,6.0,830
5148,2021,970,5.56,Me,3,1,S,0.0,0.0,,,,830
5149,2021,970,5.56,Me,3,2,M,,,,,,830
5150,2021,970,5.56,Me,3,2,M,0.0,0.0,0.55,Sh,1.0,830
5151,2021,970,5.56,Me,3,2,V,,,0.32,Sh,1.0,830
5152,2021,970,5.56,Me,3,3,B,,,,,,830
5153,2021,971,0.58,Sh,1,1,S,0.0,0.0,,,,830
5154,2021,971,1.29,Sh,1,1,V,,,2.36,Sh,4.0,830
5155,2021,972,3.23,Sh,3,1,B,,,,,,830
5156,2021,972,3.23,Sh,3,2,S,0.0,0.0,,,,830
5157,2021,972,3.23,Sh,3,3,B,,,,,,830
5158,2021,973,2.77,Sh,1,1,V,,,2.1,Sh,6.0,830
5159,2021,974,3.55,Sh,4,1,M,,,,,,830
5160,2021,974,3.55,Sh,4,1,V,,,1.54,Sh,2.0,830
5161,2021,974,3.55,Sh,4,1,V,,,,,,830
5162,2021,974,3.55,Sh,4,1,V,,,2.66,Sh,6.0,830
5163,2021,974,3.55,Sh,4,1,V,,,,,,830
5164,2021,974,3.55,Sh,4,2,V,,,,,,830
5165,2021,974,3.55,Sh,4,3,M,0.0,0.0,0.04,Sh,1.0,830
5166,2021,974,3.55,Sh,4,4,M,0.0,0.0,6.17,Me,5.0,830
5167,2021,974,3.55,Sh,4,4,V,,,5.55,Me,3.0,830
5168,2021,975,0.99,Sh,1,1,M,0.0,0.0,1.35,Sh,2.0,830
5169,2021,975,1.22,Sh,4,1,M,0.0,0.0,0.4,Sh,1.0,830
5170,2021,975,1.22,Sh,4,2,B,,,,,,830
5171,2021,975,1.22,Sh,4,3,M,0.0,0.0,0.87,Sh,2.0,830
5172,2021,975,1.22,Sh,4,3,V,,,3.71,Sh,5.0,830
5173,2021,975,1.22,Sh,4,3,V,,,9.7,Me,4.0,830
5174,2021,975,1.22,Sh,4,4,V,,,7.7,Me,5.0,830
5175,2021,976,3.29,Sh,5,1,M,,,,,,830
5176,2021,976,3.29,Sh,5,2,S,0.0,0.0,,,,830
5177,2021,976,3.29,Sh,5,3,S,0.0,0.0,,,,830
5178,2021,976,3.29,Sh,5,4,S,0.0,0.0,,,,830
5179,2021,976,3.29,Sh,5,5,S,0.0,0.0,,,,830
5180,2021,977,3.17,Sh,6,1,B,,,,,,830
5181,2021,977,3.17,Sh,6,2,M,0.0,0.0,0.78,Sh,5.0,830
5182,2021,977,3.17,Sh,6,3,B,,,,,,830
5183,2021,977,3.17,Sh,6,4,S,0.0,0.0,,,,830
5184,2021,977,3.17,Sh,6,5,M,1.0,4.0,2.07,Sh,2.0,830
5185,2021,977,3.17,Sh,6,6,V,,,3.83,Sh,4.0,830
5186,2021,978,2.2,Sh,4,1,V,,,0.17,Sh,2.0,830
5187,2021,978,2.2,Sh,4,2,B,,,,,,830
5188,2021,978,2.2,Sh,4,3,M,0.0,0.0,4.2,Sh,2.0,830
5189,2021,978,2.2,Sh,4,4,V,,,7.51,Me,7.0,830
5190,2021,978,2.2,Sh,4,4,M,1.0,5.0,3.42,Sh,5.0,830
5191,2021,979,5.25,Me,6,1,B,,,,,,830
5192,2021,979,5.25,Me,6,2,S,0.0,0.0,,,,830
5193,2021,979,5.25,Me,6,3,M,0.0,0.0,0.46,Sh,3.0,830
5194,2021,979,5.25,Me,6,3,M,0.0,0.0,2.37,Sh,6.0,830
5195,2021,979,5.25,Me,6,4,M,1.0,5.0,4.3,Sh,5.0,830
5196,2021,979,5.25,Me,6,5,S,0.0,0.0,,,,830
5197,2021,979,5.25,Me,6,6,V,,,6.18,Me,5.0,830
5198,2021,980,6.52,Me,6,1,B,,,,,,830
5199,2021,980,6.52,Me,6,2,V,,,0.52,Sh,5.0,830
5200,2021,980,6.52,Me,6,2,V,,,3.13,Sh,5.0,830
5201,2021,980,6.52,Me,6,3,B,,,,,,830
5202,2021,980,6.52,Me,6,4,M,,,,,,830
5203,2021,980,6.52,Me,6,4,V,,,2.99,Sh,5.0,830
5204,2021,980,6.52,Me,6,5,S,0.0,0.0,,,,830
5205,2021,980,6.52,Me,6,6,B,,,,,,830
5206,2021,981,5.36,Me,7,1,B,,,,,,830
5207,2021,981,5.36,Me,7,2,B,,,,,,830
5208,2021,981,5.36,Me,7,3,S,0.0,0.0,,,,830
5209,2021,981,5.36,Me,7,4,V,,,4.52,Sh,5.0,830
5210,2021,981,5.36,Me,7,5,V,,,0.4,Sh,1.0,830
5211,2021,981,5.36,Me,7,5,M,0.0,0.0,3.97,Sh,1.0,830
5212,2021,981,5.36,Me,7,5,V,,,4.03,Sh,3.0,830
5213,2021,981,5.36,Me,7,5,M,0.0,0.0,6.34,Me,4.0,830
5214,2021,981,5.36,Me,7,5,M,0.0,0.0,4.02,Sh,5.0,830
5215,2021,981,5.36,Me,7,6,M,0.0,0.0,3.07,Sh,2.0,830
5216,2021,981,5.36,Me,7,6,M,1.0,4.0,7.78,Me,7.0,830
5217,2021,981,5.36,Me,7,7,M,0.0,0.0,3.4,Sh,3.0,830
5218,2021,981,5.36,Me,7,7,M,,,,,,830
5219,2021,981,5.36,Me,7,7,V,,,5.62,Me,4.0,830
5220,2021,981,5.36,Me,7,7,M,0.0,0.0,3.51,Sh,7.0,830
5221,2021,981,5.36,Me,7,7,M,,,,,,830
5222,2021,982,8.05,Me,6,1,M,,,,,,830
5223,2021,982,8.05,Me,6,2,V,,,3.56,Sh,6.0,830
5224,2021,982,8.05,Me,6,3,S,0.0,0.0,,,,830
5225,2021,982,8.05,Me,6,4,M,1.0,3.0,5.4,Me,6.0,830
5226,2021,982,8.05,Me,6,5,S,0.0,0.0,,,,830
5227,2021,982,8.05,Me,6,6,M,1.0,1.0,6.25,Me,4.0,830
5228,2021,983,6.43,Me,4,1,M,0.0,0.0,1.97,Sh,4.0,830
5229,2021,983,6.43,Me,4,2,S,0.0,0.0,,,,830
5230,2021,983,6.43,Me,4,3,S,0.0,0.0,,,,830
5231,2021,983,6.43,Me,4,4,V,,,0.31,Sh,3.0,830
5232,2021,983,6.43,Me,4,4,V,,,4.31,Sh,3.0,830
5233,2021,983,6.43,Me,4,4,M,0.0,0.0,9.38,Me,4.0,830
5234,2021,985,5.84,Me,6,1,S,0.0,0.0,,,,830
5235,2021,985,5.84,Me,6,2,B,,,,,,830
5236,2021,985,5.84,Me,6,3,V,,,0.14,Sh,2.0,830
5237,2021,985,5.84,Me,6,4,M,1.0,2.0,5.85,Me,9.0,830
5238,2021,985,5.84,Me,6,5,V,,,2.29,Sh,3.0,830
5239,2021,985,5.84,Me,6,5,M,1.0,3.0,8.01,Me,4.0,830
5240,2021,985,5.84,Me,6,6,V,,,7.59,Me,6.0,830
5241,2021,986,1.37,Sh,4,1,B,,,,,,830
5242,2021,986,1.37,Sh,4,2,S,0.0,0.0,,,,830
5243,2021,986,1.37,Sh,4,3,S,0.0,0.0,,,,830
5244,2021,986,1.37,Sh,4,4,B,,,,,,830
5245,2021,987,9.6,Me,5,1,S,0.0,0.0,,,,830
5246,2021,987,9.6,Me,5,2,S,0.0,0.0,,,,830
5247,2021,987,9.6,Me,5,3,V,,,2.74,Sh,3.0,830
5248,2021,987,9.6,Me,5,3,V,,,2.13,Sh,3.0,830
5249,2021,987,9.6,Me,5,4,B,,,,,,830
5250,2021,987,9.6,Me,5,5,B,,,,,,830
5251,2021,988,2.6,Sh,5,1,V,,,1.47,Sh,2.0,830
5252,2021,988,2.6,Sh,5,2,M,,,,,,830
5253,2021,988,2.6,Sh,5,3,V,,,4.2,Sh,3.0,830
5254,2021,988,2.6,Sh,5,4,S,0.0,0.0,,,,830
5255,2021,988,2.6,Sh,5,5,M,0.0,0.0,1.23,Sh,2.0,830
5256,2021,988,2.6,Sh,5,5,V,,,0.59,Sh,1.0,830
5257,2021,989,9.7,Me,8,1,V,,,3.82,Sh,5.0,830
5258,2021,989,9.7,Me,8,2,B,,,,,,830
5259,2021,989,9.7,Me,8,3,M,1.0,5.0,1.27,Sh,2.0,830
5260,2021,989,9.7,Me,8,4,S,0.0,0.0,,,,830
5261,2021,989,9.7,Me,8,5,B,,,,,,830
5262,2021,989,9.7,Me,8,6,S,0.0,0.0,,,,830
5263,2021,989,9.7,Me,8,7,S,0.0,0.0,,,,830
5264,2021,989,9.7,Me,8,8,V,,,4.27,Sh,7.0,830
5265,2021,989,9.7,Me,8,8,V,,,,,,830
5266,2021,990,2.76,Sh,3,1,B,,,,,,830
5267,2021,990,2.76,Sh,3,2,S,0.0,0.0,,,,830
5268,2021,990,2.76,Sh,3,3,M,0.0,0.0,8.85,Me,7.0,830
5269,2021,992,3.11,Sh,4,1,V,,,0.39,Sh,1.0,830
5270,2021,992,3.11,Sh,4,2,B,,,,,,830
5271,2021,992,3.11,Sh,4,3,S,0.0,0.0,,,,830
5272,2021,992,3.11,Sh,4,4,V,,,2.01,Sh,1.0,830
5273,2021,992,3.11,Sh,4,4,M,0.0,0.0,2.24,Sh,5.0,830
5274,2021,992,3.11,Sh,4,4,M,0.0,0.0,1.51,Sh,2.0,830
5275,2021,993,0.78,Sh,2,1,B,,,,,,830
5276,2021,993,0.78,Sh,2,2,B,,,,,,830
5277,2021,994,3.85,Sh,4,1,B,,,,,,830
5278,2021,994,3.85,Sh,4,2,M,,,,,,830
5279,2021,994,3.85,Sh,4,3,S,0.0,0.0,,,,830
5280,2021,994,3.85,Sh,4,4,B,,,,,,830
5281,2021,995,5.79,Me,4,1,V,,,0.29,Sh,2.0,830
5282,2021,995,5.79,Me,4,1,M,,,,,,830
5283,2021,995,5.79,Me,4,1,M,0.0,0.0,1.92,Sh,3.0,830
5284,2021,995,5.79,Me,4,1,M,,,,,,830
5285,2021,995,5.79,Me,4,2,V,,,0.49,Sh,2.0,830
5286,2021,995,5.79,Me,4,3,B,,,,,,830
5287,2021,995,5.79,Me,4,4,S,0.0,0.0,,,,830
5288,2021,996,8.53,Me,4,1,V,,,4.5,Sh,7.0,830
5289,2021,996,8.53,Me,4,1,V,,,,,,830
5290,2021,996,8.53,Me,4,1,M,0.0,0.0,2.81,Sh,6.0,830
5291,2021,996,8.53,Me,4,1,M,,,,,,830
5292,2021,996,8.53,Me,4,2,M,1.0,5.0,2.57,Sh,1.0,830
5293,2021,996,8.53,Me,4,3,V,,,0.43,Sh,1.0,830
5294,2021,996,8.53,Me,4,4,M,0.0,0.0,4.56,Sh,6.0,830
5295,2021,996,8.53,Me,4,4,M,1.0,4.0,4.33,Sh,3.0,830
5296,2021,996,8.53,Me,4,4,M,0.0,0.0,5.02,Me,5.0,830
5297,2021,997,4.04,Sh,3,1,V,,,0.15,Sh,1.0,830
5298,2021,997,4.04,Sh,3,1,V,,,,,,830
5299,2021,997,4.04,Sh,3,1,V,,,5.03,Me,6.0,830
5300,2021,997,4.04,Sh,3,2,B,,,,,,830
5301,2021,997,4.04,Sh,3,3,V,,,1.17,Sh,1.0,830
5302,2021,999,2.95,Sh,4,1,M,,,,,,830
5303,2021,999,2.95,Sh,4,1,V,,,1.57,Sh,1.0,830
5304,2021,999,2.95,Sh,4,1,M,0.0,0.0,2.94,Sh,7.0,830
5305,2021,999,2.95,Sh,4,2,V,,,4.54,Sh,2.0,830
5306,2021,999,2.95,Sh,4,3,M,1.0,1.0,1.01,Sh,1.0,830
5307,2021,999,2.95,Sh,4,4,M,1.0,4.0,6.55,Me,6.0,830
5308,2021,999,4.05,Sh,8,1,B,,,,,,830
5309,2021,999,4.05,Sh,8,2,B,,,,,,830
5310,2021,999,4.05,Sh,8,3,S,0.0,0.0,,,,830
5311,2021,999,4.05,Sh,8,4,M,0.0,0.0,3.37,Sh,5.0,830
5312,2021,999,4.05,Sh,8,5,M,1.0,5.0,2.48,Sh,4.0,830
5313,2021,999,4.05,Sh,8,6,M,,,,,,830
5314,2021,999,4.05,Sh,8,6,M,,,,,,830
5315,2021,999,4.05,Sh,8,6,M,0.0,0.0,1.69,Sh,3.0,830
5316,2021,999,4.05,Sh,8,7,V,,,5.86,Me,7.0,830
5317,2021,999,4.05,Sh,8,8,M,0.0,0.0,1.1,Sh,1.0,830
5318,2021,999,4.05,Sh,8,8,M,,,,,,830
5319,2021,999,2.82,Sh,3,1,V,,,0.63,Sh,2.0,830
5320,2021,999,2.82,Sh,3,2,V,,,,,,830
5321,2021,999,2.82,Sh,3,2,M,0.0,0.0,4.76,Sh,8.0,830
5322,2021,999,2.82,Sh,3,2,V,,,1.0,Sh,1.0,830
5323,2021,999,2.82,Sh,3,3,M,0.0,0.0,5.23,Me,4.0,830
5324,2021,1000,1.34,Sh,4,1,B,,,,,,830
5325,2021,1000,1.34,Sh,4,2,S,0.0,0.0,,,,830
5326,2021,1000,1.34,Sh,4,3,B,,,,,,830
5327,2021,1000,1.34,Sh,4,4,V,,,1.33,Sh,3.0,830
5328,2021,1000,1.13,Sh,3,1,V,,,1.08,Sh,2.0,830
5329,2021,1000,1.13,Sh,3,1,M,0.0,0.0,4.03,Sh,1.0,830
5330,2021,1000,1.13,Sh,3,2,B,,,,,,830
5331,2021,1000,1.13,Sh,3,3,V,,,5.95,Me,5.0,830
5332,2021,1000,1.61,Sh,3,1,V,,,3.53,Sh,3.0,830
5333,2021,1000,1.61,Sh,3,2,V,,,4.43,Sh,4.0,830
5334,2021,1000,1.61,Sh,3,3,V,,,2.33,Sh,3.0,830
5335,2021,1003,1.8,Sh,3,1,V,,,,,,830
5336,2021,1003,1.8,Sh,3,2,S,0.0,0.0,,,,830
5337,2021,1003,1.8,Sh,3,3,V,,,8.16,Me,5.0,830
5338,2021,1005,8.43,Me,10,1,B,,,,,,830
5339,2021,1005,8.43,Me,10,2,M,0.0,0.0,5.76,Me,5.0,830
5340,2021,1005,8.43,Me,10,3,M,1.0,4.0,0.34,Sh,1.0,830
5341,2021,1005,8.43,Me,10,4,M,0.0,0.0,3.05,Sh,3.0,830
5342,2021,1005,8.43,Me,10,5,M,0.0,0.0,6.61,Me,6.0,830
5343,2021,1005,8.43,Me,10,6,V,,,4.74,Sh,4.0,830
5344,2021,1005,8.43,Me,10,7,M,0.0,0.0,4.38,Sh,1.0,830
5345,2021,1005,8.43,Me,10,7,V,,,8.7,Me,5.0,830
5346,2021,1005,8.43,Me,10,7,V,,,,,,830
5347,2021,1005,8.43,Me,10,7,V,,,1.65,Sh,2.0,830
5348,2021,1005,8.43,Me,10,8,M,0.0,0.0,1.36,Sh,3.0,830
5349,2021,1005,8.43,Me,10,9,M,0.0,0.0,7.74,Me,6.0,830
5350,2021,1005,8.43,Me,10,9,M,0.0,0.0,2.8,Sh,3.0,830
5351,2021,1005,8.43,Me,10,10,M,0.0,0.0,12.57,Me,7.0,830
5352,2021,1005,8.43,Me,10,10,V,,,10.75,Me,10.0,830
5353,2021,1005,8.43,Me,10,10,V,,,6.19,Me,6.0,830
5354,2021,1006,0.58,Sh,2,1,V,,,,,,830
5355,2021,1006,0.58,Sh,2,2,M,1.0,3.0,4.65,Sh,5.0,830
5356,2021,1006,6.33,Me,5,1,V,,,1.51,Sh,2.0,830
5357,2021,1006,6.33,Me,5,2,M,,,,,,830
5358,2021,1006,6.33,Me,5,3,V,,,0.74,Sh,1.0,830
5359,2021,1006,6.33,Me,5,4,B,,,,,,830
5360,2021,1006,6.33,Me,5,5,M,0.0,0.0,8.65,Me,5.0,830
5361,2021,1006,6.33,Me,5,5,M,0.0,0.0,3.29,Sh,2.0,830
5362,2021,1006,6.33,Me,5,5,V,,,4.71,Sh,4.0,830
5363,2021,1006,6.33,Me,5,5,V,,,6.34,Me,3.0,830
5364,2021,1007,0.17,Sh,2,1,B,,,,,,830
5365,2021,1007,0.17,Sh,2,2,M,0.0,0.0,2.13,Sh,2.0,830
5366,2021,1007,0.17,Sh,2,2,M,1.0,6.0,1.37,Sh,2.0,830
5367,2021,1008,4.82,Sh,4,1,V,,,0.04,Sh,3.0,830
5368,2021,1008,4.82,Sh,4,2,S,0.0,0.0,,,,830
5369,2021,1008,4.82,Sh,4,3,B,,,,,,830
5370,2021,1008,4.82,Sh,4,4,V,,,0.18,Sh,1.0,830
5371,2021,1009,7.28,Me,4,1,B,,,,,,830
5372,2021,1009,7.28,Me,4,2,M,0.0,0.0,5.75,Me,8.0,830
5373,2021,1009,7.28,Me,4,2,V,,,,,,830
5374,2021,1009,7.28,Me,4,3,B,,,,,,830
5375,2021,1009,7.28,Me,4,4,S,0.0,0.0,,,,830
5376,2021,1010,6.44,Me,4,1,B,,,,,,830
5377,2021,1010,6.44,Me,4,2,V,,,,,,830
5378,2021,1010,6.44,Me,4,3,S,0.0,0.0,,,,830
5379,2021,1010,6.44,Me,4,4,B,,,,,,830
5380,2021,1011,4.65,Sh,4,1,B,,,,,,830
5381,2021,1011,4.65,Sh,4,2,S,0.0,0.0,,,,830
5382,2021,1011,4.65,Sh,4,3,V,,,,,,830
5383,2021,1011,4.65,Sh,4,3,M,1.0,4.0,4.76,Sh,4.0,830
5384,2021,1011,4.65,Sh,4,4,V,,,8.3,Me,4.0,830
5385,2021,1012,8.19,Me,6,1,V,,,3.81,Sh,3.0,830
5386,2021,1012,8.19,Me,6,2,S,0.0,0.0,,,,830
5387,2021,1012,8.19,Me,6,3,V,,,3.08,Sh,3.0,830
5388,2021,1012,8.19,Me,6,3,M,0.0,0.0,0.77,Sh,2.0,830
5389,2021,1012,8.19,Me,6,3,M,,,,,,830
5390,2021,1012,8.19,Me,6,3,M,0.0,0.0,4.51,Sh,1.0,830
5391,2021,1012,8.19,Me,6,4,B,,,,,,830
5392,2021,1012,8.19,Me,6,5,B,,,,,,830
5393,2021,1012,8.19,Me,6,6,M,0.0,0.0,5.82,Me,4.0,830
5394,2021,1012,8.19,Me,6,6,V,,,2.67,Sh,4.0,830
5395,2021,1012,8.19,Me,6,6,M,0.0,0.0,8.68,Me,6.0,830
5396,2021,1013,4.29,Sh,3,1,V,,,2.53,Sh,5.0,830
5397,2021,1013,4.29,Sh,3,2,M,1.0,3.0,3.53,Sh,5.0,830
5398,2021,1013,4.29,Sh,3,3,M,0.0,0.0,1.78,Sh,2.0,830
5399,2021,1014,6.09,Me,4,1,V,,,2.94,Sh,1.0,830
5400,2021,1014,6.09,Me,4,1,V,,,0.18,Sh,1.0,830
5401,2021,1014,6.09,Me,4,1,V,,,,,,830
5402,2021,1014,6.09,Me,4,2,B,,,,,,830
5403,2021,1014,6.09,Me,4,3,V,,,2.76,Sh,2.0,830
5404,2021,1014,6.09,Me,4,3,V,,,6.24,Me,4.0,830
5405,2021,1014,6.09,Me,4,4,V,,,8.36,Me,4.0,830
5406,2021,1014,6.09,Me,4,4,V,,,8.01,Me,6.0,830
5407,2021,1017,2.65,Sh,3,1,V,,,3.17,Sh,2.0,830
5408,2021,1017,2.65,Sh,3,1,V,,,1.67,Sh,1.0,830
5409,2021,1017,2.65,Sh,3,1,M,0.0,0.0,0.43,Sh,2.0,830
5410,2021,1017,2.65,Sh,3,2,M,,,,,,830
5411,2021,1017,2.65,Sh,3,3,M,1.0,4.0,5.3,Me,5.0,830
5412,2021,1018,6.08,Me,4,1,B,,,,,,830
5413,2021,1018,6.08,Me,4,2,S,0.0,0.0,,,,830
5414,2021,1018,6.08,Me,4,3,B,,,,,,830
5415,2021,1018,6.08,Me,4,4,M,0.0,0.0,5.35,Me,4.0,830
5416,2021,1018,6.08,Me,4,4,V,,,5.24,Me,7.0,830
5417,2021,1019,3.57,Sh,4,1,V,,,0.15,Sh,3.0,830
5418,2021,1019,3.57,Sh,4,1,V,,,,,,830
5419,2021,1019,3.57,Sh,4,2,M,1.0,5.0,1.9,Sh,4.0,830
5420,2021,1019,3.57,Sh,4,3,V,,,2.69,Sh,1.0,830
5421,2021,1019,3.57,Sh,4,4,S,0.0,0.0,,,,830
5422,2021,1020,2.24,Sh,4,1,S,0.0,0.0,,,,830
5423,2021,1020,2.24,Sh,4,2,M,1.0,4.0,2.36,Sh,3.0,830
5424,2021,1020,2.24,Sh,4,3,B,,,,,,830
5425,2021,1020,2.24,Sh,4,4,M,0.0,0.0,4.51,Sh,6.0,830
5426,2021,1023,1.69,Sh,2,1,B,,,,,,830
5427,2021,1023,1.69,Sh,2,2,V,,,8.55,Me,7.0,830
5428,2021,1023,1.69,Sh,2,2,M,0.0,0.0,0.65,Sh,3.0,830
5429,2021,1024,3.98,Sh,4,1,V,,,5.12,Me,7.0,830
5430,2021,1024,3.98,Sh,4,2,V,,,2.75,Sh,5.0,830
5431,2021,1024,3.98,Sh,4,2,V,,,0.44,Sh,2.0,830
5432,2021,1024,3.98,Sh,4,3,M,0.0,0.0,0.17,Sh,1.0,830
5433,2021,1024,3.98,Sh,4,3,M,0.0,0.0,6.5,Me,6.0,830
5434,2021,1024,3.98,Sh,4,4,V,,,4.36,Sh,3.0,830
5435,2021,1025,5.14,Me,5,1,B,,,,,,830
5436,2021,1025,5.14,Me,5,2,V,,,2.42,Sh,2.0,830
5437,2021,1025,5.14,Me,5,2,M,0.0,0.0,4.93,Sh,8.0,830
5438,2021,1025,5.14,Me,5,3,M,1.0,3.0,0.25,Sh,2.0,830
5439,2021,1025,5.14,Me,5,4,M,0.0,0.0,2.2,Sh,2.0,830
5440,2021,1025,5.14,Me,5,5,M,0.0,0.0,7.12,Me,4.0,830
5441,2021,1025,5.14,Me,5,5,M,0.0,0.0,5.41,Me,2.0,830
5442,2021,1025,5.14,Me,5,5,M,0.0,0.0,8.23,Me,6.0,830
5443,2021,1026,4.84,Sh,3,1,S,0.0,0.0,,,,830
5444,2021,1026,4.84,Sh,3,2,S,0.0,0.0,,,,830
5445,2021,1026,4.84,Sh,3,3,M,1.0,1.0,2.21,Sh,4.0,830
5446,2021,1027,3.74,Sh,5,1,V,,,,,,830
5447,2021,1027,3.74,Sh,5,2,M,0.0,0.0,1.39,Sh,4.0,830
5448,2021,1027,3.74,Sh,5,2,V,,,2.55,Sh,4.0,830
5449,2021,1027,3.74,Sh,5,2,V,,,0.7,Sh,1.0,830
5450,2021,1027,3.74,Sh,5,2,M,0.0,0.0,2.4,Sh,2.0,830
5451,2021,1027,3.74,Sh,5,3,M,1.0,2.0,8.85,Me,6.0,830
5452,2021,1027,3.74,Sh,5,4,S,0.0,0.0,,,,830
5453,2021,1027,3.74,Sh,5,5,M,0.0,0.0,4.78,Sh,5.0,830
5454,2021,1028,4.34,Sh,3,1,V,,,1.12,Sh,1.0,830
5455,2021,1028,4.34,Sh,3,1,V,,,0.49,Sh,4.0,830
5456,2021,1028,4.34,Sh,3,1,V,,,0.27,Sh,3.0,830
5457,2021,1028,4.34,Sh,3,1,V,,,,,,830
5458,2021,1028,4.34,Sh,3,1,V,,,1.64,Sh,4.0,830
5459,2021,1028,4.34,Sh,3,1,M,,,,,,830
5460,2021,1028,4.34,Sh,3,2,S,0.0,0.0,,,,830
5461,2021,1028,4.34,Sh,3,3,V,,,1.77,Sh,5.0,830
5462,2021,1029,0.66,Sh,3,1,B,,,,,,830
5463,2021,1029,0.66,Sh,3,2,B,,,,,,830
5464,2021,1029,0.66,Sh,3,3,S,0.0,0.0,,,,830
5465,2021,1030,3.92,Sh,4,1,B,,,,,,830
5466,2021,1030,3.92,Sh,4,2,M,1.0,2.0,3.66,Sh,4.0,830
5467,2021,1030,3.92,Sh,4,3,M,0.0,0.0,5.3,Me,5.0,830
5468,2021,1030,3.92,Sh,4,3,M,0.0,0.0,3.07,Sh,4.0,830
5469,2021,1030,3.92,Sh,4,4,M,0.0,0.0,3.87,Sh,4.0,830
5470,2021,1030,3.92,Sh,4,4,M,0.0,0.0,2.99,Sh,4.0,830
5471,2021,1031,6.52,Me,4,1,B,,,,,,830
5472,2021,1031,6.52,Me,4,2,S,0.0,0.0,,,,830
5473,2021,1031,6.52,Me,4,3,S,0.0,0.0,,,,830
5474,2021,1031,6.52,Me,4,4,V,,,6.83,Me,3.0,830
5475,2021,1033,0.96,Sh,1,1,B,,,,,,830
5476,2021,1034,1.22,Sh,1,1,M,,,,,,830
5477,2021,1037,3.0,Sh,3,1,S,0.0,0.0,,,,830
5478,2021,1037,3.0,Sh,3,2,V,,,2.74,Sh,2.0,830
5479,2021,1037,3.0,Sh,3,2,M,1.0,3.0,2.33,Sh,2.0,830
5480,2021,1037,3.0,Sh,3,2,V,,,1.24,Sh,1.0,830
5481,2021,1037,3.0,Sh,3,3,V,,,7.19,Me,5.0,830
5482,2021,1039,1.74,Sh,5,1,V,,,,,,830
5483,2021,1039,1.74,Sh,5,2,V,,,3.01,Sh,4.0,830
5484,2021,1039,1.74,Sh,5,3,S,0.0,0.0,,,,830
5485,2021,1039,1.74,Sh,5,4,M,1.0,4.0,0.38,Sh,1.0,830
5486,2021,1039,1.74,Sh,5,4,M,0.0,0.0,3.76,Sh,4.0,830
5487,2021,1039,1.74,Sh,5,4,M,0.0,0.0,3.22,Sh,6.0,830
5488,2021,1039,1.74,Sh,5,4,M,,,,,,830
5489,2021,1039,1.74,Sh,5,5,M,0.0,0.0,7.01,Me,4.0,830
5490,2021,1040,1.33,Sh,3,1,B,,,,,,830
5491,2021,1040,1.33,Sh,3,2,S,0.0,0.0,,,,830
5492,2021,1040,1.33,Sh,3,3,S,0.0,0.0,,,,830
5493,2021,1041,4.12,Sh,6,1,V,,,,,,830
5494,2021,1041,4.12,Sh,6,1,M,,,,,,830
5495,2021,1041,4.12,Sh,6,2,B,,,,,,830
5496,2021,1041,4.12,Sh,6,3,B,,,,,,830
5497,2021,1041,4.12,Sh,6,4,S,0.0,0.0,,,,830
5498,2021,1041,4.12,Sh,6,5,M,0.0,0.0,5.2,Me,6.0,830
5499,2021,1041,4.12,Sh,6,6,M,0.0,0.0,8.38,Me,8.0,830
5500,2021,1042,1.75,Sh,3,1,B,,,,,,830
5501,2021,1042,1.75,Sh,3,2,B,,,,,,830
5502,2021,1042,1.75,Sh,3,3,V,,,5.36,Me,6.0,830
5503,2021,1044,2.16,Sh,3,1,B,,,,,,830
5504,2021,1044,2.16,Sh,3,2,S,0.0,0.0,,,,830
5505,2021,1044,2.16,Sh,3,3,B,,,,,,830
5506,2021,1045,4.22,Sh,2,1,V,,,5.76,Me,6.0,830
5507,2021,1045,4.22,Sh,2,2,B,,,,,,830
5508,2021,1046,5.17,Me,5,1,M,0.0,0.0,2.55,Sh,4.0,830
5509,2021,1046,5.17,Me,5,2,V,,,,,,830
5510,2021,1046,5.17,Me,5,3,B,,,,,,830
5511,2021,1046,5.17,Me,5,4,S,0.0,0.0,,,,830
5512,2021,1046,5.17,Me,5,5,S,0.0,0.0,,,,830
5513,2021,1049,1.42,Sh,2,1,B,,,,,,830
5514,2021,1049,1.42,Sh,2,2,B,,,,,,830
5515,2021,1051,5.99,Me,5,1,V,,,1.35,Sh,3.0,830
5516,2021,1051,5.99,Me,5,2,V,,,1.0,Sh,3.0,830
5517,2021,1051,5.99,Me,5,3,S,0.0,0.0,,,,830
5518,2021,1051,5.99,Me,5,4,V,,,1.72,Sh,3.0,830
5519,2021,1051,5.99,Me,5,4,V,,,3.03,Sh,4.0,830
5520,2021,1051,5.99,Me,5,5,M,1.0,4.0,2.22,Sh,4.0,830
5521,2021,1052,3.37,Sh,1,1,B,,,,,,830
5522,2021,1053,8.77,Me,6,1,V,,,4.12,Sh,4.0,830
5523,2021,1053,8.77,Me,6,2,B,,,,,,830
5524,2021,1053,8.77,Me,6,3,V,,,1.58,Sh,1.0,830
5525,2021,1053,8.77,Me,6,3,V,,,1.01,Sh,3.0,830
5526,2021,1053,8.77,Me,6,4,V,,,7.15,Me,7.0,830
5527,2021,1053,8.77,Me,6,5,M,1.0,3.0,5.96,Me,2.0,830
5528,2021,1053,8.77,Me,6,6,M,0.0,0.0,5.62,Me,6.0,830
5529,2021,1054,2.83,Sh,2,1,B,,,,,,830
5530,2021,1054,2.83,Sh,2,2,B,,,,,,830
5531,2021,1055,9.54,Me,1,1,S,0.0,0.0,,,,830
5532,2021,1056,4.47,Sh,5,1,B,,,,,,830
5533,2021,1056,4.47,Sh,5,2,S,0.0,0.0,,,,830
5534,2021,1056,4.47,Sh,5,3,S,0.0,0.0,,,,830
5535,2021,1056,4.47,Sh,5,4,S,0.0,0.0,,,,830
5536,2021,1056,4.47,Sh,5,5,S,0.0,0.0,,,,830
5537,2021,1059,2.87,Sh,5,1,S,0.0,0.0,,,,830
5538,2021,1059,2.87,Sh,5,2,M,0.0,0.0,2.78,Sh,2.0,830
5539,2021,1059,2.87,Sh,5,3,S,0.0,0.0,,,,830
5540,2021,1059,2.87,Sh,5,4,V,,,0.18,Sh,1.0,830
5541,2021,1059,2.87,Sh,5,5,M,1.0,7.0,6.81,Me,6.0,830
5542,2021,1060,5.34,Me,5,1,M,0.0,0.0,1.31,Sh,3.0,830
5543,2021,1060,5.34,Me,5,2,S,0.0,0.0,,,,830
5544,2021,1060,5.34,Me,5,3,B,,,,,,830
5545,2021,1060,5.34,Me,5,4,V,,,2.04,Sh,2.0,830
5546,2021,1060,5.34,Me,5,4,V,,,3.29,Sh,3.0,830
5547,2021,1060,5.34,Me,5,5,S,0.0,0.0,,,,830
5548,2021,1061,6.59,Me,7,1,B,,,,,,830
5549,2021,1061,6.59,Me,7,2,S,0.0,0.0,,,,830
5550,2021,1061,6.59,Me,7,3,B,,,,,,830
5551,2021,1061,6.59,Me,7,4,V,,,4.17,Sh,5.0,830
5552,2021,1061,6.59,Me,7,4,M,,,,,,830
5553,2021,1061,6.59,Me,7,4,V,,,3.21,Sh,4.0,830
5554,2021,1061,6.59,Me,7,4,V,,,,,,830
5555,2021,1061,6.59,Me,7,5,M,0.0,0.0,6.38,Me,5.0,830
5556,2021,1061,6.59,Me,7,6,V,,,3.49,Sh,5.0,830
5557,2021,1061,6.59,Me,7,7,M,1.0,2.0,7.26,Me,4.0,830
5558,2021,1062,0.77,Sh,4,1,V,,,1.64,Sh,2.0,830
5559,2021,1062,0.77,Sh,4,1,V,,,5.4,Me,7.0,830
5560,2021,1062,0.77,Sh,4,1,M,,,,,,830
5561,2021,1062,0.77,Sh,4,2,B,,,,,,830
5562,2021,1062,0.77,Sh,4,3,S,0.0,0.0,,,,830
5563,2021,1062,0.77,Sh,4,4,V,,,5.95,Me,5.0,830
5564,2021,1066,1.54,Sh,3,1,S,0.0,0.0,,,,830
5565,2021,1066,1.54,Sh,3,2,B,,,,,,830
5566,2021,1066,1.54,Sh,3,3,M,0.0,0.0,3.27,Sh,5.0,830
5567,2021,1067,3.31,Sh,4,1,B,,,,,,830
5568,2021,1067,3.31,Sh,4,2,M,0.0,0.0,0.59,Sh,1.0,830
5569,2021,1067,3.31,Sh,4,3,V,,,,,,830
5570,2021,1067,3.31,Sh,4,4,M,0.0,0.0,5.99,Me,5.0,830
5571,2021,1067,3.31,Sh,4,4,V,,,1.15,Sh,1.0,830
5572,2021,1068,2.41,Sh,5,1,V,,,1.45,Sh,1.0,830
5573,2021,1068,2.41,Sh,5,2,S,0.0,0.0,,,,830
5574,2021,1068,2.41,Sh,5,3,B,,,,,,830
5575,2021,1068,2.41,Sh,5,4,V,,,1.13,Sh,2.0,830
5576,2021,1068,2.41,Sh,5,5,M,0.0,0.0,7.34,Me,7.0,830
5577,2021,1069,2.97,Sh,5,1,B,,,,,,830
5578,2021,1069,2.97,Sh,5,2,V,,,3.99,Sh,3.0,830
5579,2021,1069,2.97,Sh,5,2,V,,,3.45,Sh,6.0,830
5580,2021,1069,2.97,Sh,5,3,V,,,4.27,Sh,1.0,830
5581,2021,1069,2.97,Sh,5,4,V,,,1.13,Sh,3.0,830
5582,2021,1069,2.97,Sh,5,5,M,0.0,0.0,5.8,Me,6.0,830
5583,2021,1069,2.97,Sh,5,5,V,,,,,,830
5584,2021,1070,0.58,Sh,2,1,B,,,,,,830
5585,2021,1070,0.58,Sh,2,2,V,,,5.07,Me,6.0,830
5586,2021,1072,0.89,Sh,3,1,M,0.0,0.0,1.78,Sh,5.0,830
5587,2021,1072,0.89,Sh,3,2,S,0.0,0.0,,,,830
5588,2021,1072,0.89,Sh,3,3,S,0.0,0.0,,,,830
5589,2021,1073,2.17,Sh,1,1,M,1.0,2.0,0.63,Sh,1.0,830
5590,2021,1073,3.78,Sh,4,1,M,,,,,,830
5591,2021,1073,3.78,Sh,4,1,M,1.0,1.0,5.3,Me,6.0,830
5592,2021,1073,3.78,Sh,4,1,V,,,0.46,Sh,1.0,830
5593,2021,1073,3.78,Sh,4,2,S,0.0,0.0,,,,830
5594,2021,1073,3.78,Sh,4,3,S,0.0,0.0,,,,830
5595,2021,1073,3.78,Sh,4,4,S,0.0,0.0,,,,830
5596,2021,1073,2.59,Sh,3,1,V,,,4.53,Sh,5.0,830
5597,2021,1073,2.59,Sh,3,1,M,0.0,0.0,4.04,Sh,2.0,830
5598,2021,1073,2.59,Sh,3,2,S,0.0,0.0,,,,830
5599,2021,1073,2.59,Sh,3,3,M,0.0,0.0,5.45,Me,6.0,830
5600,2021,1077,5.38,Me,5,1,B,,,,,,830
5601,2021,1077,5.38,Me,5,2,V,,,,,,830
5602,2021,1077,5.38,Me,5,3,M,1.0,4.0,5.95,Me,6.0,830
5603,2021,1077,5.38,Me,5,4,S,0.0,0.0,,,,830
5604,2021,1077,5.38,Me,5,5,V,,,8.59,Me,6.0,830
5605,2021,1079,0.81,Sh,1,1,S,0.0,0.0,,,,830
5606,2021,1081,3.85,Sh,2,1,V,,,0.02,Sh,1.0,830
5607,2021,1081,3.85,Sh,2,2,B,,,,,,830
5608,2021,1082,0.95,Sh,1,1,S,0.0,0.0,,,,830
5609,2021,1082,1.88,Sh,3,1,S,0.0,0.0,,,,830
5610,2021,1082,1.88,Sh,3,2,V,,,2.34,Sh,1.0,830
5611,2021,1082,1.88,Sh,3,2,M,1.0,1.0,1.56,Sh,4.0,830
5612,2021,1082,1.88,Sh,3,3,M,0.0,0.0,4.34,Sh,6.0,830
5613,2021,1084,1.2,Sh,2,1,B,,,,,,830
5614,2021,1084,1.2,Sh,2,2,M,0.0,0.0,4.02,Sh,5.0,830
5615,2021,1084,1.2,Sh,2,2,V,,,0.95,Sh,5.0,830
5616,2021,1084,1.2,Sh,2,2,V,,,6.08,Me,2.0,830
5617,2021,1084,1.2,Sh,2,2,V,,,4.01,Sh,5.0,830
5618,2021,1084,1.2,Sh,2,2,V,,,4.89,Sh,2.0,830
5619,2021,1084,1.2,Sh,2,2,V,,,3.84,Sh,6.0,830
5620,2021,1084,1.2,Sh,2,2,V,,,7.51,Me,9.0,830
5621,2021,1084,1.2,Sh,2,2,M,0.0,0.0,3.51,Sh,6.0,830
5622,2021,1085,4.69,Sh,3,1,V,,,2.39,Sh,4.0,830
5623,2021,1085,4.69,Sh,3,2,V,,,4.89,Sh,5.0,830
5624,2021,1085,4.69,Sh,3,2,M,0.0,0.0,0.65,Sh,2.0,830
5625,2021,1085,4.69,Sh,3,3,V,,,3.41,Sh,4.0,830
5626,2021,1086,3.61,Sh,5,1,M,0.0,0.0,1.67,Sh,2.0,830
5627,2021,1086,3.61,Sh,5,2,V,,,4.11,Sh,9.0,830
5628,2021,1086,3.61,Sh,5,2,M,0.0,0.0,3.69,Sh,7.0,830
5629,2021,1086,3.61,Sh,5,3,S,0.0,0.0,,,,830
5630,2021,1086,3.61,Sh,5,4,V,,,0.96,Sh,2.0,830
5631,2021,1086,3.61,Sh,5,4,V,,,2.26,Sh,4.0,830
5632,2021,1086,3.61,Sh,5,5,M,1.0,3.0,1.19,Sh,1.0,830
5633,2021,1087,7.31,Me,6,1,V,,,3.72,Sh,4.0,830
5634,2021,1087,7.31,Me,6,2,M,0.0,0.0,0.62,Sh,3.0,830
5635,2021,1087,7.31,Me,6,2,V,,,0.93,Sh,3.0,830
5636,2021,1087,7.31,Me,6,3,S,0.0,0.0,,,,830
5637,2021,1087,7.31,Me,6,4,B,,,,,,830
5638,2021,1087,7.31,Me,6,5,M,1.0,3.0,3.09,Sh,5.0,830
5639,2021,1087,7.31,Me,6,6,M,1.0,3.0,4.52,Sh,3.0,830
5640,2021,1087,7.31,Me,6,6,V,,,6.24,Me,3.0,830
5641,2021,1088,5.55,Me,4,1,V,,,,,,830
5642,2021,1088,5.55,Me,4,1,V,,,4.35,Sh,4.0,830
5643,2021,1088,5.55,Me,4,2,M,0.0,0.0,2.08,Sh,2.0,830
5644,2021,1088,5.55,Me,4,2,V,,,0.51,Sh,3.0,830
5645,2021,1088,5.55,Me,4,3,M,1.0,2.0,4.67,Sh,2.0,830
5646,2021,1088,5.55,Me,4,4,S,0.0,0.0,,,,830
5647,2021,1089,4.44,Sh,4,1,M,,,,,,830
5648,2021,1089,4.44,Sh,4,1,V,,,,,,830
5649,2021,1089,4.44,Sh,4,1,V,,,,,,830
5650,2021,1089,4.44,Sh,4,1,V,,,,,,830
5651,2021,1089,4.44,Sh,4,2,M,0.0,0.0,1.71,Sh,4.0,830
5652,2021,1089,4.44,Sh,4,3,B,,,,,,830
5653,2021,1089,4.44,Sh,4,4,V,,,2.44,Sh,5.0,830
5654,2021,1090,3.38,Sh,5,1,V,,,4.62,Sh,5.0,830
5655,2021,1090,3.38,Sh,5,2,M,0.0,0.0,4.58,Sh,4.0,830
5656,2021,1090,3.38,Sh,5,3,S,0.0,0.0,,,,830
5657,2021,1090,3.38,Sh,5,4,B,,,,,,830
5658,2021,1090,3.38,Sh,5,5,V,,,7.76,Me,1.0,830
5659,2021,1092,1.05,Sh,2,1,B,,,,,,830
5660,2021,1092,1.05,Sh,2,2,B,,,,,,830
5661,2021,1094,2.3,Sh,3,1,B,,,,,,830
5662,2021,1094,2.3,Sh,3,2,B,,,,,,830
5663,2021,1094,2.3,Sh,3,3,M,1.0,4.0,7.61,Me,5.0,830
5664,2021,1098,3.04,Sh,3,1,B,,,,,,830
5665,2021,1098,3.04,Sh,3,2,S,0.0,0.0,,,,830
5666,2021,1098,3.04,Sh,3,3,S,0.0,0.0,,,,830
5667,2021,1099,6.37,Me,6,1,V,,,2.37,Sh,2.0,830
5668,2021,1099,6.37,Me,6,2,S,0.0,0.0,,,,830
5669,2021,1099,6.37,Me,6,3,S,0.0,0.0,,,,830
5670,2021,1099,6.37,Me,6,4,S,0.0,0.0,,,,830
5671,2021,1099,6.37,Me,6,5,V,,,2.82,Sh,1.0,830
5672,2021,1099,6.37,Me,6,6,M,1.0,6.0,9.96,Me,7.0,830
5673,2021,1100,7.81,Me,8,1,B,,,,,,830
5674,2021,1100,7.81,Me,8,2,M,,,,,,830
5675,2021,1100,7.81,Me,8,3,S,0.0,0.0,,,,830
5676,2021,1100,7.81,Me,8,4,V,,,1.62,Sh,3.0,830
5677,2021,1100,7.81,Me,8,5,S,0.0,0.0,,,,830
5678,2021,1100,7.81,Me,8,6,V,,,4.05,Sh,3.0,830
5679,2021,1100,7.81,Me,8,7,V,,,0.32,Sh,1.0,830
5680,2021,1100,7.81,Me,8,8,M,1.0,6.0,9.25,Me,6.0,830
5681,2021,1100,7.81,Me,8,8,M,0.0,0.0,0.49,Sh,2.0,830
5682,2021,1101,0.6,Sh,1,1,S,0.0,0.0,,,,830
5683,2021,1103,4.6,Sh,3,1,B,,,,,,830
5684,2021,1103,4.6,Sh,3,2,V,,,2.0,Sh,5.0,830
5685,2021,1103,4.6,Sh,3,3,V,,,1.79,Sh,5.0,830
5686,2021,1103,4.6,Sh,3,3,M,0.0,0.0,5.48,Me,4.0,830
5687,2021,1103,4.6,Sh,3,3,V,,,,,,830
5688,2021,1104,8.63,Me,2,1,B,,,,,,830
5689,2021,1104,8.63,Me,2,2,V,,,,,,830
5690,2021,1105,4.72,Sh,2,1,B,,,,,,830
5691,2021,1105,4.72,Sh,2,2,V,,,0.65,Sh,4.0,830
5692,2021,1106,9.3,Me,8,1,B,,,,,,830
5693,2021,1106,9.3,Me,8,2,S,0.0,0.0,,,,830
5694,2021,1106,9.3,Me,8,3,B,,,,,,830
5695,2021,1106,9.3,Me,8,4,S,0.0,0.0,,,,830
5696,2021,1106,9.3,Me,8,5,M,0.0,0.0,3.88,Sh,3.0,830
5697,2021,1106,9.3,Me,8,5,M,0.0,0.0,0.03,Sh,3.0,830
5698,2021,1106,9.3,Me,8,6,M,0.0,0.0,1.68,Sh,6.0,830
5699,2021,1106,9.3,Me,8,7,M,0.0,0.0,1.23,Sh,1.0,830
5700,2021,1106,9.3,Me,8,8,M,0.0,0.0,5.79,Me,8.0,830
5701,2021,1106,9.3,Me,8,8,M,0.0,0.0,6.29,Me,7.0,830
5702,2021,1107,6.93,Me,8,1,V,,,1.61,Sh,2.0,830
5703,2021,1107,6.93,Me,8,2,V,,,1.36,Sh,2.0,830
5704,2021,1107,6.93,Me,8,3,S,0.0,0.0,,,,830
5705,2021,1107,6.93,Me,8,4,M,,,,,,830
5706,2021,1107,6.93,Me,8,5,M,0.0,0.0,1.07,Sh,3.0,830
5707,2021,1107,6.93,Me,8,5,V,,,3.47,Sh,2.0,830
5708,2021,1107,6.93,Me,8,6,S,0.0,0.0,,,,830
5709,2021,1107,6.93,Me,8,7,S,0.0,0.0,,,,830
5710,2021,1107,6.93,Me,8,8,V,,,5.26,Me,3.0,830
5711,2021,1111,1.93,Sh,3,1,V,,,0.9,Sh,1.0,830
5712,2021,1111,1.93,Sh,3,1,V,,,,,,830
5713,2021,1111,1.93,Sh,3,2,B,,,,,,830
5714,2021,1111,1.93,Sh,3,3,V,,,5.19,Me,9.0,830
5715,2021,1113,3.84,Sh,4,1,B,,,,,,830
5716,2021,1113,3.84,Sh,4,2,V,,,1.58,Sh,3.0,830
5717,2021,1113,3.84,Sh,4,3,M,1.0,5.0,1.02,Sh,3.0,830
5718,2021,1113,3.84,Sh,4,4,M,0.0,0.0,7.16,Me,7.0,830
5719,2021,1114,0.49,Sh,1,1,B,,,,,,830
5720,2021,1115,3.35,Sh,2,1,V,,,4.88,Sh,4.0,830
5721,2021,1115,3.35,Sh,2,2,S,0.0,0.0,,,,830
5722,2021,1116,2.91,Sh,4,1,M,0.0,0.0,1.59,Sh,3.0,830
5723,2021,1116,2.91,Sh,4,2,B,,,,,,830
5724,2021,1116,2.91,Sh,4,3,B,,,,,,830
5725,2021,1116,2.91,Sh,4,4,M,1.0,2.0,7.54,Me,5.0,830
5726,2021,1117,3.08,Sh,6,1,M,0.0,0.0,3.52,Sh,2.0,830
5727,2021,1117,3.08,Sh,6,1,V,,,4.87,Sh,4.0,830
5728,2021,1117,3.08,Sh,6,2,V,,,2.0,Sh,4.0,830
5729,2021,1117,3.08,Sh,6,3,S,0.0,0.0,,,,830
5730,2021,1117,3.08,Sh,6,4,M,1.0,4.0,1.75,Sh,2.0,830
5731,2021,1117,3.08,Sh,6,5,V,,,5.04,Me,2.0,830
5732,2021,1117,3.08,Sh,6,6,V,,,4.6,Sh,3.0,830
5733,2021,1118,4.76,Sh,1,1,B,,,,,,830
5734,2021,1119,7.59,Me,8,1,V,,,4.49,Sh,1.0,830
5735,2021,1119,7.59,Me,8,1,V,,,,,,830
5736,2021,1119,7.59,Me,8,2,V,,,,,,830
5737,2021,1119,7.59,Me,8,3,M,1.0,1.0,0.72,Sh,2.0,830
5738,2021,1119,7.59,Me,8,4,M,1.0,1.0,2.41,Sh,7.0,830
5739,2021,1119,7.59,Me,8,5,S,0.0,0.0,,,,830
5740,2021,1119,7.59,Me,8,6,V,,,4.21,Sh,3.0,830
5741,2021,1119,7.59,Me,8,7,M,0.0,0.0,5.7,Me,5.0,830
5742,2021,1119,7.59,Me,8,7,M,1.0,2.0,1.76,Sh,1.0,830
5743,2021,1119,7.59,Me,8,8,M,0.0,0.0,4.49,Sh,6.0,830
5744,2021,1121,3.58,Sh,4,1,V,,,,,,830
5745,2021,1121,3.58,Sh,4,2,M,1.0,4.0,0.77,Sh,1.0,830
5746,2021,1121,3.58,Sh,4,3,M,1.0,1.0,2.61,Sh,3.0,830
5747,2021,1121,3.58,Sh,4,4,B,,,,,,830
5748,2021,1123,6.65,Me,5,1,V,,,,,,830
5749,2021,1123,6.65,Me,5,1,M,0.0,0.0,1.9,Sh,5.0,830
5750,2021,1123,6.65,Me,5,2,B,,,,,,830
5751,2021,1123,6.65,Me,5,3,B,,,,,,830
5752,2021,1123,6.65,Me,5,4,S,0.0,0.0,,,,830
5753,2021,1123,6.65,Me,5,5,M,0.0,0.0,2.58,Sh,1.0,830
5754,2021,1124,2.17,Sh,1,1,B,,,,,,830
5755,2021,1125,7.58,Me,8,1,V,,,2.59,Sh,2.0,830
5756,2021,1125,7.58,Me,8,2,V,,,0.0,Sh,,830
5757,2021,1125,7.58,Me,8,3,B,,,,,,830
5758,2021,1125,7.58,Me,8,4,V,,,5.39,Me,6.0,830
5759,2021,1125,7.58,Me,8,5,S,0.0,0.0,,,,830
5760,2021,1125,7.58,Me,8,6,M,1.0,3.0,4.68,Sh,3.0,830
5761,2021,1125,7.58,Me,8,7,B,,,,,,830
5762,2021,1125,7.58,Me,8,8,V,,,8.96,Me,4.0,830
5763,2021,1126,4.84,Sh,4,1,V,,,,,,830
5764,2021,1126,4.84,Sh,4,1,V,,,,,,830
5765,2021,1126,4.84,Sh,4,2,M,0.0,0.0,4.75,Sh,8.0,830
5766,2021,1126,4.84,Sh,4,3,B,,,,,,830
5767,2021,1126,4.84,Sh,4,4,M,0.0,0.0,3.23,Sh,6.0,830
5768,2021,1127,1.63,Sh,1,1,B,,,,,,830
5769,2021,1128,1.29,Sh,3,1,S,0.0,0.0,,,,830
5770,2021,1128,1.29,Sh,3,2,S,0.0,0.0,,,,830
5771,2021,1128,1.29,Sh,3,3,S,0.0,0.0,,,,830
5772,2021,1129,5.19,Me,6,1,V,,,1.5,Sh,2.0,830
5773,2021,1129,5.19,Me,6,2,M,,,,,,830
5774,2021,1129,5.19,Me,6,2,V,,,,,,830
5775,2021,1129,5.19,Me,6,3,M,1.0,3.0,3.24,Sh,3.0,830
5776,2021,1129,5.19,Me,6,4,B,,,,,,830
5777,2021,1129,5.19,Me,6,5,M,0.0,0.0,2.04,Sh,4.0,830
5778,2021,1129,5.19,Me,6,6,M,0.0,0.0,0.28,Sh,3.0,830
5779,2021,1130,3.31,Sh,5,1,V,,,2.05,Sh,2.0,830
5780,2021,1130,3.31,Sh,5,2,S,0.0,0.0,,,,830
5781,2021,1130,3.31,Sh,5,3,M,,,,,,830
5782,2021,1130,3.31,Sh,5,3,V,,,2.06,Sh,1.0,830
5783,2021,1130,3.31,Sh,5,3,V,,,1.37,Sh,3.0,830
5784,2021,1130,3.31,Sh,5,4,M,1.0,5.0,1.33,Sh,3.0,830
5785,2021,1130,3.31,Sh,5,5,M,0.0,0.0,2.88,Sh,1.0,830
5786,2021,1130,3.31,Sh,5,5,M,0.0,0.0,1.55,Sh,1.0,830
5787,2021,1130,3.31,Sh,5,5,V,,,1.24,Sh,1.0,830
5788,2021,1132,3.24,Sh,1,1,S,0.0,0.0,,,,830
5789,2021,1134,2.09,Sh,5,1,M,,,,,,830
5790,2021,1134,2.09,Sh,5,1,V,,,1.35,Sh,2.0,830
5791,2021,1134,2.09,Sh,5,2,S,0.0,0.0,,,,830
5792,2021,1134,2.09,Sh,5,3,M,0.0,0.0,4.5,Sh,3.0,830
5793,2021,1134,2.09,Sh,5,4,B,,,,,,830
5794,2021,1134,2.09,Sh,5,5,S,0.0,0.0,,,,830
5795,2021,1135,4.68,Sh,4,1,B,,,,,,830
5796,2021,1135,4.68,Sh,4,2,B,,,,,,830
5797,2021,1135,4.68,Sh,4,3,V,,,8.67,Me,8.0,830
5798,2021,1135,4.68,Sh,4,4,V,,,6.64,Me,6.0,830
5799,2021,1139,0.49,Sh,2,1,S,0.0,0.0,,,,830
5800,2021,1139,0.49,Sh,2,2,M,0.0,0.0,1.51,Sh,3.0,830
5801,2021,1140,2.35,Sh,5,1,M,,,,,,830
5802,2021,1140,2.35,Sh,5,2,S,0.0,0.0,,,,830
5803,2021,1140,2.35,Sh,5,3,M,1.0,1.0,3.42,Sh,4.0,830
5804,2021,1140,2.35,Sh,5,4,V,,,1.73,Sh,4.0,830
5805,2021,1140,2.35,Sh,5,4,V,,,3.19,Sh,4.0,830
5806,2021,1140,2.35,Sh,5,4,V,,,0.23,Sh,1.0,830
5807,2021,1140,2.35,Sh,5,5,B,,,,,,830
5808,2021,1140,1.14,Sh,1,1,B,,,,,,830
5809,2021,1141,6.42,Me,4,1,V,,,5.26,Me,4.0,830
5810,2021,1141,6.42,Me,4,2,B,,,,,,830
5811,2021,1141,6.42,Me,4,3,S,0.0,0.0,,,,830
5812,2021,1141,6.42,Me,4,4,M,0.0,0.0,2.25,Sh,2.0,830
5813,2021,1142,2.41,Sh,4,1,V,,,4.28,Sh,3.0,830
5814,2021,1142,2.41,Sh,4,2,M,,,,,,830
5815,2021,1142,2.41,Sh,4,3,S,0.0,0.0,,,,830
5816,2021,1142,2.41,Sh,4,4,V,,,1.46,Sh,2.0,830
5817,2021,1143,6.43,Me,6,1,M,,,,,,830
5818,2021,1143,6.43,Me,6,1,M,0.0,0.0,0.23,Sh,2.0,830
5819,2021,1143,6.43,Me,6,2,B,,,,,,830
5820,2021,1143,6.43,Me,6,3,S,0.0,0.0,,,,830
5821,2021,1143,6.43,Me,6,4,V,,,5.77,Me,10.0,830
5822,2021,1143,6.43,Me,6,4,V,,,3.78,Sh,3.0,830
5823,2021,1143,6.43,Me,6,5,V,,,,,,830
5824,2021,1143,6.43,Me,6,6,M,1.0,1.0,5.29,Me,3.0,830
5825,2021,1145,6.57,Me,4,1,V,,,2.54,Sh,6.0,830
5826,2021,1145,6.57,Me,4,2,S,0.0,0.0,,,,830
5827,2021,1145,6.57,Me,4,3,M,1.0,2.0,3.32,Sh,4.0,830
5828,2021,1145,6.57,Me,4,4,V,,,7.23,Me,6.0,830
5829,2021,1145,6.57,Me,4,4,M,1.0,2.0,4.93,Sh,3.0,830
5830,2021,1146,3.34,Sh,4,1,V,,,0.5,Sh,4.0,830
5831,2021,1146,3.34,Sh,4,1,V,,,0.39,Sh,2.0,830
5832,2021,1146,3.34,Sh,4,2,B,,,,,,830
5833,2021,1146,3.34,Sh,4,3,S,0.0,0.0,,,,830
5834,2021,1146,3.34,Sh,4,4,M,0.0,0.0,3.02,Sh,5.0,830
5835,2021,1146,1.31,Sh,4,1,B,,,,,,830
5836,2021,1146,1.31,Sh,4,2,M,0.0,0.0,2.99,Sh,6.0,830
5837,2021,1146,1.31,Sh,4,3,V,,,0.99,Sh,2.0,830
5838,2021,1146,1.31,Sh,4,4,B,,,,,,830
5839,2021,1146,1.43,Sh,1,1,V,,,4.76,Sh,2.0,830
5840,2021,1146,1.43,Sh,1,1,M,0.0,0.0,2.35,Sh,4.0,830
5841,2021,1146,1.43,Sh,1,1,V,,,,,,830
5842,2021,1149,11.11,Me,9,1,V,,,,,,830
5843,2021,1149,11.11,Me,9,2,B,,,,,,830
5844,2021,1149,11.11,Me,9,3,B,,,,,,830
5845,2021,1149,11.11,Me,9,4,B,,,,,,830
5846,2021,1149,11.11,Me,9,5,V,,,5.8,Me,5.0,830
5847,2021,1149,11.11,Me,9,6,M,,,,,,830
5848,2021,1149,11.11,Me,9,6,M,0.0,0.0,4.05,Sh,3.0,830
5849,2021,1149,11.11,Me,9,7,M,0.0,0.0,1.88,Sh,1.0,830
5850,2021,1149,11.11,Me,9,8,M,0.0,0.0,4.75,Sh,2.0,830
5851,2021,1149,11.11,Me,9,9,M,1.0,6.0,10.79,Me,6.0,830
5852,2021,1150,7.63,Me,5,1,V,,,1.31,Sh,5.0,830
5853,2021,1150,7.63,Me,5,1,V,,,,,,830
5854,2021,1150,7.63,Me,5,2,S,0.0,0.0,,,,830
5855,2021,1150,7.63,Me,5,3,S,0.0,0.0,,,,830
5856,2021,1150,7.63,Me,5,4,V,,,3.42,Sh,4.0,830
5857,2021,1150,7.63,Me,5,5,S,0.0,0.0,,,,830
5858,2021,1151,5.3,Me,5,1,B,,,,,,830
5859,2021,1151,5.3,Me,5,2,V,,,2.4,Sh,6.0,830
5860,2021,1151,5.3,Me,5,3,S,0.0,0.0,,,,830
5861,2021,1151,5.3,Me,5,4,V,,,0.34,Sh,1.0,830
5862,2021,1151,5.3,Me,5,5,M,0.0,0.0,7.69,Me,6.0,830
5863,2021,1152,10.77,Me,11,1,B,,,,,,830
5864,2021,1152,10.77,Me,11,2,V,,,0.88,Sh,4.0,830
5865,2021,1152,10.77,Me,11,3,M,0.0,0.0,2.15,Sh,5.0,830
5866,2021,1152,10.77,Me,11,4,S,0.0,0.0,,,,830
5867,2021,1152,10.77,Me,11,5,V,,,1.7,Sh,1.0,830
5868,2021,1152,10.77,Me,11,6,V,,,3.03,Sh,3.0,830
5869,2021,1152,10.77,Me,11,7,S,0.0,0.0,,,,830
5870,2021,1152,10.77,Me,11,8,M,0.0,0.0,3.16,Sh,4.0,830
5871,2021,1152,10.77,Me,11,9,S,0.0,0.0,,,,830
5872,2021,1152,10.77,Me,11,10,M,0.0,0.0,4.95,Sh,5.0,830
5873,2021,1152,10.77,Me,11,11,M,0.0,0.0,5.43,Me,6.0,830
5874,2021,1152,10.77,Me,11,11,V,,,4.35,Sh,5.0,830
5875,2021,1152,10.77,Me,11,11,M,0.0,0.0,5.46,Me,3.0,830
5876,2021,1152,10.77,Me,11,11,V,,,4.92,Sh,4.0,830
5877,2021,1153,4.23,Sh,3,1,B,,,,,,830
5878,2021,1153,4.23,Sh,3,2,V,,,0.58,Sh,3.0,830
5879,2021,1153,4.23,Sh,3,3,B,,,,,,830
5880,2021,1154,6.9,Me,4,1,V,,,3.36,Sh,6.0,830
5881,2021,1154,6.9,Me,4,1,V,,,3.2,Sh,2.0,830
5882,2021,1154,6.9,Me,4,1,M,0.0,0.0,0.59,Sh,4.0,830
5883,2021,1154,6.9,Me,4,2,S,0.0,0.0,,,,830
5884,2021,1154,6.9,Me,4,3,M,0.0,0.0,0.75,Sh,4.0,830
5885,2021,1154,6.9,Me,4,3,M,0.0,0.0,3.8,Sh,5.0,830
5886,2021,1154,6.9,Me,4,4,V,,,,,,830
5887,2021,1154,6.9,Me,4,4,M,1.0,2.0,3.16,Sh,2.0,830
5888,2021,1155,7.92,Me,4,1,V,,,1.71,Sh,2.0,830
5889,2021,1155,7.92,Me,4,2,B,,,,,,830
5890,2021,1155,7.92,Me,4,3,V,,,,,,830
5891,2021,1155,7.92,Me,4,3,V,,,5.29,Me,2.0,830
5892,2021,1155,7.92,Me,4,3,V,,,3.74,Sh,5.0,830
5893,2021,1155,7.92,Me,4,4,V,,,4.63,Sh,6.0,830
5894,2021,1156,7.5,Me,5,1,V,,,1.59,Sh,4.0,830
5895,2021,1156,7.5,Me,5,1,M,0.0,0.0,2.7,Sh,2.0,830
5896,2021,1156,7.5,Me,5,2,V,,,,,,830
5897,2021,1156,7.5,Me,5,3,S,0.0,0.0,,,,830
5898,2021,1156,7.5,Me,5,4,B,,,,,,830
5899,2021,1156,7.5,Me,5,5,S,0.0,0.0,,,,830
5900,2021,1158,3.12,Sh,4,1,B,,,,,,830
5901,2021,1158,3.12,Sh,4,2,B,,,,,,830
5902,2021,1158,3.12,Sh,4,3,V,,,6.66,Me,5.0,830
5903,2021,1158,3.12,Sh,4,4,S,0.0,0.0,,,,830
5904,2021,1160,2.06,Sh,4,1,V,,,,,,830
5905,2021,1160,2.06,Sh,4,1,V,,,,,,830
5906,2021,1160,2.06,Sh,4,1,M,0.0,0.0,2.37,Sh,3.0,830
5907,2021,1160,2.06,Sh,4,1,V,,,3.75,Sh,5.0,830
5908,2021,1160,2.06,Sh,4,2,V,,,1.84,Sh,1.0,830
5909,2021,1160,2.06,Sh,4,3,S,0.0,0.0,,,,830
5910,2021,1160,2.06,Sh,4,4,V,,,5.62,Me,4.0,830
5911,2021,1161,3.75,Sh,5,1,V,,,,,,830
5912,2021,1161,3.75,Sh,5,2,B,,,,,,830
5913,2021,1161,3.75,Sh,5,3,S,0.0,0.0,,,,830
5914,2021,1161,3.75,Sh,5,4,M,1.0,2.0,5.74,Me,6.0,830
5915,2021,1161,3.75,Sh,5,5,M,0.0,0.0,7.14,Me,3.0,830
5916,2021,1162,2.56,Sh,7,1,V,,,,,,830
5917,2021,1162,2.56,Sh,7,2,B,,,,,,830
5918,2021,1162,2.56,Sh,7,3,M,0.0,0.0,2.47,Sh,5.0,830
5919,2021,1162,2.56,Sh,7,3,V,,,1.98,Sh,1.0,830
5920,2021,1162,2.56,Sh,7,4,S,0.0,0.0,,,,830
5921,2021,1162,2.56,Sh,7,5,M,0.0,0.0,2.18,Sh,3.0,830
5922,2021,1162,2.56,Sh,7,6,M,0.0,0.0,8.75,Me,6.0,830
5923,2021,1162,2.56,Sh,7,7,V,,,7.08,Me,6.0,830
5924,2021,1162,2.56,Sh,7,7,M,0.0,0.0,3.19,Sh,5.0,830
5925,2021,1163,7.0,Me,7,1,B,,,,,,830
5926,2021,1163,7.0,Me,7,2,B,,,,,,830
5927,2021,1163,7.0,Me,7,3,V,,,,,,830
5928,2021,1163,7.0,Me,7,3,M,1.0,4.0,2.16,Sh,4.0,830
5929,2021,1163,7.0,Me,7,4,M,1.0,5.0,2.2,Sh,5.0,830
5930,2021,1163,7.0,Me,7,5,V,,,5.6,Me,6.0,830
5931,2021,1163,7.0,Me,7,6,V,,,4.29,Sh,3.0,830
5932,2021,1163,7.0,Me,7,7,B,,,,,,830
5933,2021,1164,3.67,Sh,4,1,V,,,5.29,Me,5.0,830
5934,2021,1164,3.67,Sh,4,2,B,,,,,,830
5935,2021,1164,3.67,Sh,4,3,M,0.0,0.0,0.53,Sh,3.0,830
5936,2021,1164,3.67,Sh,4,3,M,0.0,0.0,6.35,Me,6.0,830
5937,2021,1164,3.67,Sh,4,4,M,0.0,0.0,4.46,Sh,3.0,830
5938,2021,1165,3.36,Sh,4,1,B,,,,,,830
5939,2021,1165,3.36,Sh,4,2,S,0.0,0.0,,,,830
5940,2021,1165,3.36,Sh,4,3,V,,,2.51,Sh,2.0,830
5941,2021,1165,3.36,Sh,4,4,B,,,,,,830
5942,2021,1166,5.64,Me,4,1,B,,,,,,830
5943,2021,1166,5.64,Me,4,2,M,,,,,,830
5944,2021,1166,5.64,Me,4,2,V,,,0.1,Sh,3.0,830
5945,2021,1166,5.64,Me,4,2,V,,,4.1,Sh,2.0,830
5946,2021,1166,5.64,Me,4,3,M,1.0,4.0,4.71,Sh,6.0,830
5947,2021,1166,5.64,Me,4,3,V,,,7.34,Me,7.0,830
5948,2021,1166,5.64,Me,4,4,M,0.0,0.0,2.89,Sh,2.0,830
5949,2021,1167,0.76,Sh,2,1,B,,,,,,830
5950,2021,1167,0.76,Sh,2,2,B,,,,,,830
5951,2021,1168,0.88,Sh,1,1,V,,,1.72,Sh,2.0,830
5952,2021,1171,4.09,Sh,6,1,B,,,,,,830
5953,2021,1171,4.09,Sh,6,2,S,0.0,0.0,,,,830
5954,2021,1171,4.09,Sh,6,3,B,,,,,,830
5955,2021,1171,4.09,Sh,6,4,M,1.0,2.0,1.34,Sh,1.0,830
5956,2021,1171,4.09,Sh,6,5,M,0.0,0.0,2.1,Sh,3.0,830
5957,2021,1171,4.09,Sh,6,6,M,0.0,0.0,5.91,Me,7.0,830
5958,2021,1173,8.21,Me,6,1,M,0.0,0.0,0.91,Sh,2.0,830
5959,2021,1173,8.21,Me,6,2,V,,,2.22,Sh,5.0,830
5960,2021,1173,8.21,Me,6,3,B,,,,,,830
5961,2021,1173,8.21,Me,6,4,M,0.0,0.0,0.61,Sh,2.0,830
5962,2021,1173,8.21,Me,6,5,V,,,3.81,Sh,4.0,830
5963,2021,1173,8.21,Me,6,5,M,0.0,0.0,1.49,Sh,2.0,830
5964,2021,1173,8.21,Me,6,5,M,1.0,2.0,2.47,Sh,6.0,830
5965,2021,1173,8.21,Me,6,6,S,0.0,0.0,,,,830
5966,2021,1174,3.55,Sh,2,1,V,,,,,,830
5967,2021,1174,3.55,Sh,2,2,M,1.0,3.0,5.66,Me,6.0,830
5968,2021,1174,3.55,Sh,2,2,M,0.0,0.0,2.2,Sh,3.0,830
5969,2021,1175,5.26,Me,4,1,V,,,,,,830
5970,2021,1175,5.26,Me,4,2,V,,,,,,830
5971,2021,1175,5.26,Me,4,2,V,,,,,,830
5972,2021,1175,5.26,Me,4,2,V,,,2.8,Sh,8.0,830
5973,2021,1175,5.26,Me,4,3,S,0.0,0.0,,,,830
5974,2021,1175,5.26,Me,4,4,V,,,4.45,Sh,5.0,830
5975,2021,1176,11.42,Me,8,1,B,,,,,,830
5976,2021,1176,11.42,Me,8,2,V,,,1.31,Sh,4.0,830
5977,2021,1176,11.42,Me,8,2,M,1.0,3.0,1.71,Sh,5.0,830
5978,2021,1176,11.42,Me,8,3,S,0.0,0.0,,,,830
5979,2021,1176,11.42,Me,8,4,V,,,1.94,Sh,3.0,830
5980,2021,1176,11.42,Me,8,4,V,,,1.92,Sh,1.0,830
5981,2021,1176,11.42,Me,8,5,S,0.0,0.0,,,,830
5982,2021,1176,11.42,Me,8,6,M,0.0,0.0,5.35,Me,5.0,830
5983,2021,1176,11.42,Me,8,7,M,1.0,7.0,1.24,Sh,1.0,830
5984,2021,1176,11.42,Me,8,8,M,0.0,0.0,3.82,Sh,3.0,830
5985,2021,1177,5.58,Me,8,1,V,,,,,,830
5986,2021,1177,5.58,Me,8,2,B,,,,,,830
5987,2021,1177,5.58,Me,8,3,S,0.0,0.0,,,,830
5988,2021,1177,5.58,Me,8,4,B,,,,,,830
5989,2021,1177,5.58,Me,8,5,S,0.0,0.0,,,,830
5990,2021,1177,5.58,Me,8,6,M,0.0,0.0,6.22,Me,6.0,830
5991,2021,1177,5.58,Me,8,7,S,0.0,0.0,,,,830
5992,2021,1177,5.58,Me,8,8,S,0.0,0.0,,,,830
5993,2021,1178,9.38,Me,9,1,V,,,6.82,Me,6.0,830
5994,2021,1178,9.38,Me,9,2,B,,,,,,830
5995,2021,1178,9.38,Me,9,3,V,,,0.31,Sh,1.0,830
5996,2021,1178,9.38,Me,9,4,M,1.0,3.0,7.3,Me,5.0,830
5997,2021,1178,9.38,Me,9,5,M,0.0,0.0,3.03,Sh,6.0,830
5998,2021,1178,9.38,Me,9,6,S,0.0,0.0,,,,830
5999,2021,1178,9.38,Me,9,7,V,,,4.18,Sh,3.0,830
6000,2021,1178,9.38,Me,9,8,M,0.0,0.0,2.87,Sh,3.0,830
6001,2021,1178,9.38,Me,9,8,M,1.0,2.0,2.81,Sh,4.0,830
6002,2021,1178,9.38,Me,9,9,M,1.0,4.0,2.82,Sh,4.0,830
6003,2021,1181,2.18,Sh,2,1,B,,,,,,830
6004,2021,1181,2.18,Sh,2,2,V,,,3.44,Sh,4.0,830
6005,2021,1181,2.18,Sh,2,2,V,,,6.89,Me,7.0,830
6006,2021,1183,4.82,Sh,5,1,B,,,,,,830
6007,2021,1183,4.82,Sh,5,2,B,,,,,,830
6008,2021,1183,4.82,Sh,5,3,S,0.0,0.0,,,,830
6009,2021,1183,4.82,Sh,5,4,B,,,,,,830
6010,2021,1183,4.82,Sh,5,5,M,0.0,0.0,5.32,Me,5.0,830
6011,2021,1183,4.82,Sh,5,5,M,1.0,6.0,7.58,Me,5.0,830
6012,2021,1184,2.15,Sh,2,1,B,,,,,,830
6013,2021,1184,2.15,Sh,2,2,B,,,,,,830
6014,2021,1186,5.86,Me,4,1,S,0.0,0.0,,,,830
6015,2021,1186,5.86,Me,4,2,S,0.0,0.0,,,,830
6016,2021,1186,5.86,Me,4,3,B,,,,,,830
6017,2021,1186,5.86,Me,4,4,M,0.0,0.0,3.32,Sh,3.0,830
6018,2021,1187,2.38,Sh,3,1,V,,,2.27,Sh,1.0,830
6019,2021,1187,2.38,Sh,3,2,B,,,,,,830
6020,2021,1187,2.38,Sh,3,3,B,,,,,,830
6021,2021,1188,3.47,Sh,2,1,B,,,,,,830
6022,2021,1188,3.47,Sh,2,2,V,,,6.78,Me,6.0,830
6023,2021,1188,1.07,Sh,3,1,V,,,1.01,Sh,1.0,830
6024,2021,1188,1.07,Sh,3,2,S,0.0,0.0,,,,830
6025,2021,1188,1.07,Sh,3,3,M,0.0,0.0,3.92,Sh,4.0,830
6026,2021,1189,8.92,Me,4,1,B,,,,,,830
6027,2021,1189,8.92,Me,4,2,S,0.0,0.0,,,,830
6028,2021,1189,8.92,Me,4,3,S,0.0,0.0,,,,830
6029,2021,1189,8.92,Me,4,4,B,,,,,,830
6030,2021,1190,4.3,Sh,4,1,V,,,0.01,Sh,3.0,830
6031,2021,1190,4.3,Sh,4,2,B,,,,,,830
6032,2021,1190,4.3,Sh,4,3,B,,,,,,830
6033,2021,1190,4.3,Sh,4,4,M,0.0,0.0,8.1,Me,8.0,830
6034,2021,1191,4.54,Sh,4,1,B,,,,,,830
6035,2021,1191,4.54,Sh,4,2,M,0.0,0.0,0.85,Sh,1.0,830
6036,2021,1191,4.54,Sh,4,2,V,,,2.4,Sh,3.0,830
6037,2021,1191,4.54,Sh,4,3,S,0.0,0.0,,,,830
6038,2021,1191,4.54,Sh,4,4,M,0.0,0.0,6.01,Me,1.0,830
6039,2021,1191,4.54,Sh,4,4,V,,,3.39,Sh,8.0,830
6040,2021,1192,8.19,Me,6,1,B,,,,,,830
6041,2021,1192,8.19,Me,6,2,M,0.0,0.0,4.08,Sh,3.0,830
6042,2021,1192,8.19,Me,6,2,V,,,0.28,Sh,2.0,830
6043,2021,1192,8.19,Me,6,3,S,0.0,0.0,,,,830
6044,2021,1192,8.19,Me,6,4,S,0.0,0.0,,,,830
6045,2021,1192,8.19,Me,6,5,B,,,,,,830
6046,2021,1192,8.19,Me,6,6,M,0.0,0.0,1.77,Sh,1.0,830
6047,2021,1193,5.61,Me,6,1,B,,,,,,830
6048,2021,1193,5.61,Me,6,2,M,0.0,0.0,0.93,Sh,2.0,830
6049,2021,1193,5.61,Me,6,2,V,,,0.09,Sh,1.0,830
6050,2021,1193,5.61,Me,6,3,V,,,2.72,Sh,2.0,830
6051,2021,1193,5.61,Me,6,4,V,,,7.01,Me,6.0,830
6052,2021,1193,5.61,Me,6,5,V,,,2.9,Sh,3.0,830
6053,2021,1193,5.61,Me,6,5,M,0.0,0.0,6.01,Me,4.0,830
6054,2021,1193,5.61,Me,6,5,V,,,1.88,Sh,3.0,830
6055,2021,1193,5.61,Me,6,5,V,,,6.74,Me,7.0,830
6056,2021,1193,5.61,Me,6,5,M,0.0,0.0,0.07,Sh,3.0,830
6057,2021,1193,5.61,Me,6,6,M,0.0,0.0,3.13,Sh,2.0,830
6058,2021,1193,5.61,Me,6,6,M,1.0,3.0,2.29,Sh,1.0,830
6059,2021,1194,1.83,Sh,2,1,V,,,4.39,Sh,4.0,830
6060,2021,1194,1.83,Sh,2,1,V,,,4.11,Sh,5.0,830
6061,2021,1194,1.83,Sh,2,2,B,,,,,,830
6062,2021,1195,4.15,Sh,3,1,B,,,,,,830
6063,2021,1195,4.15,Sh,3,2,B,,,,,,830
6064,2021,1195,4.15,Sh,3,3,V,,,4.78,Sh,4.0,830
6065,2021,1195,4.15,Sh,3,3,V,,,2.1,Sh,2.0,830
6066,2021,1196,3.91,Sh,6,1,V,,,0.36,Sh,1.0,830
6067,2021,1196,3.91,Sh,6,1,V,,,,,,830
6068,2021,1196,3.91,Sh,6,1,V,,,2.54,Sh,1.0,830
6069,2021,1196,3.91,Sh,6,2,S,0.0,0.0,,,,830
6070,2021,1196,3.91,Sh,6,3,S,0.0,0.0,,,,830
6071,2021,1196,3.91,Sh,6,4,M,0.0,0.0,1.2,Sh,2.0,830
6072,2021,1196,3.91,Sh,6,4,M,0.0,0.0,4.78,Sh,2.0,830
6073,2021,1196,3.91,Sh,6,5,S,0.0,0.0,,,,830
6074,2021,1196,3.91,Sh,6,6,V,,,3.43,Sh,7.0,830
6075,2021,1196,3.91,Sh,6,6,V,,,9.18,Me,5.0,830
6076,2021,1196,2.32,Sh,3,1,B,,,,,,830
6077,2021,1196,2.32,Sh,3,2,B,,,,,,830
6078,2021,1196,2.32,Sh,3,3,V,,,0.98,Sh,4.0,830
6079,2021,1197,6.55,Me,2,1,B,,,,,,830
6080,2021,1197,6.55,Me,2,2,B,,,,,,830
6081,2021,1198,13.76,Me,6,1,V,,,2.59,Sh,1.0,830
6082,2021,1198,13.76,Me,6,1,M,0.0,0.0,4.32,Sh,3.0,830
6083,2021,1198,13.76,Me,6,2,V,,,6.14,Me,6.0,830
6084,2021,1198,13.76,Me,6,3,B,,,,,,830
6085,2021,1198,13.76,Me,6,4,M,0.0,0.0,1.56,Sh,2.0,830
6086,2021,1198,13.76,Me,6,5,V,,,3.31,Sh,2.0,830
6087,2021,1198,13.76,Me,6,5,M,0.0,0.0,2.31,Sh,5.0,830
6088,2021,1198,13.76,Me,6,6,M,0.0,0.0,5.46,Me,6.0,830
6089,2021,1199,1.92,Sh,2,1,V,,,,,,830
6090,2021,1199,1.92,Sh,2,2,V,,,6.53,Me,3.0,830
6091,2021,1199,1.92,Sh,2,2,M,1.0,2.0,2.74,Sh,6.0,830
6092,2021,1199,1.92,Sh,2,2,M,0.0,0.0,0.85,Sh,2.0,830
6093,2021,1199,1.56,Sh,1,1,B,,,,,,830
6094,2021,1201,2.11,Sh,8,1,B,,,,,,830
6095,2021,1201,2.11,Sh,8,2,B,,,,,,830
6096,2021,1201,2.11,Sh,8,3,S,0.0,0.0,,,,830
6097,2021,1201,2.11,Sh,8,4,V,,,7.46,Me,6.0,830
6098,2021,1201,2.11,Sh,8,4,M,0.0,0.0,5.36,Me,4.0,830
6099,2021,1201,2.11,Sh,8,5,S,0.0,0.0,,,,830
6100,2021,1201,2.11,Sh,8,6,S,0.0,0.0,,,,830
6101,2021,1201,2.11,Sh,8,7,M,0.0,0.0,2.86,Sh,4.0,830
6102,2021,1201,2.11,Sh,8,7,V,,,5.57,Me,6.0,830
6103,2021,1201,2.11,Sh,8,8,M,1.0,1.0,0.66,Sh,4.0,830
6104,2021,1202,3.43,Sh,3,1,V,,,2.24,Sh,2.0,830
6105,2021,1202,3.43,Sh,3,2,S,0.0,0.0,,,,830
6106,2021,1202,3.43,Sh,3,3,M,1.0,3.0,3.53,Sh,2.0,830
6107,2021,1203,1.56,Sh,4,1,V,,,,,,830
6108,2021,1203,1.56,Sh,4,1,V,,,,,,830
6109,2021,1203,1.56,Sh,4,2,B,,,,,,830
6110,2021,1203,1.56,Sh,4,3,V,,,,,,830
6111,2021,1203,1.56,Sh,4,4,V,,,6.75,Me,5.0,830
6112,2021,1203,1.56,Sh,4,4,V,,,3.76,Sh,6.0,830
6113,2021,1205,0.82,Sh,2,1,B,,,,,,830
6114,2021,1205,0.82,Sh,2,2,B,,,,,,830
6115,2021,1209,5.27,Me,8,1,B,,,,,,830
6116,2021,1209,5.27,Me,8,2,V,,,,,,830
6117,2021,1209,5.27,Me,8,3,V,,,4.05,Sh,8.0,830
6118,2021,1209,5.27,Me,8,4,M,,,,,,830
6119,2021,1209,5.27,Me,8,4,M,0.0,0.0,0.46,Sh,2.0,830
6120,2021,1209,5.27,Me,8,5,M,1.0,5.0,0.88,Sh,3.0,830
6121,2021,1209,5.27,Me,8,6,M,0.0,0.0,7.05,Me,8.0,830
6122,2021,1209,5.27,Me,8,7,M,1.0,1.0,0.02,Sh,3.0,830
6123,2021,1209,5.27,Me,8,8,V,,,6.66,Me,6.0,830
6124,2021,1211,1.43,Sh,1,1,S,0.0,0.0,,,,830
6125,2021,1212,2.26,Sh,1,1,B,,,,,,830
6126,2021,1213,7.33,Me,5,1,V,,,1.15,Sh,1.0,830
6127,2021,1213,7.33,Me,5,2,B,,,,,,830
6128,2021,1213,7.33,Me,5,3,M,1.0,1.0,0.36,Sh,3.0,830
6129,2021,1213,7.33,Me,5,3,M,1.0,3.0,0.76,Sh,2.0,830
6130,2021,1213,7.33,Me,5,4,S,0.0,0.0,,,,830
6131,2021,1213,7.33,Me,5,5,M,0.0,0.0,7.11,Me,1.0,830
6132,2021,1216,0.41,Sh,4,1,B,,,,,,830
6133,2021,1216,0.41,Sh,4,2,V,,,5.08,Me,3.0,830
6134,2021,1216,0.41,Sh,4,3,B,,,,,,830
6135,2021,1216,0.41,Sh,4,4,V,,,,,,830
6136,2021,1219,2.04,Sh,6,1,V,,,,,,830
6137,2021,1219,2.04,Sh,6,2,V,,,0.27,Sh,1.0,830
6138,2021,1219,2.04,Sh,6,3,S,0.0,0.0,,,,830
6139,2021,1219,2.04,Sh,6,4,S,0.0,0.0,,,,830
6140,2021,1219,2.04,Sh,6,5,M,0.0,0.0,2.13,Sh,2.0,830
6141,2021,1219,2.04,Sh,6,6,V,,,0.42,Sh,3.0,830
6142,2021,1222,5.91,Me,6,1,B,,,,,,830
6143,2021,1222,5.91,Me,6,2,M,0.0,0.0,1.9,Sh,2.0,830
6144,2021,1222,5.91,Me,6,3,M,0.0,0.0,4.9,Sh,1.0,830
6145,2021,1222,5.91,Me,6,4,S,0.0,0.0,,,,830
6146,2021,1222,5.91,Me,6,5,V,,,3.85,Sh,3.0,830
6147,2021,1222,5.91,Me,6,5,M,0.0,0.0,2.15,Sh,5.0,830
6148,2021,1222,5.91,Me,6,5,M,0.0,0.0,3.34,Sh,2.0,830
6149,2021,1222,5.91,Me,6,6,V,,,8.53,Me,6.0,830
6150,2021,1223,1.48,Sh,4,1,B,,,,,,830
6151,2021,1223,1.48,Sh,4,2,M,,,,,,830
6152,2021,1223,1.48,Sh,4,3,V,,,1.69,Sh,3.0,830
6153,2021,1223,1.48,Sh,4,4,V,,,5.17,Me,4.0,830
6154,2021,1223,1.48,Sh,4,4,M,0.0,0.0,5.67,Me,4.0,830
6155,2021,1224,0.21,Sh,1,1,S,0.0,0.0,,,,830
6156,2021,1225,2.33,Sh,5,1,S,0.0,0.0,,,,830
6157,2021,1225,2.33,Sh,5,2,B,,,,,,830
6158,2021,1225,2.33,Sh,5,3,M,0.0,0.0,0.04,Sh,1.0,830
6159,2021,1225,2.33,Sh,5,3,M,0.0,0.0,3.0,Sh,6.0,830
6160,2021,1225,2.33,Sh,5,4,M,0.0,0.0,1.77,Sh,4.0,830
6161,2021,1225,2.33,Sh,5,4,V,,,2.29,Sh,2.0,830
6162,2021,1225,2.33,Sh,5,4,V,,,0.13,Sh,2.0,830
6163,2021,1225,2.33,Sh,5,5,M,0.0,0.0,4.01,Sh,1.0,830
6164,2021,1226,2.75,Sh,4,1,S,0.0,0.0,,,,830
6165,2021,1226,2.75,Sh,4,2,B,,,,,,830
6166,2021,1226,2.75,Sh,4,3,V,,,4.44,Sh,4.0,830
6167,2021,1226,2.75,Sh,4,4,V,,,4.88,Sh,5.0,830
6168,2021,1227,3.1,Sh,3,1,V,,,1.47,Sh,2.0,830
6169,2021,1227,3.1,Sh,3,2,S,0.0,0.0,,,,830
6170,2021,1227,3.1,Sh,3,3,V,,,7.43,Me,3.0,830
6171,2021,1229,3.17,Sh,3,1,S,0.0,0.0,,,,830
6172,2021,1229,3.17,Sh,3,2,V,,,6.74,Me,6.0,830
6173,2021,1229,3.17,Sh,3,2,V,,,1.94,Sh,1.0,830
6174,2021,1229,3.17,Sh,3,2,V,,,,,,830
6175,2021,1229,3.17,Sh,3,3,B,,,,,,830
6176,2021,1230,2.33,Sh,4,1,V,,,,,,830
6177,2021,1230,2.33,Sh,4,2,M,1.0,2.0,4.53,Sh,4.0,830
6178,2021,1230,2.33,Sh,4,3,B,,,,,,830
6179,2021,1230,2.33,Sh,4,4,B,,,,,,830
6180,2021,1231,2.21,Sh,2,1,V,,,2.98,Sh,6.0,830
6181,2021,1231,2.21,Sh,2,1,V,,,2.79,Sh,1.0,830
6182,2021,1231,2.21,Sh,2,2,V,,,5.29,Me,7.0,830
6183,2021,1232,2.83,Sh,1,1,B,,,,,,830
6184,2021,1233,2.52,Sh,6,1,B,,,,,,830
6185,2021,1233,2.52,Sh,6,2,V,,,,,,830
6186,2021,1233,2.52,Sh,6,3,B,,,,,,830
6187,2021,1233,2.52,Sh,6,4,B,,,,,,830
6188,2021,1233,2.52,Sh,6,5,V,,,2.64,Sh,1.0,830
6189,2021,1233,2.52,Sh,6,6,M,0.0,0.0,4.29,Sh,4.0,830
6190,2021,1238,3.54,Sh,3,1,V,,,,,,830
6191,2021,1238,3.54,Sh,3,2,V,,,1.8,Sh,1.0,830
6192,2021,1238,3.54,Sh,3,3,V,,,0.64,Sh,2.0,830
6193,2021,1239,2.06,Sh,3,1,B,,,,,,830
6194,2021,1239,2.06,Sh,3,2,M,0.0,0.0,8.15,Me,8.0,830
6195,2021,1239,2.06,Sh,3,2,M,0.0,0.0,3.46,Sh,3.0,830
6196,2021,1239,2.06,Sh,3,2,V,,,1.2,Sh,2.0,830
6197,2021,1239,2.06,Sh,3,3,M,0.0,0.0,1.51,Sh,1.0,830
6198,2021,1240,4.94,Sh,2,1,V,,,3.44,Sh,3.0,830
6199,2021,1240,4.94,Sh,2,2,V,,,4.83,Sh,6.0,830
6200,2021,1241,3.37,Sh,1,1,B,,,,,,830
6201,2021,1242,2.74,Sh,4,1,V,,,2.23,Sh,3.0,830
6202,2021,1242,2.74,Sh,4,2,V,,,,,,830
6203,2021,1242,2.74,Sh,4,3,B,,,,,,830
6204,2021,1242,2.74,Sh,4,4,V,,,6.13,Me,2.0,830
6205,2021,1243,0.71,Sh,4,1,V,,,2.39,Sh,4.0,830
6206,2021,1243,0.71,Sh,4,2,S,0.0,0.0,,,,830
6207,2021,1243,0.71,Sh,4,3,S,0.0,0.0,,,,830
6208,2021,1243,0.71,Sh,4,4,M,0.0,0.0,2.01,Sh,3.0,830
6209,2021,1244,4.37,Sh,5,1,V,,,3.74,Sh,4.0,830
6210,2021,1244,4.37,Sh,5,2,V,,,0.69,Sh,3.0,830
6211,2021,1244,4.37,Sh,5,3,V,,,5.71,Me,5.0,830
6212,2021,1244,4.37,Sh,5,3,M,0.0,0.0,0.57,Sh,5.0,830
6213,2021,1244,4.37,Sh,5,3,V,,,4.01,Sh,2.0,830
6214,2021,1244,4.37,Sh,5,3,V,,,2.14,Sh,4.0,830
6215,2021,1244,4.37,Sh,5,4,M,0.0,0.0,0.8,Sh,3.0,830
6216,2021,1244,4.37,Sh,5,5,M,0.0,0.0,1.93,Sh,2.0,830
6217,2021,1244,4.37,Sh,5,5,M,0.0,0.0,4.56,Sh,5.0,830
6218,2021,1245,4.08,Sh,4,1,B,,,,,,830
6219,2021,1245,4.08,Sh,4,2,B,,,,,,830
6220,2021,1245,4.08,Sh,4,3,V,,,0.72,Sh,1.0,830
6221,2021,1245,4.08,Sh,4,4,V,,,0.86,Sh,3.0,830
6222,2021,1245,4.81,Sh,5,1,V,,,0.15,Sh,2.0,830
6223,2021,1245,4.81,Sh,5,2,M,1.0,4.0,1.63,Sh,5.0,830
6224,2021,1245,4.81,Sh,5,3,S,0.0,0.0,,,,830
6225,2021,1245,4.81,Sh,5,4,M,1.0,4.0,4.18,Sh,5.0,830
6226,2021,1245,4.81,Sh,5,5,M,0.0,0.0,2.57,Sh,4.0,830
6227,2021,1245,4.81,Sh,5,5,V,,,3.73,Sh,5.0,830
6228,2021,1246,0.39,Sh,1,1,S,0.0,0.0,,,,830
6229,2021,1247,2.03,Sh,2,1,V,,,5.08,Me,1.0,830
6230,2021,1247,2.03,Sh,2,2,B,,,,,,830
6231,2021,1248,1.61,Sh,1,1,S,0.0,0.0,,,,830
6232,2021,1249,2.23,Sh,4,1,M,0.0,0.0,1.05,Sh,4.0,830
6233,2021,1249,2.23,Sh,4,2,V,,,0.16,Sh,3.0,830
6234,2021,1249,2.23,Sh,4,3,M,0.0,0.0,7.69,Me,9.0,830
6235,2021,1249,2.23,Sh,4,4,V,,,3.08,Sh,4.0,830
6236,2021,1249,2.23,Sh,4,4,M,0.0,0.0,11.03,Me,5.0,830
6237,2021,1249,1.67,Sh,1,1,B,,,,,,830
6238,2021,1250,5.59,Me,5,1,S,0.0,0.0,,,,830
6239,2021,1250,5.59,Me,5,2,V,,,0.5,Sh,2.0,830
6240,2021,1250,5.59,Me,5,3,S,0.0,0.0,,,,830
6241,2021,1250,5.59,Me,5,4,V,,,0.23,Sh,3.0,830
6242,2021,1250,5.59,Me,5,5,B,,,,,,830
6243,2021,1250,2.42,Sh,5,1,B,,,,,,830
6244,2021,1250,2.42,Sh,5,2,S,0.0,0.0,,,,830
6245,2021,1250,2.42,Sh,5,3,M,0.0,0.0,2.2,Sh,2.0,830
6246,2021,1250,2.42,Sh,5,3,V,,,,,,830
6247,2021,1250,2.42,Sh,5,4,M,1.0,2.0,5.77,Me,5.0,830
6248,2021,1250,2.42,Sh,5,5,S,0.0,0.0,,,,830
6249,2021,1251,0.35,Sh,3,1,B,,,,,,830
6250,2021,1251,0.35,Sh,3,2,S,0.0,0.0,,,,830
6251,2021,1251,0.35,Sh,3,3,V,,,5.14,Me,4.0,830
6252,2021,1252,6.27,Me,6,1,B,,,,,,830
6253,2021,1252,6.27,Me,6,2,S,0.0,0.0,,,,830
6254,2021,1252,6.27,Me,6,3,S,0.0,0.0,,,,830
6255,2021,1252,6.27,Me,6,4,S,0.0,0.0,,,,830
6256,2021,1252,6.27,Me,6,5,M,0.0,0.0,1.53,Sh,1.0,830
6257,2021,1252,6.27,Me,6,6,M,,,,,,830
6258,2021,1252,6.27,Me,6,6,V,,,3.17,Sh,7.0,830
6259,2021,1253,2.44,Sh,4,1,V,,,2.86,Sh,2.0,830
6260,2021,1253,2.44,Sh,4,2,S,0.0,0.0,,,,830
6261,2021,1253,2.44,Sh,4,3,M,1.0,3.0,6.0,Me,5.0,830
6262,2021,1253,2.44,Sh,4,4,M,0.0,0.0,4.64,Sh,2.0,830
6263,2021,1253,2.44,Sh,4,4,V,,,0.74,Sh,1.0,830
6264,2021,1253,2.44,Sh,4,4,V,,,3.87,Sh,2.0,830
6265,2021,1254,5.95,Me,5,1,B,,,,,,830
6266,2021,1254,5.95,Me,5,2,S,0.0,0.0,,,,830
6267,2021,1254,5.95,Me,5,3,S,0.0,0.0,,,,830
6268,2021,1254,5.95,Me,5,4,B,,,,,,830
6269,2021,1254,5.95,Me,5,5,S,0.0,0.0,,,,830
6270,2021,1255,4.87,Sh,4,1,B,,,,,,830
6271,2021,1255,4.87,Sh,4,2,V,,,0.43,Sh,3.0,830
6272,2021,1255,4.87,Sh,4,3,V,,,3.67,Sh,1.0,830
6273,2021,1255,4.87,Sh,4,4,B,,,,,,830
6274,2021,1256,4.13,Sh,5,1,B,,,,,,830
6275,2021,1256,4.13,Sh,5,2,B,,,,,,830
6276,2021,1256,4.13,Sh,5,3,V,,,4.15,Sh,2.0,830
6277,2021,1256,4.13,Sh,5,3,V,,,,,,830
6278,2021,1256,4.13,Sh,5,4,V,,,6.55,Me,6.0,830
6279,2021,1256,4.13,Sh,5,5,M,0.0,0.0,3.91,Sh,6.0,830
6280,2021,1258,1.74,Sh,4,1,B,,,,,,830
6281,2021,1258,1.74,Sh,4,2,V,,,4.35,Sh,4.0,830
6282,2021,1258,1.74,Sh,4,3,V,,,2.68,Sh,5.0,830
6283,2021,1258,1.74,Sh,4,3,M,0.0,0.0,4.09,Sh,1.0,830
6284,2021,1258,1.74,Sh,4,4,B,,,,,,830
6285,2021,1259,2.14,Sh,5,1,B,,,,,,830
6286,2021,1259,2.14,Sh,5,2,B,,,,,,830
6287,2021,1259,2.14,Sh,5,3,S,0.0,0.0,,,,830
6288,2021,1259,2.14,Sh,5,4,M,0.0,0.0,5.79,Me,4.0,830
6289,2021,1259,2.14,Sh,5,4,V,,,4.92,Sh,6.0,830
6290,2021,1259,2.14,Sh,5,5,V,,,3.09,Sh,3.0,830
6291,2021,1262,1.25,Sh,1,1,S,0.0,0.0,,,,830
6292,2021,1262,3.81,Sh,2,1,S,0.0,0.0,,,,830
6293,2021,1262,3.81,Sh,2,2,M,0.0,0.0,4.48,Sh,3.0,830
6294,2021,1263,7.57,Me,6,1,V,,,1.14,Sh,2.0,830
6295,2021,1263,7.57,Me,6,2,B,,,,,,830
6296,2021,1263,7.57,Me,6,3,M,0.0,0.0,4.43,Sh,3.0,830
6297,2021,1263,7.57,Me,6,3,M,0.0,0.0,2.83,Sh,2.0,830
6298,2021,1263,7.57,Me,6,3,M,0.0,0.0,0.66,Sh,4.0,830
6299,2021,1263,7.57,Me,6,4,S,0.0,0.0,,,,830
6300,2021,1263,7.57,Me,6,5,V,,,6.53,Me,7.0,830
6301,2021,1263,7.57,Me,6,6,M,0.0,0.0,11.52,Me,6.0,830
6302,2021,1264,2.27,Sh,4,1,V,,,2.2,Sh,4.0,830
6303,2021,1264,2.27,Sh,4,2,S,0.0,0.0,,,,830
6304,2021,1264,2.27,Sh,4,3,M,1.0,2.0,3.11,Sh,5.0,830
6305,2021,1264,2.27,Sh,4,4,M,1.0,5.0,4.4,Sh,5.0,830
6306,2021,1265,1.88,Sh,2,1,V,,,,,,830
6307,2021,1265,1.88,Sh,2,2,B,,,,,,830
6308,2021,1266,1.74,Sh,2,1,V,,,,,,830
6309,2021,1266,1.74,Sh,2,1,M,,,,,,830
6310,2021,1266,1.74,Sh,2,1,M,0.0,0.0,5.11,Me,4.0,830
6311,2021,1266,1.74,Sh,2,1,M,0.0,0.0,0.29,Sh,1.0,830
6312,2021,1266,1.74,Sh,2,2,B,,,,,,830
6313,2021,1266,1.36,Sh,3,1,V,,,1.45,Sh,3.0,830
6314,2021,1266,1.36,Sh,3,2,V,,,4.11,Sh,2.0,830
6315,2021,1266,1.36,Sh,3,3,S,0.0,0.0,,,,830
6316,2021,1267,6.71,Me,4,1,B,,,,,,830
6317,2021,1267,6.71,Me,4,2,S,0.0,0.0,,,,830
6318,2021,1267,6.71,Me,4,3,V,,,1.76,Sh,2.0,830
6319,2021,1267,6.71,Me,4,4,M,1.0,7.0,5.45,Me,6.0,830
6320,2021,1268,3.81,Sh,3,1,B,,,,,,830
6321,2021,1268,3.81,Sh,3,2,V,,,0.62,Sh,2.0,830
6322,2021,1268,3.81,Sh,3,3,V,,,5.27,Me,6.0,830
6323,2021,1269,5.26,Me,6,1,V,,,,,,830
6324,2021,1269,5.26,Me,6,1,V,,,4.54,Sh,7.0,830
6325,2021,1269,5.26,Me,6,2,V,,,0.24,Sh,2.0,830
6326,2021,1269,5.26,Me,6,3,S,0.0,0.0,,,,830
6327,2021,1269,5.26,Me,6,4,M,0.0,0.0,6.06,Me,5.0,830
6328,2021,1269,5.26,Me,6,4,V,,,2.8,Sh,5.0,830
6329,2021,1269,5.26,Me,6,5,B,,,,,,830
6330,2021,1269,5.26,Me,6,6,M,0.0,0.0,2.19,Sh,2.0,830
6331,2021,1270,1.12,Sh,2,1,B,,,,,,830
6332,2021,1270,1.12,Sh,2,2,V,,,4.63,Sh,6.0,830
6333,2021,1270,1.12,Sh,2,2,V,,,4.5,Sh,3.0,830
6334,2021,1270,1.12,Sh,2,2,V,,,4.97,Sh,1.0,830
6335,2021,1271,1.45,Sh,3,1,S,0.0,0.0,,,,830
6336,2021,1271,1.45,Sh,3,2,B,,,,,,830
6337,2021,1271,1.45,Sh,3,3,V,,,7.02,Me,3.0,830
6338,2021,1272,2.68,Sh,4,1,V,,,0.93,Sh,2.0,830
6339,2021,1272,2.68,Sh,4,2,B,,,,,,830
6340,2021,1272,2.68,Sh,4,3,M,0.0,0.0,4.11,Sh,2.0,830
6341,2021,1272,2.68,Sh,4,3,M,1.0,2.0,4.55,Sh,3.0,830
6342,2021,1272,2.68,Sh,4,4,V,,,0.97,Sh,2.0,830
6343,2021,1273,0.5,Sh,1,1,S,0.0,0.0,,,,830
6344,2021,1274,3.77,Sh,6,1,B,,,,,,830
6345,2021,1274,3.77,Sh,6,2,S,0.0,0.0,,,,830
6346,2021,1274,3.77,Sh,6,3,B,,,,,,830
6347,2021,1274,3.77,Sh,6,4,S,0.0,0.0,,,,830
6348,2021,1274,3.77,Sh,6,5,S,0.0,0.0,,,,830
6349,2021,1274,3.77,Sh,6,6,V,,,8.53,Me,6.0,830
6350,2021,1275,4.31,Sh,6,1,B,,,,,,830
6351,2021,1275,4.31,Sh,6,2,V,,,0.39,Sh,4.0,830
6352,2021,1275,4.31,Sh,6,3,B,,,,,,830
6353,2021,1275,4.31,Sh,6,4,S,0.0,0.0,,,,830
6354,2021,1275,4.31,Sh,6,5,V,,,2.43,Sh,2.0,830
6355,2021,1275,4.31,Sh,6,5,M,0.0,0.0,0.95,Sh,2.0,830
6356,2021,1275,4.31,Sh,6,5,V,,,8.1,Me,3.0,830
6357,2021,1275,4.31,Sh,6,6,B,,,,,,830
6358,2021,1276,0.97,Sh,3,1,B,,,,,,830
6359,2021,1276,0.97,Sh,3,2,B,,,,,,830
6360,2021,1276,0.97,Sh,3,3,M,1.0,2.0,1.43,Sh,3.0,830
6361,2021,1279,0.75,Sh,1,1,S,0.0,0.0,,,,830
6362,2021,1280,1.16,Sh,3,1,B,,,,,,830
6363,2021,1280,1.16,Sh,3,2,M,0.0,0.0,4.36,Sh,3.0,830
6364,2021,1280,1.16,Sh,3,3,V,,,6.67,Me,5.0,830
6365,2021,1281,3.41,Sh,4,1,V,,,1.47,Sh,2.0,830
6366,2021,1281,3.41,Sh,4,1,V,,,1.07,Sh,3.0,830
6367,2021,1281,3.41,Sh,4,2,M,0.0,0.0,0.73,Sh,3.0,830
6368,2021,1281,3.41,Sh,4,2,V,,,4.63,Sh,3.0,830
6369,2021,1281,3.41,Sh,4,3,S,0.0,0.0,,,,830
6370,2021,1281,3.41,Sh,4,4,B,,,,,,830
6371,2021,1284,4.72,Sh,5,1,V,,,6.01,Me,5.0,830
6372,2021,1284,4.72,Sh,5,2,S,0.0,0.0,,,,830
6373,2021,1284,4.72,Sh,5,3,S,0.0,0.0,,,,830
6374,2021,1284,4.72,Sh,5,4,V,,,0.58,Sh,4.0,830
6375,2021,1284,4.72,Sh,5,5,V,,,1.68,Sh,2.0,830
6376,2021,1284,4.72,Sh,5,5,M,0.0,0.0,10.26,Me,6.0,830
6377,2021,1285,2.23,Sh,4,1,V,,,1.01,Sh,4.0,830
6378,2021,1285,2.23,Sh,4,2,S,0.0,0.0,,,,830
6379,2021,1285,2.23,Sh,4,3,V,,,1.66,Sh,2.0,830
6380,2021,1285,2.23,Sh,4,4,M,1.0,7.0,2.37,Sh,5.0,830
6381,2021,1285,3.48,Sh,6,1,V,,,,,,830
6382,2021,1285,3.48,Sh,6,2,S,0.0,0.0,,,,830
6383,2021,1285,3.48,Sh,6,3,M,,,,,,830
6384,2021,1285,3.48,Sh,6,4,S,0.0,0.0,,,,830
6385,2021,1285,3.48,Sh,6,5,V,,,7.22,Me,6.0,830
6386,2021,1285,3.48,Sh,6,5,M,0.0,0.0,6.97,Me,3.0,830
6387,2021,1285,3.48,Sh,6,6,M,0.0,0.0,5.32,Me,6.0,830
6388,2021,1285,3.48,Sh,6,6,V,,,0.58,Sh,2.0,830
6389,2021,1285,3.48,Sh,6,6,M,0.0,0.0,7.29,Me,5.0,830
6390,2021,1285,3.48,Sh,6,6,V,,,4.68,Sh,7.0,830
6391,2021,1286,1.89,Sh,4,1,B,,,,,,830
6392,2021,1286,1.89,Sh,4,2,B,,,,,,830
6393,2021,1286,1.89,Sh,4,3,S,0.0,0.0,,,,830
6394,2021,1286,1.89,Sh,4,4,M,1.0,3.0,0.07,Sh,2.0,830
6395,2021,1287,1.65,Sh,1,1,B,,,,,,830
6396,2021,1288,5.87,Me,1,1,V,,,2.73,Sh,6.0,830
6397,2021,1291,3.31,Sh,3,1,B,,,,,,830
6398,2021,1291,3.31,Sh,3,2,V,,,2.16,Sh,5.0,830
6399,2021,1291,3.31,Sh,3,3,V,,,3.83,Sh,4.0,830
6400,2021,1292,3.45,Sh,6,1,V,,,1.06,Sh,4.0,830
6401,2021,1292,3.45,Sh,6,2,S,0.0,0.0,,,,830
6402,2021,1292,3.45,Sh,6,3,B,,,,,,830
6403,2021,1292,3.45,Sh,6,4,M,0.0,0.0,0.06,Sh,2.0,830
6404,2021,1292,3.45,Sh,6,5,S,0.0,0.0,,,,830
6405,2021,1292,3.45,Sh,6,6,M,0.0,0.0,5.86,Me,3.0,830
6406,2021,1292,3.45,Sh,6,6,V,,,6.66,Me,4.0,830
6407,2021,1292,3.45,Sh,6,6,V,,,6.41,Me,5.0,830
6408,2021,1293,3.21,Sh,5,1,V,,,2.17,Sh,1.0,830
6409,2021,1293,3.21,Sh,5,2,M,1.0,3.0,4.13,Sh,3.0,830
6410,2021,1293,3.21,Sh,5,3,S,0.0,0.0,,,,830
6411,2021,1293,3.21,Sh,5,4,M,0.0,0.0,4.78,Sh,4.0,830
6412,2021,1293,3.21,Sh,5,5,M,1.0,3.0,4.57,Sh,2.0,830
6413,2021,1295,6.06,Me,6,1,B,,,,,,830
6414,2021,1295,6.06,Me,6,2,S,0.0,0.0,,,,830
6415,2021,1295,6.06,Me,6,3,V,,,1.29,Sh,2.0,830
6416,2021,1295,6.06,Me,6,3,M,0.0,0.0,2.7,Sh,4.0,830
6417,2021,1295,6.06,Me,6,4,B,,,,,,830
6418,2021,1295,6.06,Me,6,5,V,,,2.71,Sh,5.0,830
6419,2021,1295,6.06,Me,6,6,M,1.0,3.0,8.36,Me,5.0,830
6420,2021,1295,6.06,Me,6,6,M,0.0,0.0,3.93,Sh,5.0,830
6421,2021,1296,2.29,Sh,2,1,V,,,4.06,Sh,4.0,830
6422,2021,1296,2.29,Sh,2,2,V,,,4.34,Sh,5.0,830
6423,2021,1296,2.44,Sh,7,1,V,,,,,,830
6424,2021,1296,2.44,Sh,7,2,B,,,,,,830
6425,2021,1296,2.44,Sh,7,3,V,,,1.04,Sh,2.0,830
6426,2021,1296,2.44,Sh,7,4,M,0.0,0.0,3.91,Sh,2.0,830
6427,2021,1296,2.44,Sh,7,4,M,1.0,4.0,3.74,Sh,2.0,830
6428,2021,1296,2.44,Sh,7,5,V,,,3.51,Sh,2.0,830
6429,2021,1296,2.44,Sh,7,6,S,0.0,0.0,,,,830
6430,2021,1296,2.44,Sh,7,7,M,0.0,0.0,6.3,Me,4.0,830
6431,2021,1296,1.22,Sh,2,1,M,0.0,0.0,3.89,Sh,4.0,830
6432,2021,1296,1.22,Sh,2,2,V,,,,,,830
6433,2021,1298,2.66,Sh,1,1,S,0.0,0.0,,,,830
6434,2021,1299,3.93,Sh,7,1,V,,,0.56,Sh,3.0,830
6435,2021,1299,3.93,Sh,7,2,V,,,1.85,Sh,1.0,830
6436,2021,1299,3.93,Sh,7,2,M,1.0,1.0,0.85,Sh,3.0,830
6437,2021,1299,3.93,Sh,7,2,V,,,,,,830
6438,2021,1299,3.93,Sh,7,2,V,,,,,,830
6439,2021,1299,3.93,Sh,7,3,M,0.0,0.0,0.01,Sh,4.0,830
6440,2021,1299,3.93,Sh,7,4,V,,,2.36,Sh,2.0,830
6441,2021,1299,3.93,Sh,7,5,M,1.0,1.0,0.61,Sh,2.0,830
6442,2021,1299,3.93,Sh,7,6,M,0.0,0.0,7.6,Me,3.0,830
6443,2021,1299,3.93,Sh,7,7,M,0.0,0.0,6.23,Me,4.0,830
6444,2021,1299,3.93,Sh,7,7,V,,,1.85,Sh,5.0,830
6445,2021,1300,6.01,Me,6,1,B,,,,,,830
6446,2021,1300,6.01,Me,6,2,V,,,0.03,Sh,1.0,830
6447,2021,1300,6.01,Me,6,2,V,,,2.64,Sh,4.0,830
6448,2021,1300,6.01,Me,6,3,B,,,,,,830
6449,2021,1300,6.01,Me,6,4,V,,,7.54,Me,7.0,830
6450,2021,1300,6.01,Me,6,5,V,,,2.79,Sh,3.0,830
6451,2021,1300,6.01,Me,6,6,V,,,4.99,Sh,3.0,830
6452,2021,1300,6.01,Me,6,6,V,,,2.53,Sh,6.0,830
6453,2021,1300,6.01,Me,6,6,V,,,2.33,Sh,5.0,830
6454,2021,1301,2.17,Sh,6,1,B,,,,,,830
6455,2021,1301,2.17,Sh,6,2,V,,,,,,830
6456,2021,1301,2.17,Sh,6,3,V,,,6.51,Me,2.0,830
6457,2021,1301,2.17,Sh,6,3,V,,,,,,830
6458,2021,1301,2.17,Sh,6,3,V,,,8.54,Me,9.0,830
6459,2021,1301,2.17,Sh,6,4,V,,,3.25,Sh,2.0,830
6460,2021,1301,2.17,Sh,6,4,V,,,0.72,Sh,2.0,830
6461,2021,1301,2.17,Sh,6,4,V,,,1.22,Sh,5.0,830
6462,2021,1301,2.17,Sh,6,5,S,0.0,0.0,,,,830
6463,2021,1301,2.17,Sh,6,6,M,0.0,0.0,7.73,Me,7.0,830
6464,2021,1301,0.9,Sh,1,1,V,,,4.59,Sh,1.0,830
6465,2021,1302,4.82,Sh,6,1,B,,,,,,830
6466,2021,1302,4.82,Sh,6,2,M,1.0,1.0,1.82,Sh,2.0,830
6467,2021,1302,4.82,Sh,6,3,S,0.0,0.0,,,,830
6468,2021,1302,4.82,Sh,6,4,S,0.0,0.0,,,,830
6469,2021,1302,4.82,Sh,6,5,V,,,,,,830
6470,2021,1302,4.82,Sh,6,5,V,,,3.44,Sh,2.0,830
6471,2021,1302,4.82,Sh,6,5,V,,,3.64,Sh,4.0,830
6472,2021,1302,4.82,Sh,6,6,M,,,,,,830
6473,2021,1303,4.56,Sh,5,1,B,,,,,,830
6474,2021,1303,4.56,Sh,5,2,M,,,,,,830
6475,2021,1303,4.56,Sh,5,2,M,0.0,0.0,2.83,Sh,4.0,830
6476,2021,1303,4.56,Sh,5,2,V,,,0.11,Sh,1.0,830
6477,2021,1303,4.56,Sh,5,3,S,0.0,0.0,,,,830
6478,2021,1303,4.56,Sh,5,4,B,,,,,,830
6479,2021,1303,4.56,Sh,5,5,S,0.0,0.0,,,,830
6480,2021,1304,7.39,Me,5,1,B,,,,,,830
6481,2021,1304,7.39,Me,5,2,B,,,,,,830
6482,2021,1304,7.39,Me,5,3,B,,,,,,830
6483,2021,1304,7.39,Me,5,4,M,1.0,2.0,2.84,Sh,3.0,830
6484,2021,1304,7.39,Me,5,5,M,1.0,7.0,2.46,Sh,3.0,830
6485,2021,1306,2.11,Sh,1,1,M,1.0,2.0,2.17,Sh,3.0,830
6486,2021,1307,2.63,Sh,1,1,S,0.0,0.0,,,,830
6487,2021,1309,1.81,Sh,1,1,S,0.0,0.0,,,,830
6488,2021,1310,5.27,Me,7,1,V,,,5.39,Me,8.0,830
6489,2021,1310,5.27,Me,7,2,S,0.0,0.0,,,,830
6490,2021,1310,5.27,Me,7,3,S,0.0,0.0,,,,830
6491,2021,1310,5.27,Me,7,4,V,,,0.07,Sh,1.0,830
6492,2021,1310,5.27,Me,7,4,V,,,0.77,Sh,3.0,830
6493,2021,1310,5.27,Me,7,5,S,0.0,0.0,,,,830
6494,2021,1310,5.27,Me,7,6,M,,,,,,830
6495,2021,1310,5.27,Me,7,7,M,0.0,0.0,3.14,Sh,3.0,830
6496,2021,1313,0.99,Sh,2,1,B,,,,,,830
6497,2021,1313,0.99,Sh,2,2,B,,,,,,830
6498,2021,1316,4.6,Sh,6,1,B,,,,,,830
6499,2021,1316,4.6,Sh,6,2,M,,,,,,830
6500,2021,1316,4.6,Sh,6,2,V,,,2.81,Sh,4.0,830
6501,2021,1316,4.6,Sh,6,3,B,,,,,,830
6502,2021,1316,4.6,Sh,6,4,S,0.0,0.0,,,,830
6503,2021,1316,4.6,Sh,6,5,V,,,3.66,Sh,4.0,830
6504,2021,1316,4.6,Sh,6,5,V,,,3.44,Sh,3.0,830
6505,2021,1316,4.6,Sh,6,5,V,,,5.46,Me,7.0,830
6506,2021,1316,4.6,Sh,6,6,V,,,2.82,Sh,5.0,830
6507,2021,1318,3.45,Sh,1,1,B,,,,,,830
6508,2021,1319,3.68,Sh,5,1,B,,,,,,830
6509,2021,1319,3.68,Sh,5,2,M,,,,,,830
6510,2021,1319,3.68,Sh,5,3,B,,,,,,830
6511,2021,1319,3.68,Sh,5,4,V,,,4.55,Sh,4.0,830
6512,2021,1319,3.68,Sh,5,4,V,,,3.03,Sh,3.0,830
6513,2021,1319,3.68,Sh,5,4,V,,,,,,830
6514,2021,1319,3.68,Sh,5,5,S,0.0,0.0,,,,830
6515,2021,1320,1.74,Sh,3,1,V,,,2.9,Sh,4.0,830
6516,2021,1320,1.74,Sh,3,2,M,1.0,6.0,2.8,Sh,2.0,830
6517,2021,1320,1.74,Sh,3,2,V,,,1.25,Sh,1.0,830
6518,2021,1320,1.74,Sh,3,2,V,,,3.41,Sh,5.0,830
6519,2021,1320,1.74,Sh,3,2,M,1.0,4.0,4.25,Sh,3.0,830
6520,2021,1320,1.74,Sh,3,3,M,,,,,,830
6521,2021,1320,1.74,Sh,3,3,M,0.0,0.0,10.52,Me,2.0,830
6522,2021,1321,1.61,Sh,4,1,V,,,,,,830
6523,2021,1321,1.61,Sh,4,2,S,0.0,0.0,,,,830
6524,2021,1321,1.61,Sh,4,3,M,1.0,7.0,6.06,Me,2.0,830
6525,2021,1321,1.61,Sh,4,4,V,,,3.51,Sh,6.0,830
6526,2021,1321,0.88,Sh,2,1,M,0.0,0.0,1.08,Sh,3.0,830
6527,2021,1321,0.88,Sh,2,2,B,,,,,,830
6528,2021,1321,4.88,Sh,7,1,B,,,,,,830
6529,2021,1321,4.88,Sh,7,2,B,,,,,,830
6530,2021,1321,4.88,Sh,7,3,M,,,,,,830
6531,2021,1321,4.88,Sh,7,4,S,0.0,0.0,,,,830
6532,2021,1321,4.88,Sh,7,5,M,0.0,0.0,3.52,Sh,6.0,830
6533,2021,1321,4.88,Sh,7,6,B,,,,,,830
6534,2021,1321,4.88,Sh,7,7,M,0.0,0.0,4.78,Sh,3.0,830
6535,2021,1322,1.85,Sh,1,1,V,,,1.43,Sh,3.0,830
6536,2021,1324,1.1,Sh,3,1,V,,,2.15,Sh,3.0,830
6537,2021,1324,1.1,Sh,3,2,S,0.0,0.0,,,,830
6538,2021,1324,1.1,Sh,3,3,V,,,0.68,Sh,1.0,830
6539,2021,1325,2.32,Sh,2,1,S,0.0,0.0,,,,830
6540,2021,1325,2.32,Sh,2,2,V,,,1.92,Sh,6.0,830
6541,2021,1327,7.83,Me,7,1,S,0.0,0.0,,,,830
6542,2021,1327,7.83,Me,7,2,B,,,,,,830
6543,2021,1327,7.83,Me,7,3,B,,,,,,830
6544,2021,1327,7.83,Me,7,4,M,1.0,2.0,2.72,Sh,5.0,830
6545,2021,1327,7.83,Me,7,5,S,0.0,0.0,,,,830
6546,2021,1327,7.83,Me,7,6,M,0.0,0.0,4.19,Sh,6.0,830
6547,2021,1327,7.83,Me,7,6,M,1.0,4.0,3.81,Sh,5.0,830
6548,2021,1327,7.83,Me,7,7,V,,,5.04,Me,4.0,830
6549,2021,1327,7.83,Me,7,7,M,0.0,0.0,12.28,Me,6.0,830
6550,2021,1328,10.22,Me,7,1,B,,,,,,830
6551,2021,1328,10.22,Me,7,2,S,0.0,0.0,,,,830
6552,2021,1328,10.22,Me,7,3,S,0.0,0.0,,,,830
6553,2021,1328,10.22,Me,7,4,V,,,,,,830
6554,2021,1328,10.22,Me,7,5,M,0.0,0.0,0.88,Sh,3.0,830
6555,2021,1328,10.22,Me,7,6,M,0.0,0.0,5.25,Me,5.0,830
6556,2021,1328,10.22,Me,7,6,M,0.0,0.0,4.89,Sh,3.0,830
6557,2021,1328,10.22,Me,7,6,V,,,2.31,Sh,4.0,830
6558,2021,1328,10.22,Me,7,6,M,0.0,0.0,7.76,Me,6.0,830
6559,2021,1328,10.22,Me,7,7,M,1.0,3.0,1.8,Sh,2.0,830
6560,2021,1328,10.22,Me,7,7,V,,,7.19,Me,5.0,830
6561,2021,1329,5.51,Me,8,1,B,,,,,,830
6562,2021,1329,5.51,Me,8,2,B,,,,,,830
6563,2021,1329,5.51,Me,8,3,M,0.0,0.0,0.31,Sh,3.0,830
6564,2021,1329,5.51,Me,8,3,M,0.0,0.0,3.09,Sh,4.0,830
6565,2021,1329,5.51,Me,8,4,S,0.0,0.0,,,,830
6566,2021,1329,5.51,Me,8,5,M,0.0,0.0,1.57,Sh,4.0,830
6567,2021,1329,5.51,Me,8,6,S,0.0,0.0,,,,830
6568,2021,1329,5.51,Me,8,7,M,0.0,0.0,6.67,Me,5.0,830
6569,2021,1329,5.51,Me,8,7,M,0.0,0.0,3.24,Sh,5.0,830
6570,2021,1329,5.51,Me,8,8,S,0.0,0.0,,,,830
6571,2021,1330,3.11,Sh,4,1,V,,,0.45,Sh,1.0,830
6572,2021,1330,3.11,Sh,4,2,S,0.0,0.0,,,,830
6573,2021,1330,3.11,Sh,4,3,M,0.0,0.0,2.43,Sh,4.0,830
6574,2021,1330,3.11,Sh,4,4,M,,,,,,830
6575,2021,1331,6.55,Me,2,1,M,,,,,,830
6576,2021,1331,6.55,Me,2,1,M,0.0,0.0,0.72,Sh,2.0,830
6577,2021,1331,6.55,Me,2,2,M,1.0,4.0,5.09,Me,5.0,830
6578,2021,1332,5.52,Me,2,1,V,,,3.27,Sh,4.0,830
6579,2021,1332,5.52,Me,2,2,V,,,5.81,Me,4.0,830
6580,2021,1332,5.52,Me,2,2,V,,,3.65,Sh,3.0,830
6581,2021,1333,2.44,Sh,2,1,M,1.0,2.0,0.02,Sh,1.0,830
6582,2021,1333,2.44,Sh,2,2,M,1.0,2.0,7.55,Me,5.0,830
6583,2021,1335,2.63,Sh,1,1,B,,,,,,830
6584,2021,1336,3.36,Sh,3,1,V,,,,,,830
6585,2021,1336,3.36,Sh,3,2,B,,,,,,830
6586,2021,1336,3.36,Sh,3,3,V,,,2.53,Sh,3.0,830
6587,2021,1336,3.36,Sh,3,3,M,1.0,3.0,2.73,Sh,2.0,830
6588,2021,1336,3.36,Sh,3,3,M,0.0,0.0,4.59,Sh,4.0,830
6589,2021,1337,2.74,Sh,3,1,M,,,,,,830
6590,2021,1337,2.74,Sh,3,2,M,0.0,0.0,0.96,Sh,2.0,830
6591,2021,1337,2.74,Sh,3,2,V,,,1.81,Sh,2.0,830
6592,2021,1337,2.74,Sh,3,2,V,,,1.44,Sh,2.0,830
6593,2021,1337,2.74,Sh,3,3,M,1.0,9.0,3.78,Sh,4.0,830
6594,2021,1339,0.8,Sh,1,1,B,,,,,,830
6595,2021,1339,2.86,Sh,3,1,V,,,,,,830
6596,2021,1339,2.86,Sh,3,2,M,0.0,0.0,0.89,Sh,5.0,830
6597,2021,1339,2.86,Sh,3,3,S,0.0,0.0,,,,830
6598,2021,1340,0.92,Sh,1,1,B,,,,,,830
6599,2021,1341,4.47,Sh,4,1,S,0.0,0.0,,,,830
6600,2021,1341,4.47,Sh,4,2,S,0.0,0.0,,,,830
6601,2021,1341,4.47,Sh,4,3,S,0.0,0.0,,,,830
6602,2021,1341,4.47,Sh,4,4,V,,,4.22,Sh,4.0,830
6603,2021,1342,5.14,Me,7,1,V,,,0.28,Sh,3.0,830
6604,2021,1342,5.14,Me,7,2,M,0.0,0.0,0.08,Sh,3.0,830
6605,2021,1342,5.14,Me,7,3,S,0.0,0.0,,,,830
6606,2021,1342,5.14,Me,7,4,S,0.0,0.0,,,,830
6607,2021,1342,5.14,Me,7,5,S,0.0,0.0,,,,830
6608,2021,1342,5.14,Me,7,6,V,,,3.84,Sh,3.0,830
6609,2021,1342,5.14,Me,7,7,M,0.0,0.0,4.98,Sh,4.0,830
6610,2021,1343,0.79,Sh,2,1,M,1.0,2.0,1.38,Sh,3.0,830
6611,2021,1343,0.79,Sh,2,1,V,,,0.65,Sh,6.0,830
6612,2021,1343,0.79,Sh,2,2,V,,,0.2,Sh,3.0,830
6613,2021,1343,0.55,Sh,1,1,S,0.0,0.0,,,,830
6614,2021,1345,2.19,Sh,6,1,M,0.0,0.0,0.53,Sh,2.0,830
6615,2021,1345,2.19,Sh,6,2,S,0.0,0.0,,,,830
6616,2021,1345,2.19,Sh,6,3,M,0.0,0.0,0.97,Sh,2.0,830
6617,2021,1345,2.19,Sh,6,4,S,0.0,0.0,,,,830
6618,2021,1345,2.19,Sh,6,5,S,0.0,0.0,,,,830
6619,2021,1345,2.19,Sh,6,6,M,0.0,0.0,1.2,Sh,1.0,830
6620,2021,1346,6.69,Me,6,1,V,,,0.8,Sh,4.0,830
6621,2021,1346,6.69,Me,6,2,M,0.0,0.0,2.75,Sh,1.0,830
6622,2021,1346,6.69,Me,6,3,M,,,,,,830
6623,2021,1346,6.69,Me,6,4,S,0.0,0.0,,,,830
6624,2021,1346,6.69,Me,6,5,M,0.0,0.0,2.36,Sh,3.0,830
6625,2021,1346,6.69,Me,6,5,V,,,2.01,Sh,2.0,830
6626,2021,1346,6.69,Me,6,6,V,,,2.84,Sh,3.0,830
6627,2021,1346,6.69,Me,6,6,M,0.0,0.0,6.93,Me,6.0,830
6628,2021,1347,0.67,Sh,1,1,V,,,7.77,Me,6.0,830
6629,2021,1349,3.17,Sh,4,1,B,,,,,,830
6630,2021,1349,3.17,Sh,4,2,S,0.0,0.0,,,,830
6631,2021,1349,3.17,Sh,4,3,V,,,5.71,Me,5.0,830
6632,2021,1349,3.17,Sh,4,3,V,,,2.29,Sh,1.0,830
6633,2021,1349,3.17,Sh,4,3,M,0.0,0.0,2.64,Sh,2.0,830
6634,2021,1349,3.17,Sh,4,3,V,,,,,,830
6635,2021,1349,3.17,Sh,4,4,V,,,3.24,Sh,1.0,830
6636,2021,1349,3.17,Sh,4,4,V,,,1.58,Sh,1.0,830
6637,2021,1349,0.65,Sh,6,1,V,,,,,,830
6638,2021,1349,0.65,Sh,6,2,V,,,,,,830
6639,2021,1349,0.65,Sh,6,3,V,,,1.51,Sh,2.0,830
6640,2021,1349,0.65,Sh,6,4,S,0.0,0.0,,,,830
6641,2021,1349,0.65,Sh,6,5,M,0.0,0.0,0.8,Sh,1.0,830
6642,2021,1349,0.65,Sh,6,6,M,0.0,0.0,4.37,Sh,3.0,830
6643,2021,1349,0.65,Sh,6,6,M,0.0,0.0,3.31,Sh,4.0,830
6644,2021,1349,0.65,Sh,6,6,V,,,6.94,Me,5.0,830
6645,2021,1349,0.65,Sh,6,6,V,,,6.48,Me,4.0,830
6646,2021,1350,1.68,Sh,3,1,B,,,,,,830
6647,2021,1350,1.68,Sh,3,2,B,,,,,,830
6648,2021,1350,1.68,Sh,3,3,V,,,2.99,Sh,3.0,830
6649,2021,1350,1.04,Sh,1,1,M,,,,,,830
6650,2021,1350,1.04,Sh,1,1,M,,,,,,830
6651,2021,1351,8.5,Me,4,1,B,,,,,,830
6652,2021,1351,8.5,Me,4,2,V,,,,,,830
6653,2021,1351,8.5,Me,4,3,V,,,3.57,Sh,5.0,830
6654,2021,1351,8.5,Me,4,4,V,,,3.46,Sh,2.0,830
6655,2021,1351,8.5,Me,4,4,M,0.0,0.0,4.91,Sh,3.0,830
6656,2021,1352,5.85,Me,5,1,B,,,,,,830
6657,2021,1352,5.85,Me,5,2,V,,,,,,830
6658,2021,1352,5.85,Me,5,2,V,,,2.68,Sh,2.0,830
6659,2021,1352,5.85,Me,5,3,V,,,,,,830
6660,2021,1352,5.85,Me,5,3,V,,,0.84,Sh,2.0,830
6661,2021,1352,5.85,Me,5,3,M,0.0,0.0,1.46,Sh,6.0,830
6662,2021,1352,5.85,Me,5,4,V,,,2.37,Sh,1.0,830
6663,2021,1352,5.85,Me,5,5,M,1.0,3.0,5.95,Me,7.0,830
6664,2021,1352,5.85,Me,5,5,M,0.0,0.0,6.59,Me,5.0,830
6665,2021,1353,3.78,Sh,1,1,V,,,2.58,Sh,1.0,830
6666,2021,1355,2.75,Sh,5,1,M,0.0,0.0,1.59,Sh,2.0,830
6667,2021,1355,2.75,Sh,5,2,S,0.0,0.0,,,,830
6668,2021,1355,2.75,Sh,5,3,V,,,0.85,Sh,1.0,830
6669,2021,1355,2.75,Sh,5,4,B,,,,,,830
6670,2021,1355,2.75,Sh,5,5,B,,,,,,830
6671,2021,1356,2.91,Sh,4,1,B,,,,,,830
6672,2021,1356,2.91,Sh,4,2,B,,,,,,830
6673,2021,1356,2.91,Sh,4,3,S,0.0,0.0,,,,830
6674,2021,1356,2.91,Sh,4,4,M,0.0,0.0,5.92,Me,7.0,830
6675,2021,1356,2.91,Sh,4,4,M,0.0,0.0,7.89,Me,8.0,830
6676,2021,1356,2.91,Sh,4,4,M,0.0,0.0,4.54,Sh,5.0,830
6677,2021,1357,4.07,Sh,6,1,V,,,,,,830
6678,2021,1357,4.07,Sh,6,1,V,,,2.52,Sh,3.0,830
6679,2021,1357,4.07,Sh,6,2,B,,,,,,830
6680,2021,1357,4.07,Sh,6,3,S,0.0,0.0,,,,830
6681,2021,1357,4.07,Sh,6,4,V,,,1.99,Sh,3.0,830
6682,2021,1357,4.07,Sh,6,5,S,0.0,0.0,,,,830
6683,2021,1357,4.07,Sh,6,6,V,,,2.42,Sh,4.0,830
6684,2021,1358,7.94,Me,7,1,S,0.0,0.0,,,,830
6685,2021,1358,7.94,Me,7,2,V,,,2.63,Sh,3.0,830
6686,2021,1358,7.94,Me,7,3,B,,,,,,830
6687,2021,1358,7.94,Me,7,4,S,0.0,0.0,,,,830
6688,2021,1358,7.94,Me,7,5,M,1.0,2.0,0.49,Sh,1.0,830
6689,2021,1358,7.94,Me,7,6,M,1.0,2.0,5.62,Me,6.0,830
6690,2021,1358,7.94,Me,7,7,V,,,6.25,Me,6.0,830
6691,2021,1359,5.26,Me,5,1,B,,,,,,830
6692,2021,1359,5.26,Me,5,2,V,,,0.73,Sh,3.0,830
6693,2021,1359,5.26,Me,5,3,B,,,,,,830
6694,2021,1359,5.26,Me,5,4,V,,,0.63,Sh,3.0,830
6695,2021,1359,5.26,Me,5,5,M,0.0,0.0,2.42,Sh,2.0,830
6696,2021,1359,5.26,Me,5,5,V,,,0.94,Sh,3.0,830
6697,2021,1359,5.26,Me,5,5,M,0.0,0.0,1.09,Sh,3.0,830
6698,2021,1359,5.26,Me,5,5,M,0.0,0.0,7.58,Me,8.0,830
6699,2021,1360,7.33,Me,2,1,B,,,,,,830
6700,2021,1360,7.33,Me,2,2,V,,,4.86,Sh,6.0,830
6701,2021,1360,7.33,Me,2,2,M,,,,,,830
6702,2021,1362,0.02,Sh,2,1,B,,,,,,830
6703,2021,1362,0.02,Sh,2,2,B,,,,,,830
6704,2021,1364,2.11,Sh,3,1,B,,,,,,830
6705,2021,1364,2.11,Sh,3,2,S,0.0,0.0,,,,830
6706,2021,1364,2.11,Sh,3,3,S,0.0,0.0,,,,830
6707,2021,1365,4.56,Sh,3,1,M,0.0,0.0,5.54,Me,6.0,830
6708,2021,1365,4.56,Sh,3,2,B,,,,,,830
6709,2021,1365,4.56,Sh,3,3,V,,,4.89,Sh,5.0,830
6710,2021,1367,1.16,Sh,3,1,B,,,,,,830
6711,2021,1367,1.16,Sh,3,2,V,,,0.53,Sh,1.0,830
6712,2021,1367,1.16,Sh,3,3,S,0.0,0.0,,,,830
6713,2021,1367,1.92,Sh,2,1,V,,,4.17,Sh,2.0,830
6714,2021,1367,1.92,Sh,2,2,V,,,3.41,Sh,1.0,830
6715,2021,1368,5.08,Me,2,1,V,,,1.84,Sh,3.0,830
6716,2021,1368,5.08,Me,2,2,M,0.0,0.0,0.31,Sh,1.0,830
6717,2021,1368,5.08,Me,2,2,M,0.0,0.0,0.24,Sh,1.0,830
6718,2021,1368,5.08,Me,2,2,V,,,3.1,Sh,6.0,830
6719,2021,1369,4.22,Sh,7,1,V,,,4.52,Sh,5.0,830
6720,2021,1369,4.22,Sh,7,2,M,1.0,4.0,3.43,Sh,3.0,830
6721,2021,1369,4.22,Sh,7,3,B,,,,,,830
6722,2021,1369,4.22,Sh,7,4,S,0.0,0.0,,,,830
6723,2021,1369,4.22,Sh,7,5,S,0.0,0.0,,,,830
6724,2021,1369,4.22,Sh,7,6,M,0.0,0.0,4.1,Sh,5.0,830
6725,2021,1369,4.22,Sh,7,7,M,1.0,5.0,4.93,Sh,5.0,830
6726,2021,1370,2.81,Sh,4,1,V,,,,,,830
6727,2021,1370,2.81,Sh,4,1,V,,,3.87,Sh,2.0,830
6728,2021,1370,2.81,Sh,4,2,V,,,1.15,Sh,3.0,830
6729,2021,1370,2.81,Sh,4,2,V,,,0.09,Sh,1.0,830
6730,2021,1370,2.81,Sh,4,3,M,0.0,0.0,3.59,Sh,2.0,830
6731,2021,1370,2.81,Sh,4,4,V,,,6.04,Me,5.0,830
6732,2021,1370,2.81,Sh,4,4,V,,,2.43,Sh,5.0,830
6733,2021,1370,2.81,Sh,4,4,V,,,4.1,Sh,3.0,830
6734,2021,1371,9.84,Me,4,1,B,,,,,,830
6735,2021,1371,9.84,Me,4,2,S,0.0,0.0,,,,830
6736,2021,1371,9.84,Me,4,3,M,1.0,2.0,0.43,Sh,1.0,830
6737,2021,1371,9.84,Me,4,4,M,0.0,0.0,8.63,Me,11.0,830
6738,2021,1371,9.84,Me,4,4,M,0.0,0.0,5.41,Me,5.0,830
6739,2021,1372,6.18,Me,5,1,V,,,,,,830
6740,2021,1372,6.18,Me,5,1,V,,,,,,830
6741,2021,1372,6.18,Me,5,1,V,,,1.26,Sh,1.0,830
6742,2021,1372,6.18,Me,5,2,B,,,,,,830
6743,2021,1372,6.18,Me,5,3,S,0.0,0.0,,,,830
6744,2021,1372,6.18,Me,5,4,V,,,1.01,Sh,1.0,830
6745,2021,1372,6.18,Me,5,5,M,,,,,,830
6746,2021,1376,0.34,Sh,2,1,V,,,1.07,Sh,3.0,830
6747,2021,1376,0.34,Sh,2,2,S,0.0,0.0,,,,830
6748,2021,1377,4.37,Sh,4,1,V,,,4.21,Sh,4.0,830
6749,2021,1377,4.37,Sh,4,2,B,,,,,,830
6750,2021,1377,4.37,Sh,4,3,B,,,,,,830
6751,2021,1377,4.37,Sh,4,4,B,,,,,,830
6752,2021,1379,6.18,Me,6,1,B,,,,,,830
6753,2021,1379,6.18,Me,6,2,V,,,3.91,Sh,6.0,830
6754,2021,1379,6.18,Me,6,3,B,,,,,,830
6755,2021,1379,6.18,Me,6,4,B,,,,,,830
6756,2021,1379,6.18,Me,6,5,M,0.0,0.0,5.44,Me,7.0,830
6757,2021,1379,6.18,Me,6,5,M,0.0,0.0,2.79,Sh,3.0,830
6758,2021,1379,6.18,Me,6,6,M,1.0,1.0,5.83,Me,4.0,830
6759,2021,1380,3.6,Sh,2,1,S,0.0,0.0,,,,830
6760,2021,1380,3.6,Sh,2,2,B,,,,,,830
6761,2021,1381,0.89,Sh,1,1,S,0.0,0.0,,,,830
6762,2021,1382,4.66,Sh,1,1,B,,,,,,830
6763,2021,1383,7.38,Me,4,1,M,1.0,3.0,1.56,Sh,5.0,830
6764,2021,1383,7.38,Me,4,1,V,,,0.24,Sh,2.0,830
6765,2021,1383,7.38,Me,4,2,M,0.0,0.0,1.09,Sh,1.0,830
6766,2021,1383,7.38,Me,4,2,V,,,2.2,Sh,5.0,830
6767,2021,1383,7.38,Me,4,3,V,,,3.36,Sh,4.0,830
6768,2021,1383,7.38,Me,4,4,B,,,,,,830
6769,2021,1385,3.41,Sh,2,1,M,1.0,2.0,0.11,Sh,2.0,830
6770,2021,1385,3.41,Sh,2,1,M,0.0,0.0,0.18,Sh,2.0,830
6771,2021,1385,3.41,Sh,2,2,M,1.0,4.0,1.4,Sh,1.0,830
6772,2021,1385,3.41,Sh,2,2,V,,,6.69,Me,6.0,830
6773,2021,1386,0.57,Sh,1,1,B,,,,,,830
6774,2021,1387,0.18,Sh,2,1,B,,,,,,830
6775,2021,1387,0.18,Sh,2,2,M,0.0,0.0,3.98,Sh,4.0,830
6776,2021,1388,3.25,Sh,5,1,V,,,2.19,Sh,3.0,830
6777,2021,1388,3.25,Sh,5,2,V,,,0.13,Sh,2.0,830
6778,2021,1388,3.25,Sh,5,3,V,,,2.75,Sh,4.0,830
6779,2021,1388,3.25,Sh,5,3,V,,,,,,830
6780,2021,1388,3.25,Sh,5,3,M,0.0,0.0,5.67,Me,5.0,830
6781,2021,1388,3.25,Sh,5,4,S,0.0,0.0,,,,830
6782,2021,1388,3.25,Sh,5,5,M,0.0,0.0,4.23,Sh,3.0,830
6783,2021,1390,6.7,Me,6,1,V,,,,,,830
6784,2021,1390,6.7,Me,6,2,V,,,0.48,Sh,3.0,830
6785,2021,1390,6.7,Me,6,2,V,,,3.19,Sh,5.0,830
6786,2021,1390,6.7,Me,6,2,V,,,2.69,Sh,3.0,830
6787,2021,1390,6.7,Me,6,3,V,,,0.86,Sh,3.0,830
6788,2021,1390,6.7,Me,6,4,M,0.0,0.0,0.24,Sh,2.0,830
6789,2021,1390,6.7,Me,6,5,S,0.0,0.0,,,,830
6790,2021,1390,6.7,Me,6,6,M,1.0,2.0,4.8,Sh,2.0,830
6791,2021,1390,2.63,Sh,5,1,V,,,0.48,Sh,4.0,830
6792,2021,1390,2.63,Sh,5,2,B,,,,,,830
6793,2021,1390,2.63,Sh,5,3,S,0.0,0.0,,,,830
6794,2021,1390,2.63,Sh,5,4,S,0.0,0.0,,,,830
6795,2021,1390,2.63,Sh,5,5,V,,,0.43,Sh,1.0,830
6796,2021,1390,2.63,Sh,5,5,M,0.0,0.0,8.07,Me,9.0,830
6797,2021,1391,4.75,Sh,4,1,V,,,4.72,Sh,3.0,830
6798,2021,1391,4.75,Sh,4,2,B,,,,,,830
6799,2021,1391,4.75,Sh,4,3,M,1.0,3.0,2.99,Sh,2.0,830
6800,2021,1391,4.75,Sh,4,4,V,,,6.81,Me,4.0,830
6801,2021,1392,5.36,Me,4,1,S,0.0,0.0,,,,830
6802,2021,1392,5.36,Me,4,2,S,0.0,0.0,,,,830
6803,2021,1392,5.36,Me,4,3,M,1.0,2.0,2.43,Sh,4.0,830
6804,2021,1392,5.36,Me,4,4,V,,,9.11,Me,5.0,830
6805,2021,1393,5.14,Me,5,1,V,,,,,,830
6806,2021,1393,5.14,Me,5,2,S,0.0,0.0,,,,830
6807,2021,1393,5.14,Me,5,3,V,,,3.92,Sh,1.0,830
6808,2021,1393,5.14,Me,5,3,M,0.0,0.0,2.54,Sh,2.0,830
6809,2021,1393,5.14,Me,5,4,B,,,,,,830
6810,2021,1393,5.14,Me,5,5,V,,,4.59,Sh,5.0,830
6811,2021,1394,7.87,Me,6,1,V,,,2.54,Sh,3.0,830
6812,2021,1394,7.87,Me,6,2,B,,,,,,830
6813,2021,1394,7.87,Me,6,3,V,,,1.61,Sh,3.0,830
6814,2021,1394,7.87,Me,6,4,V,,,0.08,Sh,1.0,830
6815,2021,1394,7.87,Me,6,5,M,0.0,0.0,2.92,Sh,4.0,830
6816,2021,1394,7.87,Me,6,6,M,0.0,0.0,4.06,Sh,5.0,830
6817,2021,1395,8.02,Me,7,1,B,,,,,,830
6818,2021,1395,8.02,Me,7,2,M,1.0,1.0,1.97,Sh,1.0,830
6819,2021,1395,8.02,Me,7,2,M,0.0,0.0,0.71,Sh,2.0,830
6820,2021,1395,8.02,Me,7,3,B,,,,,,830
6821,2021,1395,8.02,Me,7,4,S,0.0,0.0,,,,830
6822,2021,1395,8.02,Me,7,5,M,0.0,0.0,1.5,Sh,2.0,830
6823,2021,1395,8.02,Me,7,6,B,,,,,,830
6824,2021,1395,8.02,Me,7,7,M,0.0,0.0,1.61,Sh,1.0,830
6825,2021,1396,7.03,Me,6,1,B,,,,,,830
6826,2021,1396,7.03,Me,6,2,M,,,,,,830
6827,2021,1396,7.03,Me,6,2,V,,,1.95,Sh,5.0,830
6828,2021,1396,7.03,Me,6,3,V,,,1.0,Sh,3.0,830
6829,2021,1396,7.03,Me,6,4,M,0.0,0.0,5.83,Me,4.0,830
6830,2021,1396,7.03,Me,6,5,S,0.0,0.0,,,,830
6831,2021,1396,7.03,Me,6,6,M,,,,,,830
6832,2021,1396,7.03,Me,6,6,M,0.0,0.0,5.93,Me,8.0,830
6833,2021,1397,7.23,Me,8,1,B,,,,,,830
6834,2021,1397,7.23,Me,8,2,V,,,7.35,Me,5.0,830
6835,2021,1397,7.23,Me,8,3,B,,,,,,830
6836,2021,1397,7.23,Me,8,4,V,,,3.04,Sh,4.0,830
6837,2021,1397,7.23,Me,8,5,V,,,,,,830
6838,2021,1397,7.23,Me,8,5,V,,,1.9,Sh,1.0,830
6839,2021,1397,7.23,Me,8,5,M,0.0,0.0,0.9,Sh,2.0,830
6840,2021,1397,7.23,Me,8,6,M,0.0,0.0,6.68,Me,4.0,830
6841,2021,1397,7.23,Me,8,7,M,0.0,0.0,9.95,Me,7.0,830
6842,2021,1397,7.23,Me,8,8,V,,,10.36,Me,9.0,830
6843,2021,1398,7.17,Me,7,1,M,0.0,0.0,0.36,Sh,3.0,830
6844,2021,1398,7.17,Me,7,2,S,0.0,0.0,,,,830
6845,2021,1398,7.17,Me,7,3,V,,,3.46,Sh,2.0,830
6846,2021,1398,7.17,Me,7,4,M,1.0,4.0,2.51,Sh,6.0,830
6847,2021,1398,7.17,Me,7,5,V,,,1.39,Sh,2.0,830
6848,2021,1398,7.17,Me,7,5,V,,,6.95,Me,7.0,830
6849,2021,1398,7.17,Me,7,5,M,0.0,0.0,7.99,Me,6.0,830
6850,2021,1398,7.17,Me,7,6,M,0.0,0.0,3.58,Sh,6.0,830
6851,2021,1398,7.17,Me,7,7,M,0.0,0.0,0.33,Sh,1.0,830
6852,2021,1401,6.52,Me,4,1,V,,,,,,830
6853,2021,1401,6.52,Me,4,1,V,,,1.07,Sh,3.0,830
6854,2021,1401,6.52,Me,4,1,V,,,,,,830
6855,2021,1401,6.52,Me,4,2,M,,,,,,830
6856,2021,1401,6.52,Me,4,3,S,0.0,0.0,,,,830
6857,2021,1401,6.52,Me,4,4,B,,,,,,830
6858,2021,1402,1.65,Sh,3,1,V,,,2.44,Sh,6.0,830
6859,2021,1402,1.65,Sh,3,1,V,,,1.89,Sh,2.0,830
6860,2021,1402,1.65,Sh,3,2,S,0.0,0.0,,,,830
6861,2021,1402,1.65,Sh,3,3,S,0.0,0.0,,,,830
6862,2021,1403,5.6,Me,6,1,B,,,,,,830
6863,2021,1403,5.6,Me,6,2,M,0.0,0.0,2.24,Sh,6.0,830
6864,2021,1403,5.6,Me,6,2,V,,,6.7,Me,2.0,830
6865,2021,1403,5.6,Me,6,2,M,1.0,2.0,2.4,Sh,5.0,830
6866,2021,1403,5.6,Me,6,3,B,,,,,,830
6867,2021,1403,5.6,Me,6,4,M,0.0,0.0,5.08,Me,5.0,830
6868,2021,1403,5.6,Me,6,5,S,0.0,0.0,,,,830
6869,2021,1403,5.6,Me,6,6,M,1.0,6.0,7.57,Me,6.0,830
6870,2021,1404,1.35,Sh,1,1,B,,,,,,830
6871,2021,1404,1.99,Sh,8,1,V,,,,,,830
6872,2021,1404,1.99,Sh,8,1,V,,,1.74,Sh,1.0,830
6873,2021,1404,1.99,Sh,8,1,M,0.0,0.0,1.65,Sh,3.0,830
6874,2021,1404,1.99,Sh,8,2,B,,,,,,830
6875,2021,1404,1.99,Sh,8,3,V,,,0.28,Sh,3.0,830
6876,2021,1404,1.99,Sh,8,4,V,,,7.53,Me,7.0,830
6877,2021,1404,1.99,Sh,8,5,M,0.0,0.0,1.65,Sh,5.0,830
6878,2021,1404,1.99,Sh,8,6,V,,,4.59,Sh,5.0,830
6879,2021,1404,1.99,Sh,8,7,M,0.0,0.0,4.99,Sh,2.0,830
6880,2021,1404,1.99,Sh,8,7,M,0.0,0.0,3.15,Sh,1.0,830
6881,2021,1404,1.99,Sh,8,7,M,0.0,0.0,7.44,Me,5.0,830
6882,2021,1404,1.99,Sh,8,8,M,1.0,1.0,8.94,Me,4.0,830
6883,2021,1405,1.17,Sh,1,1,B,,,,,,830
6884,2021,1406,3.66,Sh,3,1,V,,,,,,830
6885,2021,1406,3.66,Sh,3,2,B,,,,,,830
6886,2021,1406,3.66,Sh,3,3,V,,,1.91,Sh,3.0,830
6887,2021,1407,5.11,Me,4,1,M,0.0,0.0,2.33,Sh,4.0,830
6888,2021,1407,5.11,Me,4,2,M,1.0,2.0,3.58,Sh,6.0,830
6889,2021,1407,5.11,Me,4,2,M,0.0,0.0,0.7,Sh,3.0,830
6890,2021,1407,5.11,Me,4,3,M,0.0,0.0,4.87,Sh,2.0,830
6891,2021,1407,5.11,Me,4,3,V,,,5.13,Me,2.0,830
6892,2021,1407,5.11,Me,4,4,S,0.0,0.0,,,,830
6893,2021,1408,4.73,Sh,4,1,S,0.0,0.0,,,,830
6894,2021,1408,4.73,Sh,4,2,V,,,1.66,Sh,5.0,830
6895,2021,1408,4.73,Sh,4,3,M,0.0,0.0,9.27,Me,7.0,830
6896,2021,1408,4.73,Sh,4,4,V,,,5.44,Me,6.0,830
6897,2021,1409,4.27,Sh,6,1,V,,,3.01,Sh,4.0,830
6898,2021,1409,4.27,Sh,6,1,V,,,2.58,Sh,1.0,830
6899,2021,1409,4.27,Sh,6,2,S,0.0,0.0,,,,830
6900,2021,1409,4.27,Sh,6,3,B,,,,,,830
6901,2021,1409,4.27,Sh,6,4,V,,,6.23,Me,4.0,830
6902,2021,1409,4.27,Sh,6,5,M,,,,,,830
6903,2021,1409,4.27,Sh,6,5,M,0.0,0.0,12.88,Me,8.0,830
6904,2021,1409,4.27,Sh,6,5,V,,,10.18,Me,7.0,830
6905,2021,1409,4.27,Sh,6,5,V,,,1.76,Sh,4.0,830
6906,2021,1409,4.27,Sh,6,6,S,0.0,0.0,,,,830
6907,2021,1410,8.77,Me,8,1,B,,,,,,830
6908,2021,1410,8.77,Me,8,2,M,0.0,0.0,3.81,Sh,4.0,830
6909,2021,1410,8.77,Me,8,3,V,,,3.01,Sh,2.0,830
6910,2021,1410,8.77,Me,8,4,M,0.0,0.0,1.57,Sh,1.0,830
6911,2021,1410,8.77,Me,8,5,S,0.0,0.0,,,,830
6912,2021,1410,8.77,Me,8,6,V,,,2.59,Sh,4.0,830
6913,2021,1410,8.77,Me,8,7,M,0.0,0.0,3.99,Sh,4.0,830
6914,2021,1410,8.77,Me,8,8,S,0.0,0.0,,,,830
6915,2021,1412,0.17,Sh,2,1,V,,,0.81,Sh,1.0,830
6916,2021,1412,0.17,Sh,2,2,V,,,2.44,Sh,7.0,830
6917,2021,1413,1.99,Sh,2,1,B,,,,,,830
6918,2021,1413,1.99,Sh,2,2,B,,,,,,830
6919,2021,1416,4.43,Sh,5,1,V,,,,,,830
6920,2021,1416,4.43,Sh,5,2,B,,,,,,830
6921,2021,1416,4.43,Sh,5,3,B,,,,,,830
6922,2021,1416,4.43,Sh,5,4,M,1.0,5.0,2.82,Sh,3.0,830
6923,2021,1416,4.43,Sh,5,5,M,0.0,0.0,4.3,Sh,4.0,830
6924,2021,1418,1.24,Sh,2,1,B,,,,,,830
6925,2021,1418,1.24,Sh,2,2,V,,,7.12,Me,5.0,830
6926,2021,1418,1.24,Sh,2,2,M,0.0,0.0,5.47,Me,6.0,830
6927,2021,1420,6.84,Me,7,1,V,,,,,,830
6928,2021,1420,6.84,Me,7,2,V,,,0.17,Sh,1.0,830
6929,2021,1420,6.84,Me,7,3,V,,,1.35,Sh,2.0,830
6930,2021,1420,6.84,Me,7,4,M,1.0,3.0,2.39,Sh,4.0,830
6931,2021,1420,6.84,Me,7,4,M,1.0,6.0,5.08,Me,3.0,830
6932,2021,1420,6.84,Me,7,5,S,0.0,0.0,,,,830
6933,2021,1420,6.84,Me,7,6,V,,,1.3,Sh,1.0,830
6934,2021,1420,6.84,Me,7,7,M,1.0,5.0,4.69,Sh,5.0,830
6935,2021,1421,1.79,Sh,2,1,M,,,,,,830
6936,2021,1421,1.79,Sh,2,2,V,,,3.77,Sh,2.0,830
6937,2021,1422,5.0,Sh,5,1,B,,,,,,830
6938,2021,1422,5.0,Sh,5,2,B,,,,,,830
6939,2021,1422,5.0,Sh,5,3,S,0.0,0.0,,,,830
6940,2021,1422,5.0,Sh,5,4,M,1.0,3.0,4.38,Sh,6.0,830
6941,2021,1422,5.0,Sh,5,5,V,,,2.05,Sh,2.0,830
6942,2021,1424,2.79,Sh,3,1,V,,,,,,830
6943,2021,1424,2.79,Sh,3,2,B,,,,,,830
6944,2021,1424,2.79,Sh,3,3,M,0.0,0.0,2.08,Sh,4.0,830
6945,2021,1425,1.96,Sh,6,1,M,0.0,0.0,1.11,Sh,3.0,830
6946,2021,1425,1.96,Sh,6,1,V,,,,,,830
6947,2021,1425,1.96,Sh,6,1,V,,,1.08,Sh,4.0,830
6948,2021,1425,1.96,Sh,6,2,V,,,2.2,Sh,3.0,830
6949,2021,1425,1.96,Sh,6,3,S,0.0,0.0,,,,830
6950,2021,1425,1.96,Sh,6,4,S,0.0,0.0,,,,830
6951,2021,1425,1.96,Sh,6,5,V,,,3.97,Sh,4.0,830
6952,2021,1425,1.96,Sh,6,5,V,,,,,,830
6953,2021,1425,1.96,Sh,6,6,V,,,1.16,Sh,2.0,830
6954,2021,1426,5.74,Me,6,1,B,,,,,,830
6955,2021,1426,5.74,Me,6,2,B,,,,,,830
6956,2021,1426,5.74,Me,6,3,S,0.0,0.0,,,,830
6957,2021,1426,5.74,Me,6,4,B,,,,,,830
6958,2021,1426,5.74,Me,6,5,M,1.0,1.0,0.7,Sh,1.0,830
6959,2021,1426,5.74,Me,6,5,V,,,1.92,Sh,3.0,830
6960,2021,1426,5.74,Me,6,5,V,,,1.38,Sh,2.0,830
6961,2021,1426,5.74,Me,6,6,V,,,2.91,Sh,7.0,830
6962,2021,1429,2.09,Sh,3,1,V,,,3.81,Sh,3.0,830
6963,2021,1429,2.09,Sh,3,2,V,,,0.23,Sh,1.0,830
6964,2021,1429,2.09,Sh,3,3,V,,,0.35,Sh,3.0,830
6965,2021,1430,0.45,Sh,3,1,V,,,3.34,Sh,4.0,830
6966,2021,1430,0.45,Sh,3,2,V,,,0.19,Sh,1.0,830
6967,2021,1430,0.45,Sh,3,3,M,1.0,3.0,8.81,Me,5.0,830
6968,2021,1430,0.45,Sh,3,3,V,,,3.89,Sh,6.0,830
6969,2021,1432,2.93,Sh,2,1,V,,,0.11,Sh,1.0,830
6970,2021,1432,2.93,Sh,2,2,B,,,,,,830
6971,2021,1434,1.02,Sh,4,1,V,,,0.01,Sh,1.0,830
6972,2021,1434,1.02,Sh,4,2,V,,,1.38,Sh,3.0,830
6973,2021,1434,1.02,Sh,4,3,S,0.0,0.0,,,,830
6974,2021,1434,1.02,Sh,4,4,V,,,1.3,Sh,1.0,830
6975,2021,1434,1.02,Sh,4,4,M,0.0,0.0,2.25,Sh,7.0,830
6976,2021,1435,2.09,Sh,2,1,V,,,1.65,Sh,1.0,830
6977,2021,1435,2.09,Sh,2,2,S,0.0,0.0,,,,830
6978,2021,1436,4.84,Sh,5,1,S,0.0,0.0,,,,830
6979,2021,1436,4.84,Sh,5,2,V,,,4.65,Sh,10.0,830
6980,2021,1436,4.84,Sh,5,3,S,0.0,0.0,,,,830
6981,2021,1436,4.84,Sh,5,4,M,,,,,,830
6982,2021,1436,4.84,Sh,5,4,M,1.0,4.0,2.14,Sh,3.0,830
6983,2021,1436,4.84,Sh,5,4,M,,,,,,830
6984,2021,1436,4.84,Sh,5,5,M,1.0,1.0,6.16,Me,7.0,830
6985,2021,1437,0.41,Sh,2,1,B,,,,,,830
6986,2021,1437,0.41,Sh,2,2,M,1.0,1.0,5.14,Me,4.0,830
6987,2021,1438,6.07,Me,4,1,B,,,,,,830
6988,2021,1438,6.07,Me,4,2,B,,,,,,830
6989,2021,1438,6.07,Me,4,3,V,,,3.38,Sh,4.0,830
6990,2021,1438,6.07,Me,4,4,M,0.0,0.0,8.25,Me,9.0,830
6991,2021,1439,3.08,Sh,5,1,B,,,,,,830
6992,2021,1439,3.08,Sh,5,2,V,,,0.09,Sh,4.0,830
6993,2021,1439,3.08,Sh,5,3,V,,,1.25,Sh,4.0,830
6994,2021,1439,3.08,Sh,5,4,V,,,0.74,Sh,1.0,830
6995,2021,1439,3.08,Sh,5,5,V,,,8.08,Me,6.0,830
6996,2021,1440,5.1,Me,7,1,V,,,,,,830
6997,2021,1440,5.1,Me,7,2,V,,,,,,830
6998,2021,1440,5.1,Me,7,3,S,0.0,0.0,,,,830
6999,2021,1440,5.1,Me,7,4,M,1.0,5.0,1.3,Sh,1.0,830
7000,2021,1440,5.1,Me,7,5,V,,,2.04,Sh,3.0,830
7001,2021,1440,5.1,Me,7,6,V,,,4.82,Sh,4.0,830
7002,2021,1440,5.1,Me,7,7,V,,,7.64,Me,4.0,830
7003,2021,1442,3.05,Sh,2,1,S,0.0,0.0,,,,830
7004,2021,1442,3.05,Sh,2,2,M,1.0,1.0,4.96,Sh,5.0,830
7005,2021,1444,1.38,Sh,1,1,V,,,1.56,Sh,2.0,830
7006,2021,1445,3.38,Sh,4,1,B,,,,,,830
7007,2021,1445,3.38,Sh,4,2,V,,,2.65,Sh,3.0,830
7008,2021,1445,3.38,Sh,4,3,V,,,1.66,Sh,4.0,830
7009,2021,1445,3.38,Sh,4,4,V,,,6.98,Me,10.0,830
7010,2021,1446,6.21,Me,2,1,B,,,,,,830
7011,2021,1446,6.21,Me,2,2,B,,,,,,830
7012,2021,1447,2.45,Sh,2,1,S,0.0,0.0,,,,830
7013,2021,1447,2.45,Sh,2,2,M,1.0,2.0,4.54,Sh,4.0,830
7014,2021,1449,1.51,Sh,1,1,B,,,,,,830
7015,2021,1450,0.67,Sh,3,1,V,,,2.08,Sh,6.0,830
7016,2021,1450,0.67,Sh,3,1,V,,,3.7,Sh,6.0,830
7017,2021,1450,0.67,Sh,3,2,V,,,4.41,Sh,4.0,830
7018,2021,1450,0.67,Sh,3,3,M,1.0,5.0,8.15,Me,6.0,830
7019,2021,1451,4.49,Sh,6,1,B,,,,,,830
7020,2021,1451,4.49,Sh,6,2,B,,,,,,830
7021,2021,1451,4.49,Sh,6,3,V,,,2.96,Sh,3.0,830
7022,2021,1451,4.49,Sh,6,3,M,,,,,,830
7023,2021,1451,4.49,Sh,6,4,B,,,,,,830
7024,2021,1451,4.49,Sh,6,5,V,,,7.03,Me,4.0,830
7025,2021,1451,4.49,Sh,6,5,V,,,5.97,Me,6.0,830
7026,2021,1451,4.49,Sh,6,5,V,,,1.28,Sh,2.0,830
7027,2021,1451,4.49,Sh,6,6,M,0.0,0.0,5.9,Me,5.0,830
7028,2021,1455,3.04,Sh,3,1,V,,,5.6,Me,5.0,830
7029,2021,1455,3.04,Sh,3,2,M,1.0,2.0,5.24,Me,8.0,830
7030,2021,1455,3.04,Sh,3,3,B,,,,,,830
7031,2021,1456,2.74,Sh,1,1,B,,,,,,830
7032,2021,1457,5.02,Me,2,1,V,,,,,,830
7033,2021,1457,5.02,Me,2,1,V,,,0.91,Sh,3.0,830
7034,2021,1457,5.02,Me,2,2,B,,,,,,830
7035,2021,1458,5.77,Me,6,1,B,,,,,,830
7036,2021,1458,5.77,Me,6,2,S,0.0,0.0,,,,830
7037,2021,1458,5.77,Me,6,3,B,,,,,,830
7038,2021,1458,5.77,Me,6,4,M,0.0,0.0,7.36,Me,5.0,830
7039,2021,1458,5.77,Me,6,4,V,,,4.66,Sh,6.0,830
7040,2021,1458,5.77,Me,6,5,M,0.0,0.0,4.31,Sh,7.0,830
7041,2021,1458,5.77,Me,6,5,M,0.0,0.0,3.96,Sh,4.0,830
7042,2021,1458,5.77,Me,6,6,S,0.0,0.0,,,,830
7043,2021,1459,4.47,Sh,4,1,B,,,,,,830
7044,2021,1459,4.47,Sh,4,2,V,,,5.56,Me,2.0,830
7045,2021,1459,4.47,Sh,4,2,V,,,,,,830
7046,2021,1459,4.47,Sh,4,3,V,,,5.6,Me,5.0,830
7047,2021,1459,4.47,Sh,4,3,V,,,2.77,Sh,4.0,830
7048,2021,1459,4.47,Sh,4,3,V,,,3.64,Sh,7.0,830
7049,2021,1459,4.47,Sh,4,4,M,0.0,0.0,7.12,Me,5.0,830
7050,2021,1460,2.61,Sh,1,1,B,,,,,,830
7051,2021,1460,1.77,Sh,1,1,M,1.0,3.0,3.86,Sh,6.0,830
7052,2021,1461,0.97,Sh,3,1,V,,,6.09,Me,7.0,830
7053,2021,1461,0.97,Sh,3,2,S,0.0,0.0,,,,830
7054,2021,1461,0.97,Sh,3,3,M,1.0,2.0,1.77,Sh,2.0,830
7055,2021,1462,4.97,Sh,3,1,B,,,,,,830
7056,2021,1462,4.97,Sh,3,2,B,,,,,,830
7057,2021,1462,4.97,Sh,3,3,V,,,,,,830
7058,2021,1462,4.97,Sh,3,3,V,,,3.18,Sh,3.0,830
7059,2021,1465,3.49,Sh,2,1,B,,,,,,830
7060,2021,1465,3.49,Sh,2,2,S,0.0,0.0,,,,830
7061,2021,1466,3.49,Sh,5,1,M,0.0,0.0,2.38,Sh,2.0,830
7062,2021,1466,3.49,Sh,5,2,B,,,,,,830
7063,2021,1466,3.49,Sh,5,3,V,,,7.68,Me,7.0,830
7064,2021,1466,3.49,Sh,5,4,V,,,5.07,Me,4.0,830
7065,2021,1466,3.49,Sh,5,5,V,,,6.11,Me,7.0,830
7066,2021,1466,3.49,Sh,5,5,V,,,0.09,Sh,1.0,830
7067,2021,1467,4.86,Sh,4,1,V,,,0.06,Sh,1.0,830
7068,2021,1467,4.86,Sh,4,2,V,,,0.53,Sh,3.0,830
7069,2021,1467,4.86,Sh,4,2,V,,,2.35,Sh,5.0,830
7070,2021,1467,4.86,Sh,4,3,M,,,,,,830
7071,2021,1467,4.86,Sh,4,4,M,0.0,0.0,2.5,Sh,3.0,830
7072,2021,1468,5.23,Me,5,1,B,,,,,,830
7073,2021,1468,5.23,Me,5,2,M,0.0,0.0,2.82,Sh,7.0,830
7074,2021,1468,5.23,Me,5,2,M,0.0,0.0,1.56,Sh,3.0,830
7075,2021,1468,5.23,Me,5,2,M,0.0,0.0,0.59,Sh,3.0,830
7076,2021,1468,5.23,Me,5,3,S,0.0,0.0,,,,830
7077,2021,1468,5.23,Me,5,4,B,,,,,,830
7078,2021,1468,5.23,Me,5,5,M,0.0,0.0,10.43,Me,7.0,830
7079,2021,1468,5.23,Me,5,5,V,,,,,,830
7080,2021,1472,3.41,Sh,1,1,V,,,4.17,Sh,2.0,830
7081,2021,1473,8.35,Me,1,1,B,,,,,,830
7082,2021,1474,6.54,Me,10,1,V,,,,,,830
7083,2021,1474,6.54,Me,10,1,V,,,0.58,Sh,2.0,830
7084,2021,1474,6.54,Me,10,1,V,,,,,,830
7085,2021,1474,6.54,Me,10,2,V,,,4.03,Sh,6.0,830
7086,2021,1474,6.54,Me,10,3,V,,,3.69,Sh,6.0,830
7087,2021,1474,6.54,Me,10,4,S,0.0,0.0,,,,830
7088,2021,1474,6.54,Me,10,5,B,,,,,,830
7089,2021,1474,6.54,Me,10,6,S,0.0,0.0,,,,830
7090,2021,1474,6.54,Me,10,7,S,0.0,0.0,,,,830
7091,2021,1474,6.54,Me,10,8,M,1.0,3.0,3.0,Sh,5.0,830
7092,2021,1474,6.54,Me,10,9,S,0.0,0.0,,,,830
7093,2021,1474,6.54,Me,10,10,S,0.0,0.0,,,,830
7094,2021,1475,3.66,Sh,5,1,V,,,2.53,Sh,5.0,830
7095,2021,1475,3.66,Sh,5,2,V,,,1.48,Sh,2.0,830
7096,2021,1475,3.66,Sh,5,3,S,0.0,0.0,,,,830
7097,2021,1475,3.66,Sh,5,4,V,,,,,,830
7098,2021,1475,3.66,Sh,5,5,V,,,3.52,Sh,6.0,830
7099,2021,1476,5.8,Me,4,1,M,,,,,,830
7100,2021,1476,5.8,Me,4,1,V,,,2.04,Sh,3.0,830
7101,2021,1476,5.8,Me,4,2,V,,,2.86,Sh,4.0,830
7102,2021,1476,5.8,Me,4,3,S,0.0,0.0,,,,830
7103,2021,1476,5.8,Me,4,4,V,,,4.5,Sh,3.0,830
7104,2021,1477,5.54,Me,6,1,B,,,,,,830
7105,2021,1477,5.54,Me,6,2,V,,,0.42,Sh,2.0,830
7106,2021,1477,5.54,Me,6,3,S,0.0,0.0,,,,830
7107,2021,1477,5.54,Me,6,4,B,,,,,,830
7108,2021,1477,5.54,Me,6,5,V,,,0.29,Sh,2.0,830
7109,2021,1477,5.54,Me,6,6,M,0.0,0.0,1.78,Sh,3.0,830
7110,2021,1479,3.19,Sh,5,1,B,,,,,,830
7111,2021,1479,3.19,Sh,5,2,V,,,0.63,Sh,1.0,830
7112,2021,1479,3.19,Sh,5,3,B,,,,,,830
7113,2021,1479,3.19,Sh,5,4,V,,,4.77,Sh,3.0,830
7114,2021,1479,3.19,Sh,5,5,M,1.0,1.0,7.29,Me,6.0,830
7115,2021,1480,1.53,Sh,2,1,V,,,2.44,Sh,7.0,830
7116,2021,1480,1.53,Sh,2,2,S,0.0,0.0,,,,830
7117,2021,1482,3.67,Sh,3,1,B,,,,,,830
7118,2021,1482,3.67,Sh,3,2,B,,,,,,830
7119,2021,1482,3.67,Sh,3,3,S,0.0,0.0,,,,830
7120,2021,1483,1.85,Sh,1,1,V,,,3.21,Sh,5.0,830
7121,2021,1483,1.85,Sh,1,1,V,,,0.08,Sh,2.0,830
7122,2021,1484,7.77,Me,10,1,V,,,1.58,Sh,1.0,830
7123,2021,1484,7.77,Me,10,2,B,,,,,,830
7124,2021,1484,7.77,Me,10,3,M,,,,,,830
7125,2021,1484,7.77,Me,10,3,M,0.0,0.0,2.94,Sh,3.0,830
7126,2021,1484,7.77,Me,10,3,V,,,,,,830
7127,2021,1484,7.77,Me,10,4,V,,,0.53,Sh,2.0,830
7128,2021,1484,7.77,Me,10,4,V,,,0.14,Sh,1.0,830
7129,2021,1484,7.77,Me,10,5,M,1.0,1.0,5.61,Me,3.0,830
7130,2021,1484,7.77,Me,10,6,S,0.0,0.0,,,,830
7131,2021,1484,7.77,Me,10,7,V,,,6.57,Me,7.0,830
7132,2021,1484,7.77,Me,10,8,M,0.0,0.0,2.25,Sh,1.0,830
7133,2021,1484,7.77,Me,10,9,S,0.0,0.0,,,,830
7134,2021,1484,7.77,Me,10,10,M,0.0,0.0,10.27,Me,5.0,830
7135,2021,1484,7.77,Me,10,10,M,0.0,0.0,7.58,Me,1.0,830
7136,2021,1485,4.95,Sh,4,1,M,0.0,0.0,1.27,Sh,3.0,830
7137,2021,1485,4.95,Sh,4,2,B,,,,,,830
7138,2021,1485,4.95,Sh,4,3,S,0.0,0.0,,,,830
7139,2021,1485,4.95,Sh,4,4,M,1.0,5.0,1.46,Sh,2.0,830
7140,2021,1486,2.36,Sh,2,1,S,0.0,0.0,,,,830
7141,2021,1486,2.36,Sh,2,2,V,,,0.49,Sh,2.0,830
7142,2021,1486,1.49,Sh,1,1,S,0.0,0.0,,,,830
7143,2021,1487,0.46,Sh,3,1,B,,,,,,830
7144,2021,1487,0.46,Sh,3,2,M,0.0,0.0,0.58,Sh,4.0,830
7145,2021,1487,0.46,Sh,3,2,V,,,0.33,Sh,2.0,830
7146,2021,1487,0.46,Sh,3,3,V,,,2.01,Sh,2.0,830
7147,2021,1487,0.31,Sh,2,1,B,,,,,,830
7148,2021,1487,0.31,Sh,2,2,S,0.0,0.0,,,,830
7149,2021,1488,1.12,Sh,3,1,B,,,,,,830
7150,2021,1488,1.12,Sh,3,2,S,0.0,0.0,,,,830
7151,2021,1488,1.12,Sh,3,3,M,0.0,0.0,2.58,Sh,4.0,830
7152,2021,1488,1.12,Sh,3,3,V,,,5.47,Me,6.0,830
7153,2021,1488,1.12,Sh,3,3,V,,,0.4,Sh,3.0,830
7154,2021,1489,2.0,Sh,1,1,V,,,3.69,Sh,4.0,830
7155,2021,1489,2.73,Sh,2,1,S,0.0,0.0,,,,830
7156,2021,1489,2.73,Sh,2,2,V,,,,,,830
7157,2021,1489,2.73,Sh,2,2,V,,,6.14,Me,6.0,830
7158,2021,1490,10.0,Me,7,1,V,,,0.43,Sh,2.0,830
7159,2021,1490,10.0,Me,7,1,V,,,3.45,Sh,3.0,830
7160,2021,1490,10.0,Me,7,2,S,0.0,0.0,,,,830
7161,2021,1490,10.0,Me,7,3,M,0.0,0.0,4.91,Sh,2.0,830
7162,2021,1490,10.0,Me,7,4,B,,,,,,830
7163,2021,1490,10.0,Me,7,5,M,1.0,4.0,5.12,Me,1.0,830
7164,2021,1490,10.0,Me,7,6,S,0.0,0.0,,,,830
7165,2021,1490,10.0,Me,7,7,M,1.0,2.0,2.87,Sh,2.0,830
7166,2021,1491,1.13,Sh,1,1,B,,,,,,830
7167,2021,1492,6.7,Me,8,1,B,,,,,,830
7168,2021,1492,6.7,Me,8,2,S,0.0,0.0,,,,830
7169,2021,1492,6.7,Me,8,3,S,0.0,0.0,,,,830
7170,2021,1492,6.7,Me,8,4,B,,,,,,830
7171,2021,1492,6.7,Me,8,5,S,0.0,0.0,,,,830
7172,2021,1492,6.7,Me,8,6,S,0.0,0.0,,,,830
7173,2021,1492,6.7,Me,8,7,V,,,3.79,Sh,3.0,830
7174,2021,1492,6.7,Me,8,8,M,0.0,0.0,1.6,Sh,4.0,830
7175,2021,1493,6.02,Me,2,1,V,,,,,,830
7176,2021,1493,6.02,Me,2,1,V,,,1.24,Sh,1.0,830
7177,2021,1493,6.02,Me,2,1,V,,,0.12,Sh,1.0,830
7178,2021,1493,6.02,Me,2,2,S,0.0,0.0,,,,830
7179,2021,1494,4.45,Sh,6,1,V,,,2.14,Sh,1.0,830
7180,2021,1494,4.45,Sh,6,1,V,,,0.13,Sh,3.0,830
7181,2021,1494,4.45,Sh,6,1,M,0.0,0.0,2.58,Sh,1.0,830
7182,2021,1494,4.45,Sh,6,2,V,,,,,,830
7183,2021,1494,4.45,Sh,6,2,V,,,1.32,Sh,3.0,830
7184,2021,1494,4.45,Sh,6,2,V,,,,,,830
7185,2021,1494,4.45,Sh,6,3,V,,,2.44,Sh,2.0,830
7186,2021,1494,4.45,Sh,6,3,V,,,6.21,Me,3.0,830
7187,2021,1494,4.45,Sh,6,4,S,0.0,0.0,,,,830
7188,2021,1494,4.45,Sh,6,5,V,,,4.54,Sh,4.0,830
7189,2021,1494,4.45,Sh,6,5,M,1.0,3.0,6.18,Me,5.0,830
7190,2021,1494,4.45,Sh,6,6,S,0.0,0.0,,,,830
7191,2021,1495,1.28,Sh,3,1,V,,,,,,830
7192,2021,1495,1.28,Sh,3,1,V,,,1.17,Sh,2.0,830
7193,2021,1495,1.28,Sh,3,1,V,,,4.73,Sh,8.0,830
7194,2021,1495,1.28,Sh,3,2,V,,,4.75,Sh,7.0,830
7195,2021,1495,1.28,Sh,3,3,V,,,5.33,Me,5.0,830
7196,2021,1496,1.09,Sh,1,1,B,,,,,,830
7197,2021,1497,3.29,Sh,3,1,V,,,2.35,Sh,3.0,830
7198,2021,1497,3.29,Sh,3,1,V,,,3.55,Sh,3.0,830
7199,2021,1497,3.29,Sh,3,2,M,0.0,0.0,1.03,Sh,1.0,830
7200,2021,1497,3.29,Sh,3,3,V,,,2.69,Sh,1.0,830
7201,2021,1497,3.29,Sh,3,3,V,,,7.4,Me,6.0,830
7202,2021,1498,3.7,Sh,4,1,V,,,3.79,Sh,4.0,830
7203,2021,1498,3.7,Sh,4,1,V,,,0.55,Sh,1.0,830
7204,2021,1498,3.7,Sh,4,1,V,,,1.39,Sh,5.0,830
7205,2021,1498,3.7,Sh,4,2,V,,,,,,830
7206,2021,1498,3.7,Sh,4,2,V,,,4.47,Sh,1.0,830
7207,2021,1498,3.7,Sh,4,3,S,0.0,0.0,,,,830
7208,2021,1498,3.7,Sh,4,4,B,,,,,,830
7209,2021,1499,3.14,Sh,1,1,V,,,1.55,Sh,2.0,830
7210,2021,1501,2.54,Sh,2,1,V,,,1.22,Sh,3.0,830
7211,2021,1501,2.54,Sh,2,2,V,,,7.14,Me,3.0,830
7212,2021,1501,2.54,Sh,2,2,V,,,,,,830
7213,2021,1502,2.99,Sh,3,1,V,,,1.89,Sh,2.0,830
7214,2021,1502,2.99,Sh,3,2,S,0.0,0.0,,,,830
7215,2021,1502,2.99,Sh,3,3,M,0.0,0.0,6.43,Me,6.0,830
7216,2021,1502,2.99,Sh,3,3,V,,,5.24,Me,3.0,830
7217,2021,1502,2.99,Sh,3,3,V,,,4.8,Sh,3.0,830
7218,2021,1502,2.99,Sh,3,3,V,,,5.32,Me,4.0,830
7219,2021,1503,2.52,Sh,2,1,B,,,,,,830
7220,2021,1503,2.52,Sh,2,2,M,0.0,0.0,3.97,Sh,6.0,830
7221,2021,1503,2.52,Sh,2,2,M,,,,,,830
7222,2021,1504,3.5,Sh,3,1,B,,,,,,830
7223,2021,1504,3.5,Sh,3,2,B,,,,,,830
7224,2021,1504,3.5,Sh,3,3,M,1.0,2.0,3.09,Sh,4.0,830
7225,2021,1505,0.72,Sh,2,1,V,,,,,,830
7226,2021,1505,0.72,Sh,2,1,V,,,3.09,Sh,2.0,830
7227,2021,1505,0.72,Sh,2,2,V,,,6.1,Me,6.0,830
7228,2021,1507,4.88,Sh,5,1,V,,,,,,830
7229,2021,1507,4.88,Sh,5,2,S,0.0,0.0,,,,830
7230,2021,1507,4.88,Sh,5,3,V,,,3.96,Sh,6.0,830
7231,2021,1507,4.88,Sh,5,4,V,,,1.36,Sh,2.0,830
7232,2021,1507,4.88,Sh,5,5,B,,,,,,830
7233,2021,1508,7.97,Me,2,1,B,,,,,,830
7234,2021,1508,7.97,Me,2,2,S,0.0,0.0,,,,830
7235,2021,1509,1.91,Sh,4,1,B,,,,,,830
7236,2021,1509,1.91,Sh,4,2,V,,,0.85,Sh,2.0,830
7237,2021,1509,1.91,Sh,4,3,B,,,,,,830
7238,2021,1509,1.91,Sh,4,4,B,,,,,,830
7239,2021,1510,0.9,Sh,2,1,S,0.0,0.0,,,,830
7240,2021,1510,0.9,Sh,2,2,M,0.0,0.0,3.68,Sh,4.0,830
7241,2021,1511,3.08,Sh,5,1,B,,,,,,830
7242,2021,1511,3.08,Sh,5,2,B,,,,,,830
7243,2021,1511,3.08,Sh,5,3,S,0.0,0.0,,,,830
7244,2021,1511,3.08,Sh,5,4,M,0.0,0.0,2.66,Sh,6.0,830
7245,2021,1511,3.08,Sh,5,4,V,,,0.74,Sh,2.0,830
7246,2021,1511,3.08,Sh,5,5,V,,,2.13,Sh,2.0,830
7247,2021,1511,3.08,Sh,5,5,M,0.0,0.0,3.06,Sh,7.0,830
7248,2021,1512,4.51,Sh,5,1,B,,,,,,830
7249,2021,1512,4.51,Sh,5,2,V,,,1.34,Sh,3.0,830
7250,2021,1512,4.51,Sh,5,2,V,,,2.95,Sh,1.0,830
7251,2021,1512,4.51,Sh,5,3,V,,,2.78,Sh,3.0,830
7252,2021,1512,4.51,Sh,5,4,S,0.0,0.0,,,,830
7253,2021,1512,4.51,Sh,5,5,V,,,2.18,Sh,2.0,830
7254,2021,1512,4.51,Sh,5,5,M,0.0,0.0,2.86,Sh,3.0,830
7255,2021,1513,0.36,Sh,2,1,B,,,,,,830
7256,2021,1513,0.36,Sh,2,2,B,,,,,,830
7257,2021,1514,6.06,Me,4,1,V,,,3.94,Sh,2.0,830
7258,2021,1514,6.06,Me,4,2,B,,,,,,830
7259,2021,1514,6.06,Me,4,3,V,,,4.08,Sh,6.0,830
7260,2021,1514,6.06,Me,4,4,M,0.0,0.0,1.89,Sh,3.0,830
7261,2021,1514,6.06,Me,4,4,V,,,1.63,Sh,2.0,830
7262,2021,1514,6.06,Me,4,4,V,,,4.3,Sh,1.0,830
7263,2021,1515,3.51,Sh,5,1,B,,,,,,830
7264,2021,1515,3.51,Sh,5,2,V,,,,,,830
7265,2021,1515,3.51,Sh,5,3,S,0.0,0.0,,,,830
7266,2021,1515,3.51,Sh,5,4,B,,,,,,830
7267,2021,1515,3.51,Sh,5,5,V,,,0.36,Sh,2.0,830
7268,2021,1519,0.22,Sh,1,1,S,0.0,0.0,,,,830
7269,2021,1520,5.48,Me,7,1,B,,,,,,830
7270,2021,1520,5.48,Me,7,2,V,,,5.39,Me,4.0,830
7271,2021,1520,5.48,Me,7,3,B,,,,,,830
7272,2021,1520,5.48,Me,7,4,V,,,3.0,Sh,5.0,830
7273,2021,1520,5.48,Me,7,5,M,0.0,0.0,3.27,Sh,6.0,830
7274,2021,1520,5.48,Me,7,6,M,0.0,0.0,3.07,Sh,7.0,830
7275,2021,1520,5.48,Me,7,7,V,,,2.83,Sh,6.0,830
7276,2021,1523,0.89,Sh,4,1,B,,,,,,830
7277,2021,1523,0.89,Sh,4,2,S,0.0,0.0,,,,830
7278,2021,1523,0.89,Sh,4,3,V,,,0.69,Sh,2.0,830
7279,2021,1523,0.89,Sh,4,3,M,0.0,0.0,6.41,Me,5.0,830
7280,2021,1523,0.89,Sh,4,3,M,1.0,2.0,3.57,Sh,6.0,830
7281,2021,1523,0.89,Sh,4,4,M,0.0,0.0,3.68,Sh,1.0,830
7282,2021,1523,1.49,Sh,1,1,S,0.0,0.0,,,,830
7283,2021,1524,2.12,Sh,4,1,V,,,1.27,Sh,1.0,830
7284,2021,1524,2.12,Sh,4,2,B,,,,,,830
7285,2021,1524,2.12,Sh,4,3,S,0.0,0.0,,,,830
7286,2021,1524,2.12,Sh,4,4,V,,,,,,830
7287,2021,1528,5.74,Me,8,1,V,,,2.09,Sh,2.0,830
7288,2021,1528,5.74,Me,8,2,V,,,0.94,Sh,2.0,830
7289,2021,1528,5.74,Me,8,3,V,,,1.49,Sh,2.0,830
7290,2021,1528,5.74,Me,8,4,B,,,,,,830
7291,2021,1528,5.74,Me,8,5,V,,,1.26,Sh,3.0,830
7292,2021,1528,5.74,Me,8,6,V,,,0.43,Sh,1.0,830
7293,2021,1528,5.74,Me,8,6,V,,,2.45,Sh,1.0,830
7294,2021,1528,5.74,Me,8,7,M,0.0,0.0,5.64,Me,8.0,830
7295,2021,1528,5.74,Me,8,8,M,0.0,0.0,3.29,Sh,2.0,830
7296,2021,1528,5.74,Me,8,8,M,,,,,,830
7297,2021,1528,5.74,Me,8,8,V,,,3.0,Sh,3.0,830
7298,2021,1529,2.95,Sh,4,1,B,,,,,,830
7299,2021,1529,2.95,Sh,4,2,V,,,4.43,Sh,6.0,830
7300,2021,1529,2.95,Sh,4,3,V,,,0.58,Sh,3.0,830
7301,2021,1529,2.95,Sh,4,4,B,,,,,,830
7302,2021,1529,1.2,Sh,3,1,S,0.0,0.0,,,,830
7303,2021,1529,1.2,Sh,3,2,S,0.0,0.0,,,,830
7304,2021,1529,1.2,Sh,3,3,M,0.0,0.0,7.44,Me,5.0,830
7305,2021,1529,1.2,Sh,3,3,M,1.0,4.0,4.37,Sh,6.0,830
7306,2021,1530,1.74,Sh,2,1,V,,,0.51,Sh,1.0,830
7307,2021,1530,1.74,Sh,2,2,V,,,3.61,Sh,6.0,830
7308,2021,1531,8.87,Me,9,1,M,0.0,0.0,1.67,Sh,5.0,830
7309,2021,1531,8.87,Me,9,2,M,0.0,0.0,1.68,Sh,2.0,830
7310,2021,1531,8.87,Me,9,3,M,0.0,0.0,2.49,Sh,4.0,830
7311,2021,1531,8.87,Me,9,4,V,,,1.98,Sh,1.0,830
7312,2021,1531,8.87,Me,9,4,M,0.0,0.0,1.56,Sh,2.0,830
7313,2021,1531,8.87,Me,9,4,V,,,0.47,Sh,1.0,830
7314,2021,1531,8.87,Me,9,5,M,0.0,0.0,7.76,Me,4.0,830
7315,2021,1531,8.87,Me,9,5,M,0.0,0.0,0.16,Sh,2.0,830
7316,2021,1531,8.87,Me,9,6,B,,,,,,830
7317,2021,1531,8.87,Me,9,7,V,,,4.82,Sh,3.0,830
7318,2021,1531,8.87,Me,9,8,M,0.0,0.0,8.09,Me,4.0,830
7319,2021,1531,8.87,Me,9,9,M,0.0,0.0,9.01,Me,8.0,830
7320,2021,1533,11.67,Me,7,1,V,,,,,,830
7321,2021,1533,11.67,Me,7,2,M,0.0,0.0,1.76,Sh,5.0,830
7322,2021,1533,11.67,Me,7,2,V,,,,,,830
7323,2021,1533,11.67,Me,7,2,M,0.0,0.0,1.24,Sh,4.0,830
7324,2021,1533,11.67,Me,7,3,M,,,,,,830
7325,2021,1533,11.67,Me,7,3,M,0.0,0.0,3.21,Sh,2.0,830
7326,2021,1533,11.67,Me,7,4,V,,,,,,830
7327,2021,1533,11.67,Me,7,5,S,0.0,0.0,,,,830
7328,2021,1533,11.67,Me,7,6,S,0.0,0.0,,,,830
7329,2021,1533,11.67,Me,7,7,M,0.0,0.0,10.54,Me,8.0,830
7330,2021,1534,5.99,Me,4,1,B,,,,,,830
7331,2021,1534,5.99,Me,4,2,M,1.0,2.0,2.42,Sh,4.0,830
7332,2021,1534,5.99,Me,4,2,M,1.0,3.0,2.13,Sh,1.0,830
7333,2021,1534,5.99,Me,4,3,S,0.0,0.0,,,,830
7334,2021,1534,5.99,Me,4,4,V,,,2.96,Sh,4.0,830
7335,2021,1535,8.72,Me,4,1,V,,,0.42,Sh,2.0,830
7336,2021,1535,8.72,Me,4,1,V,,,7.66,Me,8.0,830
7337,2021,1535,8.72,Me,4,1,M,0.0,0.0,1.97,Sh,1.0,830
7338,2021,1535,8.72,Me,4,2,S,0.0,0.0,,,,830
7339,2021,1535,8.72,Me,4,3,B,,,,,,830
7340,2021,1535,8.72,Me,4,4,M,1.0,1.0,0.14,Sh,3.0,830
7341,2021,1535,8.72,Me,4,4,M,1.0,2.0,0.55,Sh,2.0,830
7342,2021,1536,6.8,Me,5,1,B,,,,,,830
7343,2021,1536,6.8,Me,5,2,V,,,1.61,Sh,2.0,830
7344,2021,1536,6.8,Me,5,3,M,1.0,3.0,3.98,Sh,2.0,830
7345,2021,1536,6.8,Me,5,3,V,,,4.87,Sh,2.0,830
7346,2021,1536,6.8,Me,5,4,S,0.0,0.0,,,,830
7347,2021,1536,6.8,Me,5,5,M,1.0,3.0,9.57,Me,6.0,830
7348,2021,1537,6.19,Me,8,1,M,,,,,,830
7349,2021,1537,6.19,Me,8,2,M,0.0,0.0,2.45,Sh,5.0,830
7350,2021,1537,6.19,Me,8,3,S,0.0,0.0,,,,830
7351,2021,1537,6.19,Me,8,4,B,,,,,,830
7352,2021,1537,6.19,Me,8,5,S,0.0,0.0,,,,830
7353,2021,1537,6.19,Me,8,6,B,,,,,,830
7354,2021,1537,6.19,Me,8,7,S,0.0,0.0,,,,830
7355,2021,1537,6.19,Me,8,8,M,0.0,0.0,2.72,Sh,5.0,830
7356,2021,1537,6.19,Me,8,8,M,0.0,0.0,4.77,Sh,6.0,830
7357,2021,1538,1.2,Sh,3,1,M,0.0,0.0,1.51,Sh,5.0,830
7358,2021,1538,1.2,Sh,3,2,B,,,,,,830
7359,2021,1538,1.2,Sh,3,3,S,0.0,0.0,,,,830
7360,2021,1540,2.09,Sh,5,1,M,1.0,3.0,3.69,Sh,3.0,830
7361,2021,1540,2.09,Sh,5,2,M,0.0,0.0,1.29,Sh,3.0,830
7362,2021,1540,2.09,Sh,5,3,S,0.0,0.0,,,,830
7363,2021,1540,2.09,Sh,5,4,V,,,2.27,Sh,5.0,830
7364,2021,1540,2.09,Sh,5,5,V,,,3.84,Sh,5.0,830
7365,2021,1541,0.99,Sh,5,1,M,,,,,,830
7366,2021,1541,0.99,Sh,5,1,V,,,0.43,Sh,1.0,830
7367,2021,1541,0.99,Sh,5,2,S,0.0,0.0,,,,830
7368,2021,1541,0.99,Sh,5,3,V,,,7.41,Me,9.0,830
7369,2021,1541,0.99,Sh,5,4,S,0.0,0.0,,,,830
7370,2021,1541,0.99,Sh,5,5,M,0.0,0.0,9.43,Me,6.0,830
7371,2021,1542,0.03,Sh,1,1,B,,,,,,830
7372,2021,1543,1.18,Sh,1,1,V,,,4.25,Sh,4.0,830
7373,2021,1543,2.84,Sh,7,1,V,,,2.22,Sh,4.0,830
7374,2021,1543,2.84,Sh,7,2,B,,,,,,830
7375,2021,1543,2.84,Sh,7,3,S,0.0,0.0,,,,830
7376,2021,1543,2.84,Sh,7,4,M,,,,,,830
7377,2021,1543,2.84,Sh,7,5,M,0.0,0.0,3.2,Sh,2.0,830
7378,2021,1543,2.84,Sh,7,6,M,0.0,0.0,1.03,Sh,7.0,830
7379,2021,1543,2.84,Sh,7,7,M,1.0,4.0,2.42,Sh,6.0,830
7380,2021,1543,2.84,Sh,7,7,M,0.0,0.0,4.29,Sh,3.0,830
7381,2021,1544,5.17,Me,8,1,V,,,1.08,Sh,4.0,830
7382,2021,1544,5.17,Me,8,2,B,,,,,,830
7383,2021,1544,5.17,Me,8,3,B,,,,,,830
7384,2021,1544,5.17,Me,8,4,M,1.0,2.0,2.53,Sh,3.0,830
7385,2021,1544,5.17,Me,8,4,M,1.0,2.0,6.77,Me,4.0,830
7386,2021,1544,5.17,Me,8,5,S,0.0,0.0,,,,830
7387,2021,1544,5.17,Me,8,6,M,0.0,0.0,0.25,Sh,2.0,830
7388,2021,1544,5.17,Me,8,7,V,,,2.92,Sh,3.0,830
7389,2021,1544,5.17,Me,8,7,M,0.0,0.0,1.65,Sh,2.0,830
7390,2021,1544,5.17,Me,8,8,S,0.0,0.0,,,,830
7391,2021,1545,5.12,Me,5,1,B,,,,,,830
7392,2021,1545,5.12,Me,5,2,M,0.0,0.0,0.59,Sh,2.0,830
7393,2021,1545,5.12,Me,5,2,V,,,,,,830
7394,2021,1545,5.12,Me,5,3,M,0.0,0.0,0.62,Sh,1.0,830
7395,2021,1545,5.12,Me,5,4,V,,,2.85,Sh,3.0,830
7396,2021,1545,5.12,Me,5,4,V,,,1.26,Sh,1.0,830
7397,2021,1545,5.12,Me,5,5,S,0.0,0.0,,,,830
7398,2021,1546,1.54,Sh,1,1,S,0.0,0.0,,,,830
7399,2021,1547,4.29,Sh,7,1,B,,,,,,830
7400,2021,1547,4.29,Sh,7,2,M,0.0,0.0,2.59,Sh,2.0,830
7401,2021,1547,4.29,Sh,7,3,S,0.0,0.0,,,,830
7402,2021,1547,4.29,Sh,7,4,S,0.0,0.0,,,,830
7403,2021,1547,4.29,Sh,7,5,M,1.0,1.0,1.38,Sh,3.0,830
7404,2021,1547,4.29,Sh,7,6,M,1.0,4.0,6.35,Me,4.0,830
7405,2021,1547,4.29,Sh,7,7,M,1.0,5.0,6.67,Me,7.0,830
7406,2021,1548,1.19,Sh,3,1,B,,,,,,830
7407,2021,1548,1.19,Sh,3,2,B,,,,,,830
7408,2021,1548,1.19,Sh,3,3,V,,,3.35,Sh,1.0,830
7409,2021,1549,8.56,Me,7,1,V,,,0.82,Sh,1.0,830
7410,2021,1549,8.56,Me,7,2,S,0.0,0.0,,,,830
7411,2021,1549,8.56,Me,7,3,V,,,0.17,Sh,1.0,830
7412,2021,1549,8.56,Me,7,4,V,,,3.66,Sh,2.0,830
7413,2021,1549,8.56,Me,7,5,S,0.0,0.0,,,,830
7414,2021,1549,8.56,Me,7,6,V,,,6.32,Me,6.0,830
7415,2021,1549,8.56,Me,7,7,V,,,3.65,Sh,6.0,830
7416,2021,1551,3.51,Sh,5,1,V,,,2.82,Sh,2.0,830
7417,2021,1551,3.51,Sh,5,2,V,,,0.77,Sh,4.0,830
7418,2021,1551,3.51,Sh,5,3,V,,,0.43,Sh,3.0,830
7419,2021,1551,3.51,Sh,5,4,V,,,6.46,Me,6.0,830
7420,2021,1551,3.51,Sh,5,5,M,0.0,0.0,3.74,Sh,6.0,830
7421,2021,1552,5.58,Me,5,1,S,0.0,0.0,,,,830
7422,2021,1552,5.58,Me,5,2,B,,,,,,830
7423,2021,1552,5.58,Me,5,3,M,0.0,0.0,7.86,Me,6.0,830
7424,2021,1552,5.58,Me,5,3,V,,,6.28,Me,7.0,830
7425,2021,1552,5.58,Me,5,4,B,,,,,,830
7426,2021,1552,5.58,Me,5,5,M,0.0,0.0,9.18,Me,7.0,830
7427,2021,1553,3.53,Sh,3,1,B,,,,,,830
7428,2021,1553,3.53,Sh,3,2,S,0.0,0.0,,,,830
7429,2021,1553,3.53,Sh,3,3,S,0.0,0.0,,,,830
7430,2021,1554,5.9,Me,8,1,V,,,0.14,Sh,1.0,830
7431,2021,1554,5.9,Me,8,1,M,0.0,0.0,1.77,Sh,1.0,830
7432,2021,1554,5.9,Me,8,1,V,,,1.94,Sh,2.0,830
7433,2021,1554,5.9,Me,8,2,V,,,2.11,Sh,4.0,830
7434,2021,1554,5.9,Me,8,3,V,,,1.26,Sh,3.0,830
7435,2021,1554,5.9,Me,8,4,S,0.0,0.0,,,,830
7436,2021,1554,5.9,Me,8,5,V,,,0.65,Sh,1.0,830
7437,2021,1554,5.9,Me,8,5,M,1.0,4.0,3.61,Sh,4.0,830
7438,2021,1554,5.9,Me,8,6,S,0.0,0.0,,,,830
7439,2021,1554,5.9,Me,8,7,V,,,6.35,Me,6.0,830
7440,2021,1554,5.9,Me,8,8,V,,,5.27,Me,1.0,830
7441,2021,1555,8.48,Me,6,1,V,,,,,,830
7442,2021,1555,8.48,Me,6,2,B,,,,,,830
7443,2021,1555,8.48,Me,6,3,V,,,0.51,Sh,3.0,830
7444,2021,1555,8.48,Me,6,4,S,0.0,0.0,,,,830
7445,2021,1555,8.48,Me,6,5,V,,,3.56,Sh,4.0,830
7446,2021,1555,8.48,Me,6,6,V,,,6.13,Me,2.0,830
7447,2021,1556,4.3,Sh,2,1,V,,,3.13,Sh,5.0,830
7448,2021,1556,4.3,Sh,2,2,M,1.0,3.0,0.57,Sh,3.0,830
7449,2021,1557,0.76,Sh,1,1,B,,,,,,830
7450,2021,1557,0.91,Sh,1,1,V,,,4.93,Sh,3.0,830
7451,2021,1557,0.91,Sh,1,1,V,,,0.05,Sh,1.0,830
7452,2021,1558,5.93,Me,3,1,B,,,,,,830
7453,2021,1558,5.93,Me,3,2,V,,,6.68,Me,4.0,830
7454,2021,1558,5.93,Me,3,3,V,,,2.07,Sh,2.0,830
7455,2021,1558,5.93,Me,3,3,M,1.0,1.0,2.7,Sh,1.0,830
7456,2021,1559,6.18,Me,6,1,B,,,,,,830
7457,2021,1559,6.18,Me,6,2,S,0.0,0.0,,,,830
7458,2021,1559,6.18,Me,6,3,M,1.0,1.0,1.51,Sh,3.0,830
7459,2021,1559,6.18,Me,6,4,S,0.0,0.0,,,,830
7460,2021,1559,6.18,Me,6,5,M,0.0,0.0,10.39,Me,2.0,830
7461,2021,1559,6.18,Me,6,5,M,1.0,2.0,3.63,Sh,6.0,830
7462,2021,1559,6.18,Me,6,6,M,0.0,0.0,3.98,Sh,3.0,830
7463,2021,1559,6.18,Me,6,6,V,,,12.03,Me,7.0,830
7464,2021,1559,6.18,Me,6,6,M,0.0,0.0,4.09,Sh,3.0,830
7465,2021,1560,4.61,Sh,2,1,B,,,,,,830
7466,2021,1560,4.61,Sh,2,2,V,,,4.62,Sh,3.0,830
7467,2021,1561,10.89,Me,5,1,B,,,,,,830
7468,2021,1561,10.89,Me,5,2,S,0.0,0.0,,,,830
7469,2021,1561,10.89,Me,5,3,B,,,,,,830
7470,2021,1561,10.89,Me,5,4,V,,,4.64,Sh,5.0,830
7471,2021,1561,10.89,Me,5,4,V,,,3.29,Sh,3.0,830
7472,2021,1561,10.89,Me,5,5,V,,,3.73,Sh,6.0,830
7473,2021,1562,3.24,Sh,3,1,M,,,,,,830
7474,2021,1562,3.24,Sh,3,2,B,,,,,,830
7475,2021,1562,3.24,Sh,3,3,M,0.0,0.0,7.43,Me,3.0,830
7476,2021,1564,3.26,Sh,5,1,M,0.0,0.0,4.19,Sh,6.0,830
7477,2021,1564,3.26,Sh,5,1,M,0.0,0.0,0.31,Sh,2.0,830
7478,2021,1564,3.26,Sh,5,2,B,,,,,,830
7479,2021,1564,3.26,Sh,5,3,M,1.0,3.0,1.54,Sh,1.0,830
7480,2021,1564,3.26,Sh,5,4,V,,,3.53,Sh,3.0,830
7481,2021,1564,3.26,Sh,5,4,V,,,1.8,Sh,3.0,830
7482,2021,1564,3.26,Sh,5,5,B,,,,,,830
7483,2021,1565,0.44,Sh,1,1,B,,,,,,830
7484,2021,1566,1.93,Sh,2,1,B,,,,,,830
7485,2021,1566,1.93,Sh,2,2,V,,,5.08,Me,9.0,830
7486,2021,1567,0.44,Sh,2,1,B,,,,,,830
7487,2021,1567,0.44,Sh,2,2,M,0.0,0.0,7.58,Me,3.0,830
7488,2021,1567,2.21,Sh,1,1,V,,,0.75,Sh,2.0,830
7489,2021,1567,2.21,Sh,1,1,V,,,5.8,Me,4.0,830
7490,2021,1569,1.3,Sh,2,1,B,,,,,,830
7491,2021,1569,1.3,Sh,2,2,S,0.0,0.0,,,,830
7492,2021,1570,2.95,Sh,4,1,V,,,1.32,Sh,1.0,830
7493,2021,1570,2.95,Sh,4,1,V,,,5.12,Me,4.0,830
7494,2021,1570,2.95,Sh,4,1,V,,,1.69,Sh,2.0,830
7495,2021,1570,2.95,Sh,4,2,M,,,,,,830
7496,2021,1570,2.95,Sh,4,2,M,,,,,,830
7497,2021,1570,2.95,Sh,4,3,V,,,1.35,Sh,1.0,830
7498,2021,1570,2.95,Sh,4,4,M,0.0,0.0,3.84,Sh,2.0,830
7499,2021,1572,4.96,Sh,6,1,V,,,1.45,Sh,3.0,830
7500,2021,1572,4.96,Sh,6,2,S,0.0,0.0,,,,830
7501,2021,1572,4.96,Sh,6,3,M,0.0,0.0,3.41,Sh,2.0,830
7502,2021,1572,4.96,Sh,6,3,V,,,3.82,Sh,1.0,830
7503,2021,1572,4.96,Sh,6,3,V,,,4.97,Sh,3.0,830
7504,2021,1572,4.96,Sh,6,4,S,0.0,0.0,,,,830
7505,2021,1572,4.96,Sh,6,5,S,0.0,0.0,,,,830
7506,2021,1572,4.96,Sh,6,6,M,0.0,0.0,0.82,Sh,3.0,830
7507,2021,1573,4.89,Sh,6,1,B,,,,,,830
7508,2021,1573,4.89,Sh,6,2,B,,,,,,830
7509,2021,1573,4.89,Sh,6,3,S,0.0,0.0,,,,830
7510,2021,1573,4.89,Sh,6,4,S,0.0,0.0,,,,830
7511,2021,1573,4.89,Sh,6,5,V,,,1.48,Sh,1.0,830
7512,2021,1573,4.89,Sh,6,6,V,,,9.05,Me,7.0,830
7513,2021,1573,4.89,Sh,6,6,M,0.0,0.0,7.22,Me,7.0,830
7514,2021,1574,6.1,Me,2,1,B,,,,,,830
7515,2021,1574,6.1,Me,2,2,M,1.0,1.0,11.64,Me,4.0,830
7516,2021,1575,8.89,Me,7,1,B,,,,,,830
7517,2021,1575,8.89,Me,7,2,B,,,,,,830
7518,2021,1575,8.89,Me,7,3,M,1.0,5.0,0.68,Sh,2.0,830
7519,2021,1575,8.89,Me,7,3,M,1.0,1.0,2.59,Sh,3.0,830
7520,2021,1575,8.89,Me,7,4,V,,,2.93,Sh,3.0,830
7521,2021,1575,8.89,Me,7,5,V,,,1.58,Sh,2.0,830
7522,2021,1575,8.89,Me,7,6,M,,,,,,830
7523,2021,1575,8.89,Me,7,7,V,,,4.93,Sh,5.0,830
7524,2021,1575,8.89,Me,7,7,V,,,3.16,Sh,6.0,830
7525,2021,1575,8.89,Me,7,7,M,0.0,0.0,3.11,Sh,3.0,830
7526,2021,1575,8.89,Me,7,7,M,0.0,0.0,5.82,Me,7.0,830
7527,2021,1575,8.89,Me,7,7,M,0.0,0.0,5.29,Me,4.0,830
7528,2021,1576,7.96,Me,3,1,B,,,,,,830
7529,2021,1576,7.96,Me,3,2,B,,,,,,830
7530,2021,1576,7.96,Me,3,3,M,1.0,7.0,4.62,Sh,4.0,830
7531,2021,1578,7.17,Me,5,1,B,,,,,,830
7532,2021,1578,7.17,Me,5,2,V,,,1.97,Sh,3.0,830
7533,2021,1578,7.17,Me,5,2,V,,,1.94,Sh,3.0,830
7534,2021,1578,7.17,Me,5,3,S,0.0,0.0,,,,830
7535,2021,1578,7.17,Me,5,4,M,,,,,,830
7536,2021,1578,7.17,Me,5,4,M,0.0,0.0,5.49,Me,4.0,830
7537,2021,1578,7.17,Me,5,4,M,0.0,0.0,7.54,Me,4.0,830
7538,2021,1578,7.17,Me,5,5,M,1.0,2.0,1.27,Sh,2.0,830
7539,2021,1578,7.17,Me,5,5,M,0.0,0.0,2.18,Sh,4.0,830
7540,2021,1579,5.18,Me,2,1,V,,,4.76,Sh,4.0,830
7541,2021,1579,5.18,Me,2,1,V,,,3.39,Sh,3.0,830
7542,2021,1579,5.18,Me,2,1,M,0.0,0.0,5.53,Me,6.0,830
7543,2021,1579,5.18,Me,2,2,V,,,3.74,Sh,5.0,830
7544,2021,1580,4.38,Sh,5,1,V,,,,,,830
7545,2021,1580,4.38,Sh,5,1,V,,,0.17,Sh,2.0,830
7546,2021,1580,4.38,Sh,5,2,B,,,,,,830
7547,2021,1580,4.38,Sh,5,3,B,,,,,,830
7548,2021,1580,4.38,Sh,5,4,M,0.0,0.0,6.81,Me,4.0,830
7549,2021,1580,4.38,Sh,5,4,M,0.0,0.0,4.41,Sh,4.0,830
7550,2021,1580,4.38,Sh,5,5,V,,,1.71,Sh,2.0,830
7551,2021,1580,4.38,Sh,5,5,M,0.0,0.0,6.58,Me,3.0,830
7552,2021,1581,3.15,Sh,3,1,S,0.0,0.0,,,,830
7553,2021,1581,3.15,Sh,3,2,B,,,,,,830
7554,2021,1581,3.15,Sh,3,3,M,0.0,0.0,7.72,Me,7.0,830
7555,2021,1581,3.15,Sh,3,3,M,0.0,0.0,3.77,Sh,2.0,830
7556,2021,1581,3.15,Sh,3,3,M,0.0,0.0,2.47,Sh,6.0,830
7557,2021,1581,3.15,Sh,3,3,V,,,3.44,Sh,5.0,830
7558,2021,1582,1.29,Sh,4,1,M,1.0,1.0,3.41,Sh,7.0,830
7559,2021,1582,1.29,Sh,4,2,S,0.0,0.0,,,,830
7560,2021,1582,1.29,Sh,4,3,V,,,,,,830
7561,2021,1582,1.29,Sh,4,4,M,,,,,,830
7562,2021,1583,4.72,Sh,3,1,M,0.0,0.0,3.61,Sh,4.0,830
7563,2021,1583,4.72,Sh,3,1,V,,,,,,830
7564,2021,1583,4.72,Sh,3,2,B,,,,,,830
7565,2021,1583,4.72,Sh,3,3,V,,,1.37,Sh,4.0,830
7566,2021,1583,4.72,Sh,3,3,V,,,8.05,Me,4.0,830
7567,2021,1584,3.13,Sh,4,1,M,0.0,0.0,0.78,Sh,4.0,830
7568,2021,1584,3.13,Sh,4,1,V,,,,,,830
7569,2021,1584,3.13,Sh,4,1,V,,,2.59,Sh,3.0,830
7570,2021,1584,3.13,Sh,4,2,M,1.0,1.0,3.09,Sh,1.0,830
7571,2021,1584,3.13,Sh,4,2,V,,,,,,830
7572,2021,1584,3.13,Sh,4,2,V,,,0.24,Sh,3.0,830
7573,2021,1584,3.13,Sh,4,2,V,,,1.49,Sh,4.0,830
7574,2021,1584,3.13,Sh,4,3,B,,,,,,830
7575,2021,1584,3.13,Sh,4,4,M,0.0,0.0,9.48,Me,6.0,830
7576,2021,1585,4.97,Sh,5,1,V,,,0.6,Sh,4.0,830
7577,2021,1585,4.97,Sh,5,2,V,,,1.25,Sh,2.0,830
7578,2021,1585,4.97,Sh,5,3,M,1.0,4.0,3.47,Sh,2.0,830
7579,2021,1585,4.97,Sh,5,4,B,,,,,,830
7580,2021,1585,4.97,Sh,5,5,M,0.0,0.0,4.19,Sh,5.0,830
7581,2021,1585,4.97,Sh,5,5,M,1.0,1.0,3.73,Sh,6.0,830
7582,2021,1586,3.23,Sh,3,1,S,0.0,0.0,,,,830
7583,2021,1586,3.23,Sh,3,2,V,,,3.59,Sh,3.0,830
7584,2021,1586,3.23,Sh,3,2,V,,,2.95,Sh,1.0,830
7585,2021,1586,3.23,Sh,3,2,V,,,5.93,Me,4.0,830
7586,2021,1586,3.23,Sh,3,2,V,,,5.9,Me,5.0,830
7587,2021,1586,3.23,Sh,3,3,V,,,4.5,Sh,5.0,830
7588,2021,1586,3.23,Sh,3,3,M,1.0,3.0,7.5,Me,7.0,830
7589,2021,1587,0.95,Sh,1,1,V,,,3.14,Sh,6.0,830
7590,2021,1587,0.95,Sh,1,1,V,,,,,,830
7591,2021,1588,7.89,Me,6,1,B,,,,,,830
7592,2021,1588,7.89,Me,6,2,B,,,,,,830
7593,2021,1588,7.89,Me,6,3,V,,,3.32,Sh,3.0,830
7594,2021,1588,7.89,Me,6,3,V,,,,,,830
7595,2021,1588,7.89,Me,6,3,V,,,4.32,Sh,6.0,830
7596,2021,1588,7.89,Me,6,3,V,,,,,,830
7597,2021,1588,7.89,Me,6,4,M,1.0,3.0,4.63,Sh,5.0,830
7598,2021,1588,7.89,Me,6,5,M,1.0,1.0,3.02,Sh,4.0,830
7599,2021,1588,7.89,Me,6,5,M,0.0,0.0,1.29,Sh,3.0,830
7600,2021,1588,7.89,Me,6,5,M,1.0,5.0,6.52,Me,5.0,830
7601,2021,1588,7.89,Me,6,6,M,0.0,0.0,5.54,Me,4.0,830
7602,2021,1588,7.89,Me,6,6,M,0.0,0.0,4.26,Sh,4.0,830
7603,2021,1589,4.24,Sh,7,1,B,,,,,,830
7604,2021,1589,4.24,Sh,7,2,S,0.0,0.0,,,,830
7605,2021,1589,4.24,Sh,7,3,B,,,,,,830
7606,2021,1589,4.24,Sh,7,4,S,0.0,0.0,,,,830
7607,2021,1589,4.24,Sh,7,5,M,0.0,0.0,2.19,Sh,3.0,830
7608,2021,1589,4.24,Sh,7,6,V,,,0.06,Sh,1.0,830
7609,2021,1589,4.24,Sh,7,7,M,0.0,0.0,6.37,Me,1.0,830
7610,2021,1590,5.12,Me,5,1,B,,,,,,830
7611,2021,1590,5.12,Me,5,2,B,,,,,,830
7612,2021,1590,5.12,Me,5,3,B,,,,,,830
7613,2021,1590,5.12,Me,5,4,S,0.0,0.0,,,,830
7614,2021,1590,5.12,Me,5,5,M,1.0,4.0,2.89,Sh,3.0,830
7615,2021,1591,1.71,Sh,4,1,S,0.0,0.0,,,,830
7616,2021,1591,1.71,Sh,4,2,S,0.0,0.0,,,,830
7617,2021,1591,1.71,Sh,4,3,M,0.0,0.0,5.03,Me,5.0,830
7618,2021,1591,1.71,Sh,4,3,V,,,3.9,Sh,3.0,830
7619,2021,1591,1.71,Sh,4,3,V,,,0.3,Sh,2.0,830
7620,2021,1591,1.71,Sh,4,4,M,0.0,0.0,1.58,Sh,3.0,830
7621,2021,1591,1.71,Sh,4,4,M,1.0,4.0,3.74,Sh,6.0,830
7622,2021,1591,1.13,Sh,4,1,M,,,,,,830
7623,2021,1591,1.13,Sh,4,2,M,0.0,0.0,0.61,Sh,2.0,830
7624,2021,1591,1.13,Sh,4,2,V,,,7.94,Me,9.0,830
7625,2021,1591,1.13,Sh,4,2,V,,,,,,830
7626,2021,1591,1.13,Sh,4,3,B,,,,,,830
7627,2021,1591,1.13,Sh,4,4,B,,,,,,830
7628,2021,1592,3.1,Sh,3,1,M,1.0,3.0,4.18,Sh,5.0,830
7629,2021,1592,3.1,Sh,3,2,M,0.0,0.0,0.67,Sh,1.0,830
7630,2021,1592,3.1,Sh,3,3,V,,,1.06,Sh,1.0,830
7631,2021,1592,3.1,Sh,3,3,M,0.0,0.0,6.38,Me,2.0,830
7632,2021,1595,6.46,Me,5,1,B,,,,,,830
7633,2021,1595,6.46,Me,5,2,B,,,,,,830
7634,2021,1595,6.46,Me,5,3,V,,,5.38,Me,4.0,830
7635,2021,1595,6.46,Me,5,4,V,,,0.55,Sh,2.0,830
7636,2021,1595,6.46,Me,5,5,M,1.0,5.0,1.12,Sh,5.0,830
7637,2021,1596,3.45,Sh,5,1,M,0.0,0.0,0.84,Sh,2.0,830
7638,2021,1596,3.45,Sh,5,2,M,1.0,3.0,5.59,Me,5.0,830
7639,2021,1596,3.45,Sh,5,3,S,0.0,0.0,,,,830
7640,2021,1596,3.45,Sh,5,4,B,,,,,,830
7641,2021,1596,3.45,Sh,5,5,M,0.0,0.0,1.81,Sh,2.0,830
7642,2021,1597,2.52,Sh,3,1,V,,,1.19,Sh,1.0,830
7643,2021,1597,2.52,Sh,3,2,V,,,1.15,Sh,3.0,830
7644,2021,1597,2.52,Sh,3,2,V,,,2.46,Sh,4.0,830
7645,2021,1597,2.52,Sh,3,3,B,,,,,,830
7646,2021,1598,10.4,Me,4,1,M,0.0,0.0,0.67,Sh,2.0,830
7647,2021,1598,10.4,Me,4,1,V,,,,,,830
7648,2021,1598,10.4,Me,4,1,M,,,,,,830
7649,2021,1598,10.4,Me,4,2,M,0.0,0.0,5.26,Me,5.0,830
7650,2021,1598,10.4,Me,4,3,M,0.0,0.0,5.74,Me,4.0,830
7651,2021,1598,10.4,Me,4,4,B,,,,,,830
7652,2021,1599,6.35,Me,6,1,V,,,6.26,Me,4.0,830
7653,2021,1599,6.35,Me,6,2,V,,,5.96,Me,7.0,830
7654,2021,1599,6.35,Me,6,3,B,,,,,,830
7655,2021,1599,6.35,Me,6,4,B,,,,,,830
7656,2021,1599,6.35,Me,6,5,V,,,4.88,Sh,2.0,830
7657,2021,1599,6.35,Me,6,6,M,1.0,4.0,4.21,Sh,1.0,830
7658,2021,1600,6.34,Me,5,1,B,,,,,,830
7659,2021,1600,6.34,Me,5,2,B,,,,,,830
7660,2021,1600,6.34,Me,5,3,S,0.0,0.0,,,,830
7661,2021,1600,6.34,Me,5,4,B,,,,,,830
7662,2021,1600,6.34,Me,5,5,M,0.0,0.0,6.35,Me,6.0,830
7663,2021,1601,5.29,Me,7,1,B,,,,,,830
7664,2021,1601,5.29,Me,7,2,B,,,,,,830
7665,2021,1601,5.29,Me,7,3,V,,,0.52,Sh,2.0,830
7666,2021,1601,5.29,Me,7,4,S,0.0,0.0,,,,830
7667,2021,1601,5.29,Me,7,5,V,,,2.31,Sh,4.0,830
7668,2021,1601,5.29,Me,7,6,B,,,,,,830
7669,2021,1601,5.29,Me,7,7,M,0.0,0.0,4.86,Sh,9.0,830
7670,2021,1601,5.29,Me,7,7,M,0.0,0.0,6.52,Me,4.0,830
7671,2021,1601,5.29,Me,7,7,V,,,6.31,Me,6.0,830
7672,2021,1602,8.32,Me,7,1,B,,,,,,830
7673,2021,1602,8.32,Me,7,2,V,,,0.41,Sh,2.0,830
7674,2021,1602,8.32,Me,7,3,B,,,,,,830
7675,2021,1602,8.32,Me,7,4,V,,,1.18,Sh,3.0,830
7676,2021,1602,8.32,Me,7,5,V,,,1.85,Sh,2.0,830
7677,2021,1602,8.32,Me,7,5,V,,,0.09,Sh,4.0,830
7678,2021,1602,8.32,Me,7,6,M,0.0,0.0,3.43,Sh,5.0,830
7679,2021,1602,8.32,Me,7,6,V,,,3.58,Sh,5.0,830
7680,2021,1602,8.32,Me,7,6,M,0.0,0.0,3.29,Sh,3.0,830
7681,2021,1602,8.32,Me,7,7,M,0.0,0.0,4.65,Sh,4.0,830
7682,2021,1603,6.04,Me,5,1,V,,,4.8,Sh,6.0,830
7683,2021,1603,6.04,Me,5,1,V,,,1.3,Sh,6.0,830
7684,2021,1603,6.04,Me,5,1,V,,,1.85,Sh,4.0,830
7685,2021,1603,6.04,Me,5,1,V,,,4.75,Sh,2.0,830
7686,2021,1603,6.04,Me,5,2,S,0.0,0.0,,,,830
7687,2021,1603,6.04,Me,5,3,S,0.0,0.0,,,,830
7688,2021,1603,6.04,Me,5,4,M,1.0,6.0,1.6,Sh,2.0,830
7689,2021,1603,6.04,Me,5,5,V,,,3.26,Sh,7.0,830
7690,2021,1604,10.08,Me,6,1,B,,,,,,830
7691,2021,1604,10.08,Me,6,2,M,0.0,0.0,0.2,Sh,4.0,830
7692,2021,1604,10.08,Me,6,2,V,,,1.47,Sh,3.0,830
7693,2021,1604,10.08,Me,6,2,M,0.0,0.0,1.33,Sh,2.0,830
7694,2021,1604,10.08,Me,6,3,S,0.0,0.0,,,,830
7695,2021,1604,10.08,Me,6,4,V,,,2.68,Sh,3.0,830
7696,2021,1604,10.08,Me,6,5,B,,,,,,830
7697,2021,1604,10.08,Me,6,6,M,0.0,0.0,5.31,Me,5.0,830
7698,2021,1609,2.23,Sh,5,1,V,,,2.12,Sh,1.0,830
7699,2021,1609,2.23,Sh,5,1,V,,,,,,830
7700,2021,1609,2.23,Sh,5,2,V,,,0.18,Sh,1.0,830
7701,2021,1609,2.23,Sh,5,3,M,,,,,,830
7702,2021,1609,2.23,Sh,5,4,S,0.0,0.0,,,,830
7703,2021,1609,2.23,Sh,5,5,V,,,7.65,Me,5.0,830
7704,2021,1612,2.51,Sh,1,1,M,0.0,0.0,2.04,Sh,2.0,830
7705,2021,1613,3.04,Sh,4,1,B,,,,,,830
7706,2021,1613,3.04,Sh,4,2,M,0.0,0.0,4.97,Sh,5.0,830
7707,2021,1613,3.04,Sh,4,3,M,1.0,2.0,4.47,Sh,5.0,830
7708,2021,1613,3.04,Sh,4,3,V,,,,,,830
7709,2021,1613,3.04,Sh,4,4,M,0.0,0.0,3.35,Sh,2.0,830
7710,2021,1613,3.04,Sh,4,4,V,,,,,,830
7711,2021,1614,7.08,Me,7,1,B,,,,,,830
7712,2021,1614,7.08,Me,7,2,V,,,5.44,Me,5.0,830
7713,2021,1614,7.08,Me,7,2,M,0.0,0.0,2.06,Sh,3.0,830
7714,2021,1614,7.08,Me,7,2,V,,,1.93,Sh,2.0,830
7715,2021,1614,7.08,Me,7,2,M,0.0,0.0,0.08,Sh,3.0,830
7716,2021,1614,7.08,Me,7,3,B,,,,,,830
7717,2021,1614,7.08,Me,7,4,B,,,,,,830
7718,2021,1614,7.08,Me,7,5,S,0.0,0.0,,,,830
7719,2021,1614,7.08,Me,7,6,M,0.0,0.0,4.46,Sh,9.0,830
7720,2021,1614,7.08,Me,7,6,M,,,,,,830
7721,2021,1614,7.08,Me,7,6,M,,,,,,830
7722,2021,1614,7.08,Me,7,7,M,0.0,0.0,2.45,Sh,5.0,830
7723,2021,1614,7.08,Me,7,7,V,,,2.49,Sh,3.0,830
7724,2021,1615,0.52,Sh,1,1,S,0.0,0.0,,,,830
7725,2021,1618,6.41,Me,3,1,B,,,,,,830
7726,2021,1618,6.41,Me,3,2,M,0.0,0.0,0.41,Sh,3.0,830
7727,2021,1618,6.41,Me,3,3,B,,,,,,830
7728,2021,1621,6.95,Me,5,1,V,,,2.9,Sh,4.0,830
7729,2021,1621,6.95,Me,5,2,M,0.0,0.0,0.04,Sh,1.0,830
7730,2021,1621,6.95,Me,5,3,S,0.0,0.0,,,,830
7731,2021,1621,6.95,Me,5,4,M,1.0,2.0,2.21,Sh,1.0,830
7732,2021,1621,6.95,Me,5,5,M,0.0,0.0,1.07,Sh,3.0,830
7733,2021,1621,6.95,Me,5,5,V,,,4.12,Sh,4.0,830
7734,2021,1622,0.78,Sh,1,1,B,,,,,,830
7735,2021,1623,2.07,Sh,6,1,V,,,0.07,Sh,3.0,830
7736,2021,1623,2.07,Sh,6,2,M,0.0,0.0,0.02,Sh,2.0,830
7737,2021,1623,2.07,Sh,6,3,S,0.0,0.0,,,,830
7738,2021,1623,2.07,Sh,6,4,V,,,0.02,Sh,1.0,830
7739,2021,1623,2.07,Sh,6,5,M,1.0,3.0,3.4,Sh,2.0,830
7740,2021,1623,2.07,Sh,6,5,M,,,,,,830
7741,2021,1623,2.07,Sh,6,6,B,,,,,,830
7742,2021,1624,1.63,Sh,1,1,B,,,,,,830
7743,2021,1625,2.16,Sh,1,1,V,,,3.24,Sh,3.0,830
7744,2021,1626,1.49,Sh,2,1,V,,,1.59,Sh,2.0,830
7745,2021,1626,1.49,Sh,2,2,S,0.0,0.0,,,,830
7746,2021,1627,1.63,Sh,2,1,V,,,3.88,Sh,5.0,830
7747,2021,1627,1.63,Sh,2,2,S,0.0,0.0,,,,830
7748,2021,1628,0.9,Sh,1,1,B,,,,,,830
7749,2021,1629,2.96,Sh,5,1,B,,,,,,830
7750,2021,1629,2.96,Sh,5,2,B,,,,,,830
7751,2021,1629,2.96,Sh,5,3,M,,,,,,830
7752,2021,1629,2.96,Sh,5,4,M,0.0,0.0,0.36,Sh,3.0,830
7753,2021,1629,2.96,Sh,5,5,V,,,0.67,Sh,4.0,830
7754,2021,1629,2.96,Sh,5,5,M,0.0,0.0,7.39,Me,8.0,830
7755,2021,1630,1.79,Sh,3,1,B,,,,,,830
7756,2021,1630,1.79,Sh,3,2,V,,,,,,830
7757,2021,1630,1.79,Sh,3,2,M,0.0,0.0,0.01,Sh,2.0,830
7758,2021,1630,1.79,Sh,3,3,M,,,,,,830
7759,2021,1630,1.79,Sh,3,3,M,0.0,0.0,3.93,Sh,3.0,830
7760,2021,1632,3.05,Sh,4,1,V,,,0.23,Sh,1.0,830
7761,2021,1632,3.05,Sh,4,2,V,,,1.04,Sh,2.0,830
7762,2021,1632,3.05,Sh,4,3,S,0.0,0.0,,,,830
7763,2021,1632,3.05,Sh,4,4,V,,,6.91,Me,7.0,830
7764,2021,1633,1.86,Sh,3,1,S,0.0,0.0,,,,830
7765,2021,1633,1.86,Sh,3,2,S,0.0,0.0,,,,830
7766,2021,1633,1.86,Sh,3,3,V,,,5.27,Me,1.0,830
7767,2021,1633,1.86,Sh,3,3,V,,,9.57,Me,6.0,830
7768,2021,1634,3.13,Sh,5,1,B,,,,,,830
7769,2021,1634,3.13,Sh,5,2,V,,,2.19,Sh,4.0,830
7770,2021,1634,3.13,Sh,5,3,M,,,,,,830
7771,2021,1634,3.13,Sh,5,3,V,,,,,,830
7772,2021,1634,3.13,Sh,5,4,M,1.0,5.0,2.63,Sh,5.0,830
7773,2021,1634,3.13,Sh,5,5,M,1.0,7.0,1.03,Sh,4.0,830
7774,2021,1634,3.13,Sh,5,5,V,,,0.77,Sh,3.0,830
7775,2021,1635,4.66,Sh,5,1,V,,,1.48,Sh,3.0,830
7776,2021,1635,4.66,Sh,5,2,B,,,,,,830
7777,2021,1635,4.66,Sh,5,3,M,0.0,0.0,9.45,Me,4.0,830
7778,2021,1635,4.66,Sh,5,4,V,,,3.15,Sh,3.0,830
7779,2021,1635,4.66,Sh,5,4,M,0.0,0.0,0.58,Sh,1.0,830
7780,2021,1635,4.66,Sh,5,5,V,,,5.31,Me,5.0,830
7781,2021,1637,4.14,Sh,4,1,B,,,,,,830
7782,2021,1637,4.14,Sh,4,2,V,,,4.35,Sh,4.0,830
7783,2021,1637,4.14,Sh,4,3,M,1.0,1.0,5.72,Me,5.0,830
7784,2021,1637,4.14,Sh,4,4,M,1.0,5.0,2.24,Sh,4.0,830
7785,2021,1638,5.8,Me,2,1,M,0.0,0.0,1.31,Sh,2.0,830
7786,2021,1638,5.8,Me,2,2,B,,,,,,830
7787,2021,1639,0.94,Sh,2,1,M,,,,,,830
7788,2021,1639,0.94,Sh,2,1,V,,,1.23,Sh,2.0,830
7789,2021,1639,0.94,Sh,2,1,M,0.0,0.0,0.68,Sh,3.0,830
7790,2021,1639,0.94,Sh,2,1,V,,,0.51,Sh,1.0,830
7791,2021,1639,0.94,Sh,2,2,V,,,4.86,Sh,4.0,830
7792,2021,1640,7.22,Me,4,1,S,0.0,0.0,,,,830
7793,2021,1640,7.22,Me,4,2,V,,,,,,830
7794,2021,1640,7.22,Me,4,2,M,1.0,6.0,2.44,Sh,3.0,830
7795,2021,1640,7.22,Me,4,3,V,,,6.34,Me,4.0,830
7796,2021,1640,7.22,Me,4,3,M,0.0,0.0,2.39,Sh,2.0,830
7797,2021,1640,7.22,Me,4,4,V,,,6.64,Me,7.0,830
7798,2021,1641,1.65,Sh,1,1,V,,,2.25,Sh,2.0,830
7799,2021,1642,2.95,Sh,1,1,S,0.0,0.0,,,,830
7800,2021,1643,9.75,Me,5,1,V,,,,,,830
7801,2021,1643,9.75,Me,5,1,M,,,,,,830
7802,2021,1643,9.75,Me,5,1,V,,,,,,830
7803,2021,1643,9.75,Me,5,2,S,0.0,0.0,,,,830
7804,2021,1643,9.75,Me,5,3,B,,,,,,830
7805,2021,1643,9.75,Me,5,4,M,0.0,0.0,1.43,Sh,1.0,830
7806,2021,1643,9.75,Me,5,5,S,0.0,0.0,,,,830
7807,2021,1644,5.09,Me,7,1,B,,,,,,830
7808,2021,1644,5.09,Me,7,2,V,,,6.55,Me,2.0,830
7809,2021,1644,5.09,Me,7,3,M,0.0,0.0,1.93,Sh,3.0,830
7810,2021,1644,5.09,Me,7,4,V,,,1.14,Sh,6.0,830
7811,2021,1644,5.09,Me,7,5,S,0.0,0.0,,,,830
7812,2021,1644,5.09,Me,7,6,V,,,0.21,Sh,2.0,830
7813,2021,1644,5.09,Me,7,7,M,0.0,0.0,3.91,Sh,1.0,830
7814,2021,1645,1.16,Sh,1,1,V,,,2.01,Sh,4.0,830
7815,2021,1645,1.16,Sh,1,1,V,,,1.91,Sh,7.0,830
7816,2021,1648,3.42,Sh,2,1,M,0.0,0.0,3.37,Sh,4.0,830
7817,2021,1648,3.42,Sh,2,1,V,,,2.13,Sh,4.0,830
7818,2021,1648,3.42,Sh,2,1,V,,,,,,830
7819,2021,1648,3.42,Sh,2,1,V,,,,,,830
7820,2021,1648,3.42,Sh,2,2,M,0.0,0.0,3.18,Sh,5.0,830
7821,2021,1648,3.42,Sh,2,2,M,0.0,0.0,4.23,Sh,7.0,830
7822,2021,1648,3.42,Sh,2,2,M,0.0,0.0,3.48,Sh,3.0,830
7823,2021,1648,3.42,Sh,2,2,V,,,5.97,Me,7.0,830
7824,2021,1648,3.42,Sh,2,2,V,,,2.23,Sh,6.0,830
7825,2021,1648,3.42,Sh,2,2,V,,,3.59,Sh,5.0,830
7826,2021,1649,2.22,Sh,1,1,B,,,,,,830
7827,2021,1650,5.91,Me,4,1,V,,,0.8,Sh,4.0,830
7828,2021,1650,5.91,Me,4,1,V,,,,,,830
7829,2021,1650,5.91,Me,4,2,M,0.0,0.0,3.56,Sh,6.0,830
7830,2021,1650,5.91,Me,4,3,S,0.0,0.0,,,,830
7831,2021,1650,5.91,Me,4,4,V,,,5.81,Me,5.0,830
7832,2021,1651,4.98,Sh,5,1,B,,,,,,830
7833,2021,1651,4.98,Sh,5,2,B,,,,,,830
7834,2021,1651,4.98,Sh,5,3,V,,,,,,830
7835,2021,1651,4.98,Sh,5,3,V,,,4.25,Sh,5.0,830
7836,2021,1651,4.98,Sh,5,4,M,0.0,0.0,1.22,Sh,2.0,830
7837,2021,1651,4.98,Sh,5,5,V,,,0.13,Sh,1.0,830
7838,2021,1651,4.98,Sh,5,5,M,,,,,,830
7839,2021,1652,7.32,Me,5,1,B,,,,,,830
7840,2021,1652,7.32,Me,5,2,M,1.0,3.0,1.1,Sh,2.0,830
7841,2021,1652,7.32,Me,5,3,B,,,,,,830
7842,2021,1652,7.32,Me,5,4,M,0.0,0.0,5.09,Me,3.0,830
7843,2021,1652,7.32,Me,5,5,B,,,,,,830
7844,2021,1653,6.37,Me,3,1,B,,,,,,830
7845,2021,1653,6.37,Me,3,2,V,,,0.97,Sh,1.0,830
7846,2021,1653,6.37,Me,3,2,M,1.0,4.0,1.63,Sh,1.0,830
7847,2021,1653,6.37,Me,3,3,S,0.0,0.0,,,,830
7848,2021,1654,3.17,Sh,1,1,S,0.0,0.0,,,,830
7849,2021,1655,2.77,Sh,3,1,V,,,0.12,Sh,1.0,830
7850,2021,1655,2.77,Sh,3,1,V,,,3.34,Sh,1.0,830
7851,2021,1655,2.77,Sh,3,2,B,,,,,,830
7852,2021,1655,2.77,Sh,3,3,V,,,4.37,Sh,5.0,830
7853,2021,1656,0.47,Sh,1,1,S,0.0,0.0,,,,830
7854,2021,1658,0.18,Sh,1,1,B,,,,,,830
7855,2021,1659,1.27,Sh,6,1,B,,,,,,830
7856,2021,1659,1.27,Sh,6,2,M,,,,,,830
7857,2021,1659,1.27,Sh,6,3,V,,,0.73,Sh,3.0,830
7858,2021,1659,1.27,Sh,6,4,M,0.0,0.0,8.5,Me,7.0,830
7859,2021,1659,1.27,Sh,6,5,V,,,3.29,Sh,4.0,830
7860,2021,1659,1.27,Sh,6,5,V,,,9.33,Me,6.0,830
7861,2021,1659,1.27,Sh,6,5,M,0.0,0.0,1.74,Sh,3.0,830
7862,2021,1659,1.27,Sh,6,6,M,0.0,0.0,5.89,Me,5.0,830
7863,2021,1659,1.27,Sh,6,6,M,0.0,0.0,8.41,Me,3.0,830
7864,2021,1660,1.04,Sh,5,1,B,,,,,,830
7865,2021,1660,1.04,Sh,5,2,B,,,,,,830
7866,2021,1660,1.04,Sh,5,3,V,,,0.64,Sh,1.0,830
7867,2021,1660,1.04,Sh,5,4,V,,,0.28,Sh,2.0,830
7868,2021,1660,1.04,Sh,5,5,V,,,7.75,Me,6.0,830
7869,2021,1660,1.04,Sh,5,5,V,,,3.14,Sh,4.0,830
7870,2021,1660,1.04,Sh,5,5,M,0.0,0.0,1.86,Sh,3.0,830
7871,2021,1661,2.34,Sh,3,1,V,,,,,,830
7872,2021,1661,2.34,Sh,3,1,V,,,2.09,Sh,2.0,830
7873,2021,1661,2.34,Sh,3,2,M,1.0,4.0,3.64,Sh,2.0,830
7874,2021,1661,2.34,Sh,3,3,M,1.0,4.0,3.06,Sh,3.0,830
7875,2021,1662,5.3,Me,4,1,S,0.0,0.0,,,,830
7876,2021,1662,5.3,Me,4,2,S,0.0,0.0,,,,830
7877,2021,1662,5.3,Me,4,3,B,,,,,,830
7878,2021,1662,5.3,Me,4,4,V,,,6.55,Me,6.0,830
7879,2021,1665,7.29,Me,4,1,B,,,,,,830
7880,2021,1665,7.29,Me,4,2,S,0.0,0.0,,,,830
7881,2021,1665,7.29,Me,4,3,B,,,,,,830
7882,2021,1665,7.29,Me,4,4,S,0.0,0.0,,,,830
7883,2021,1666,3.73,Sh,5,1,V,,,,,,830
7884,2021,1666,3.73,Sh,5,2,S,0.0,0.0,,,,830
7885,2021,1666,3.73,Sh,5,3,S,0.0,0.0,,,,830
7886,2021,1666,3.73,Sh,5,4,V,,,1.19,Sh,3.0,830
7887,2021,1666,3.73,Sh,5,5,M,1.0,4.0,1.55,Sh,2.0,830
7888,2021,1667,0.45,Sh,1,1,B,,,,,,830
7889,2021,1668,4.15,Sh,4,1,M,,,,,,830
7890,2021,1668,4.15,Sh,4,1,V,,,1.74,Sh,6.0,830
7891,2021,1668,4.15,Sh,4,2,V,,,,,,830
7892,2021,1668,4.15,Sh,4,2,M,0.0,0.0,2.63,Sh,5.0,830
7893,2021,1668,4.15,Sh,4,2,V,,,2.12,Sh,5.0,830
7894,2021,1668,4.15,Sh,4,3,S,0.0,0.0,,,,830
7895,2021,1668,4.15,Sh,4,4,M,0.0,0.0,7.72,Me,2.0,830
7896,2021,1668,4.15,Sh,4,4,V,,,4.97,Sh,4.0,830
7897,2021,1669,5.32,Me,2,1,V,,,6.73,Me,6.0,830
7898,2021,1669,5.32,Me,2,2,V,,,4.55,Sh,3.0,830
7899,2021,1669,5.32,Me,2,2,V,,,4.21,Sh,4.0,830
7900,2021,1671,5.7,Me,5,1,B,,,,,,830
7901,2021,1671,5.7,Me,5,2,B,,,,,,830
7902,2021,1671,5.7,Me,5,3,M,1.0,3.0,1.45,Sh,1.0,830
7903,2021,1671,5.7,Me,5,4,V,,,1.47,Sh,1.0,830
7904,2021,1671,5.7,Me,5,5,M,1.0,4.0,3.01,Sh,4.0,830
7905,2021,1671,5.7,Me,5,5,V,,,6.33,Me,6.0,830
7906,2021,1672,6.14,Me,5,1,S,0.0,0.0,,,,830
7907,2021,1672,6.14,Me,5,2,V,,,1.67,Sh,3.0,830
7908,2021,1672,6.14,Me,5,2,V,,,,,,830
7909,2021,1672,6.14,Me,5,3,S,0.0,0.0,,,,830
7910,2021,1672,6.14,Me,5,4,B,,,,,,830
7911,2021,1672,6.14,Me,5,5,V,,,4.16,Sh,4.0,830
7912,2021,1672,6.14,Me,5,5,M,1.0,3.0,5.87,Me,3.0,830
7913,2021,1672,6.14,Me,5,5,M,0.0,0.0,7.12,Me,8.0,830
7914,2021,1672,6.14,Me,5,5,M,0.0,0.0,2.49,Sh,3.0,830
7915,2021,1673,8.72,Me,8,1,B,,,,,,830
7916,2021,1673,8.72,Me,8,2,B,,,,,,830
7917,2021,1673,8.72,Me,8,3,B,,,,,,830
7918,2021,1673,8.72,Me,8,4,M,0.0,0.0,1.06,Sh,3.0,830
7919,2021,1673,8.72,Me,8,5,B,,,,,,830
7920,2021,1673,8.72,Me,8,6,M,1.0,4.0,3.61,Sh,1.0,830
7921,2021,1673,8.72,Me,8,7,M,,,,,,830
7922,2021,1673,8.72,Me,8,8,V,,,,,,830
7923,2021,1674,9.28,Me,10,1,M,0.0,0.0,0.34,Sh,1.0,830
7924,2021,1674,9.28,Me,10,2,M,1.0,2.0,1.14,Sh,4.0,830
7925,2021,1674,9.28,Me,10,3,V,,,4.97,Sh,6.0,830
7926,2021,1674,9.28,Me,10,4,S,0.0,0.0,,,,830
7927,2021,1674,9.28,Me,10,5,B,,,,,,830
7928,2021,1674,9.28,Me,10,6,S,0.0,0.0,,,,830
7929,2021,1674,9.28,Me,10,7,S,0.0,0.0,,,,830
7930,2021,1674,9.28,Me,10,8,V,,,5.75,Me,6.0,830
7931,2021,1674,9.28,Me,10,9,M,0.0,0.0,1.36,Sh,2.0,830
7932,2021,1674,9.28,Me,10,10,M,0.0,0.0,2.28,Sh,2.0,830
7933,2021,1675,6.1,Me,7,1,V,,,,,,830
7934,2021,1675,6.1,Me,7,2,V,,,,,,830
7935,2021,1675,6.1,Me,7,3,M,1.0,2.0,4.61,Sh,5.0,830
7936,2021,1675,6.1,Me,7,4,S,0.0,0.0,,,,830
7937,2021,1675,6.1,Me,7,5,V,,,4.25,Sh,5.0,830
7938,2021,1675,6.1,Me,7,6,M,1.0,6.0,14.98,Me,9.0,830
7939,2021,1675,6.1,Me,7,7,M,1.0,1.0,1.7,Sh,4.0,830
7940,2021,1676,5.21,Me,4,1,S,0.0,0.0,,,,830
7941,2021,1676,5.21,Me,4,2,B,,,,,,830
7942,2021,1676,5.21,Me,4,3,M,1.0,5.0,6.6,Me,9.0,830
7943,2021,1676,5.21,Me,4,4,B,,,,,,830
7944,2021,1681,4.35,Sh,4,1,V,,,,,,830
7945,2021,1681,4.35,Sh,4,2,V,,,1.7,Sh,2.0,830
7946,2021,1681,4.35,Sh,4,2,V,,,,,,830
7947,2021,1681,4.35,Sh,4,3,V,,,4.9,Sh,3.0,830
7948,2021,1681,4.35,Sh,4,3,M,1.0,5.0,3.91,Sh,4.0,830
7949,2021,1681,4.35,Sh,4,4,V,,,6.02,Me,2.0,830
7950,2021,1681,4.35,Sh,4,4,M,0.0,0.0,1.13,Sh,1.0,830
7951,2021,1682,5.3,Me,6,1,V,,,0.38,Sh,2.0,830
7952,2021,1682,5.3,Me,6,2,M,0.0,0.0,2.71,Sh,6.0,830
7953,2021,1682,5.3,Me,6,2,V,,,2.73,Sh,5.0,830
7954,2021,1682,5.3,Me,6,3,S,0.0,0.0,,,,830
7955,2021,1682,5.3,Me,6,4,S,0.0,0.0,,,,830
7956,2021,1682,5.3,Me,6,5,M,0.0,0.0,4.43,Sh,3.0,830
7957,2021,1682,5.3,Me,6,6,V,,,4.79,Sh,7.0,830
7958,2021,1683,1.98,Sh,3,1,B,,,,,,830
7959,2021,1683,1.98,Sh,3,2,S,0.0,0.0,,,,830
7960,2021,1683,1.98,Sh,3,3,M,,,,,,830
7961,2021,1684,1.9,Sh,1,1,B,,,,,,830
7962,2021,1685,5.11,Me,7,1,V,,,2.63,Sh,1.0,830
7963,2021,1685,5.11,Me,7,2,V,,,0.43,Sh,3.0,830
7964,2021,1685,5.11,Me,7,3,B,,,,,,830
7965,2021,1685,5.11,Me,7,4,M,0.0,0.0,2.23,Sh,1.0,830
7966,2021,1685,5.11,Me,7,4,M,0.0,0.0,6.32,Me,8.0,830
7967,2021,1685,5.11,Me,7,5,M,,,,,,830
7968,2021,1685,5.11,Me,7,6,M,0.0,0.0,2.45,Sh,4.0,830
7969,2021,1685,5.11,Me,7,7,M,0.0,0.0,10.37,Me,6.0,830
7970,2021,1685,5.11,Me,7,7,M,0.0,0.0,8.21,Me,8.0,830
7971,2021,1686,2.47,Sh,3,1,S,0.0,0.0,,,,830
7972,2021,1686,2.47,Sh,3,2,S,0.0,0.0,,,,830
7973,2021,1686,2.47,Sh,3,3,M,1.0,4.0,7.18,Me,3.0,830
7974,2021,1687,3.99,Sh,5,1,B,,,,,,830
7975,2021,1687,3.99,Sh,5,2,S,0.0,0.0,,,,830
7976,2021,1687,3.99,Sh,5,3,M,1.0,1.0,3.76,Sh,3.0,830
7977,2021,1687,3.99,Sh,5,4,V,,,6.44,Me,4.0,830
7978,2021,1687,3.99,Sh,5,5,M,0.0,0.0,0.98,Sh,2.0,830
7979,2021,1688,4.89,Sh,5,1,B,,,,,,830
7980,2021,1688,4.89,Sh,5,2,B,,,,,,830
7981,2021,1688,4.89,Sh,5,3,M,0.0,0.0,2.62,Sh,3.0,830
7982,2021,1688,4.89,Sh,5,4,S,0.0,0.0,,,,830
7983,2021,1688,4.89,Sh,5,5,S,0.0,0.0,,,,830
7984,2021,1689,0.23,Sh,1,1,S,0.0,0.0,,,,830
7985,2021,1690,1.48,Sh,2,1,V,,,2.02,Sh,5.0,830
7986,2021,1690,1.48,Sh,2,2,V,,,4.65,Sh,4.0,830
7987,2021,1690,1.48,Sh,2,2,V,,,0.8,Sh,3.0,830
7988,2021,1692,6.55,Me,4,1,V,,,,,,830
7989,2021,1692,6.55,Me,4,1,M,,,,,,830
7990,2021,1692,6.55,Me,4,1,V,,,0.65,Sh,2.0,830
7991,2021,1692,6.55,Me,4,2,S,0.0,0.0,,,,830
7992,2021,1692,6.55,Me,4,3,B,,,,,,830
7993,2021,1692,6.55,Me,4,4,B,,,,,,830
7994,2021,1693,1.1,Sh,2,1,V,,,4.77,Sh,1.0,830
7995,2021,1693,1.1,Sh,2,2,V,,,0.2,Sh,2.0,830
7996,2021,1693,1.1,Sh,2,2,V,,,3.38,Sh,1.0,830
7997,2021,1695,4.75,Sh,5,1,V,,,,,,830
7998,2021,1695,4.75,Sh,5,2,V,,,5.48,Me,4.0,830
7999,2021,1695,4.75,Sh,5,3,S,0.0,0.0,,,,830
8000,2021,1695,4.75,Sh,5,4,S,0.0,0.0,,,,830
8001,2021,1695,4.75,Sh,5,5,M,0.0,0.0,3.9,Sh,3.0,830
8002,2021,1695,4.75,Sh,5,5,M,0.0,0.0,1.48,Sh,4.0,830
8003,2021,1696,4.44,Sh,4,1,B,,,,,,830
8004,2021,1696,4.44,Sh,4,2,S,0.0,0.0,,,,830
8005,2021,1696,4.44,Sh,4,3,S,0.0,0.0,,,,830
8006,2021,1696,4.44,Sh,4,4,S,0.0,0.0,,,,830
8007,2021,1697,0.71,Sh,1,1,V,,,1.75,Sh,6.0,830
8008,2021,1698,1.11,Sh,1,1,S,0.0,0.0,,,,830
8009,2021,1699,5.32,Me,4,1,B,,,,,,830
8010,2021,1699,5.32,Me,4,2,V,,,1.93,Sh,1.0,830
8011,2021,1699,5.32,Me,4,2,V,,,,,,830
8012,2021,1699,5.32,Me,4,3,B,,,,,,830
8013,2021,1699,5.32,Me,4,4,B,,,,,,830
8014,2021,1700,9.61,Me,7,1,M,,,,,,830
8015,2021,1700,9.61,Me,7,2,S,0.0,0.0,,,,830
8016,2021,1700,9.61,Me,7,3,S,0.0,0.0,,,,830
8017,2021,1700,9.61,Me,7,4,B,,,,,,830
8018,2021,1700,9.61,Me,7,5,M,0.0,0.0,2.23,Sh,2.0,830
8019,2021,1700,9.61,Me,7,6,S,0.0,0.0,,,,830
8020,2021,1700,9.61,Me,7,7,M,0.0,0.0,3.42,Sh,2.0,830
8021,2021,1700,9.61,Me,7,7,V,,,4.5,Sh,7.0,830
8022,2021,1700,9.61,Me,7,7,M,0.0,0.0,3.67,Sh,2.0,830
8023,2021,1702,2.22,Sh,1,1,B,,,,,,830
8024,2021,1703,0.61,Sh,1,1,S,0.0,0.0,,,,830
8025,2021,1704,6.52,Me,5,1,V,,,0.43,Sh,1.0,830
8026,2021,1704,6.52,Me,5,2,V,,,2.08,Sh,2.0,830
8027,2021,1704,6.52,Me,5,2,V,,,2.55,Sh,6.0,830
8028,2021,1704,6.52,Me,5,3,S,0.0,0.0,,,,830
8029,2021,1704,6.52,Me,5,4,S,0.0,0.0,,,,830
8030,2021,1704,6.52,Me,5,5,M,1.0,2.0,0.14,Sh,2.0,830
8031,2021,1705,1.53,Sh,2,1,V,,,2.15,Sh,1.0,830
8032,2021,1705,1.53,Sh,2,2,V,,,0.93,Sh,1.0,830
8033,2021,1706,2.99,Sh,4,1,V,,,,,,830
8034,2021,1706,2.99,Sh,4,2,M,,,,,,830
8035,2021,1706,2.99,Sh,4,3,B,,,,,,830
8036,2021,1706,2.99,Sh,4,4,B,,,,,,830
8037,2021,1707,7.1,Me,2,1,B,,,,,,830
8038,2021,1707,7.1,Me,2,2,V,,,3.25,Sh,4.0,830
8039,2021,1708,2.32,Sh,2,1,S,0.0,0.0,,,,830
8040,2021,1708,2.32,Sh,2,2,M,1.0,7.0,1.93,Sh,2.0,830
8041,2021,1710,1.96,Sh,3,1,V,,,,,,830
8042,2021,1710,1.96,Sh,3,2,B,,,,,,830
8043,2021,1710,1.96,Sh,3,3,M,1.0,5.0,5.72,Me,5.0,830
8044,2021,1711,1.35,Sh,2,1,B,,,,,,830
8045,2021,1711,1.35,Sh,2,2,M,0.0,0.0,5.94,Me,2.0,830
8046,2021,1712,4.19,Sh,3,1,V,,,1.44,Sh,1.0,830
8047,2021,1712,4.19,Sh,3,2,V,,,5.96,Me,5.0,830
8048,2021,1712,4.19,Sh,3,3,V,,,5.29,Me,1.0,830
8049,2021,1713,0.34,Sh,3,1,S,0.0,0.0,,,,830
8050,2021,1713,0.34,Sh,3,2,V,,,0.15,Sh,1.0,830
8051,2021,1713,0.34,Sh,3,3,B,,,,,,830
8052,2021,1713,1.9,Sh,3,1,B,,,,,,830
8053,2021,1713,1.9,Sh,3,2,B,,,,,,830
8054,2021,1713,1.9,Sh,3,3,B,,,,,,830
8055,2021,1714,0.63,Sh,2,1,B,,,,,,830
8056,2021,1714,0.63,Sh,2,2,V,,,4.8,Sh,7.0,830
8057,2021,1715,5.67,Me,3,1,B,,,,,,830
8058,2021,1715,5.67,Me,3,2,V,,,0.75,Sh,1.0,830
8059,2021,1715,5.67,Me,3,3,M,0.0,0.0,7.05,Me,4.0,830
8060,2021,1716,2.62,Sh,4,1,V,,,4.0,Sh,2.0,830
8061,2021,1716,2.62,Sh,4,2,V,,,,,,830
8062,2021,1716,2.62,Sh,4,2,M,0.0,0.0,3.78,Sh,6.0,830
8063,2021,1716,2.62,Sh,4,2,M,,,,,,830
8064,2021,1716,2.62,Sh,4,3,B,,,,,,830
8065,2021,1716,2.62,Sh,4,4,V,,,,,,830
8066,2021,1717,4.31,Sh,3,1,V,,,4.5,Sh,7.0,830
8067,2021,1717,4.31,Sh,3,2,M,1.0,5.0,6.05,Me,4.0,830
8068,2021,1717,4.31,Sh,3,3,B,,,,,,830
8069,2021,1718,6.11,Me,6,1,V,,,1.12,Sh,3.0,830
8070,2021,1718,6.11,Me,6,1,V,,,0.23,Sh,1.0,830
8071,2021,1718,6.11,Me,6,1,V,,,2.34,Sh,2.0,830
8072,2021,1718,6.11,Me,6,2,S,0.0,0.0,,,,830
8073,2021,1718,6.11,Me,6,3,V,,,2.66,Sh,5.0,830
8074,2021,1718,6.11,Me,6,4,M,1.0,2.0,1.4,Sh,3.0,830
8075,2021,1718,6.11,Me,6,5,B,,,,,,830
8076,2021,1718,6.11,Me,6,6,S,0.0,0.0,,,,830
8077,2021,1719,2.34,Sh,4,1,V,,,0.39,Sh,1.0,830
8078,2021,1719,2.34,Sh,4,2,B,,,,,,830
8079,2021,1719,2.34,Sh,4,3,M,1.0,5.0,4.3,Sh,1.0,830
8080,2021,1719,2.34,Sh,4,4,V,,,3.79,Sh,4.0,830
8081,2021,1720,0.27,Sh,6,1,B,,,,,,830
8082,2021,1720,0.27,Sh,6,2,S,0.0,0.0,,,,830
8083,2021,1720,0.27,Sh,6,3,M,1.0,3.0,1.03,Sh,3.0,830
8084,2021,1720,0.27,Sh,6,4,M,0.0,0.0,2.97,Sh,2.0,830
8085,2021,1720,0.27,Sh,6,4,V,,,4.0,Sh,3.0,830
8086,2021,1720,0.27,Sh,6,5,M,1.0,7.0,5.55,Me,5.0,830
8087,2021,1720,0.27,Sh,6,6,V,,,6.14,Me,4.0,830
8088,2021,1721,0.65,Sh,4,1,B,,,,,,830
8089,2021,1721,0.65,Sh,4,2,V,,,1.07,Sh,3.0,830
8090,2021,1721,0.65,Sh,4,2,V,,,1.67,Sh,3.0,830
8091,2021,1721,0.65,Sh,4,2,V,,,1.01,Sh,2.0,830
8092,2021,1721,0.65,Sh,4,3,V,,,1.87,Sh,3.0,830
8093,2021,1721,0.65,Sh,4,4,M,0.0,0.0,4.64,Sh,7.0,830
8094,2021,1722,5.67,Me,7,1,B,,,,,,830
8095,2021,1722,5.67,Me,7,2,M,0.0,0.0,3.32,Sh,3.0,830
8096,2021,1722,5.67,Me,7,3,V,,,1.31,Sh,3.0,830
8097,2021,1722,5.67,Me,7,3,V,,,0.13,Sh,1.0,830
8098,2021,1722,5.67,Me,7,3,M,0.0,0.0,2.41,Sh,2.0,830
8099,2021,1722,5.67,Me,7,3,V,,,3.36,Sh,4.0,830
8100,2021,1722,5.67,Me,7,4,B,,,,,,830
8101,2021,1722,5.67,Me,7,5,S,0.0,0.0,,,,830
8102,2021,1722,5.67,Me,7,6,V,,,11.1,Me,6.0,830
8103,2021,1722,5.67,Me,7,7,V,,,0.96,Sh,3.0,830
8104,2021,1725,2.21,Sh,1,1,S,0.0,0.0,,,,830
8105,2021,1726,3.26,Sh,3,1,S,0.0,0.0,,,,830
8106,2021,1726,3.26,Sh,3,2,B,,,,,,830
8107,2021,1726,3.26,Sh,3,3,S,0.0,0.0,,,,830
8108,2021,1727,8.41,Me,6,1,V,,,0.85,Sh,1.0,830
8109,2021,1727,8.41,Me,6,2,B,,,,,,830
8110,2021,1727,8.41,Me,6,3,B,,,,,,830
8111,2021,1727,8.41,Me,6,4,V,,,6.4,Me,3.0,830
8112,2021,1727,8.41,Me,6,5,V,,,0.2,Sh,3.0,830
8113,2021,1727,8.41,Me,6,5,V,,,1.99,Sh,4.0,830
8114,2021,1727,8.41,Me,6,6,V,,,4.03,Sh,7.0,830
8115,2021,1728,5.1,Me,6,1,M,0.0,0.0,0.18,Sh,2.0,830
8116,2021,1728,5.1,Me,6,2,V,,,4.79,Sh,6.0,830
8117,2021,1728,5.1,Me,6,3,M,,,,,,830
8118,2021,1728,5.1,Me,6,3,V,,,3.49,Sh,5.0,830
8119,2021,1728,5.1,Me,6,4,S,0.0,0.0,,,,830
8120,2021,1728,5.1,Me,6,5,M,0.0,0.0,1.2,Sh,2.0,830
8121,2021,1728,5.1,Me,6,6,B,,,,,,830
8122,2021,1729,2.06,Sh,5,1,V,,,2.79,Sh,5.0,830
8123,2021,1729,2.06,Sh,5,2,V,,,0.39,Sh,2.0,830
8124,2021,1729,2.06,Sh,5,3,M,0.0,0.0,2.45,Sh,4.0,830
8125,2021,1729,2.06,Sh,5,4,M,1.0,2.0,4.86,Sh,3.0,830
8126,2021,1729,2.06,Sh,5,5,M,0.0,0.0,3.69,Sh,4.0,830
8127,2021,1729,2.06,Sh,5,5,V,,,4.03,Sh,1.0,830
8128,2021,1729,2.06,Sh,5,5,M,0.0,0.0,3.32,Sh,1.0,830
8129,2021,1732,1.7,Sh,2,1,B,,,,,,830
8130,2021,1732,1.7,Sh,2,2,M,1.0,6.0,4.45,Sh,4.0,830
8131,2021,1733,4.66,Sh,4,1,V,,,0.25,Sh,1.0,830
8132,2021,1733,4.66,Sh,4,1,V,,,,,,830
8133,2021,1733,4.66,Sh,4,2,S,0.0,0.0,,,,830
8134,2021,1733,4.66,Sh,4,3,B,,,,,,830
8135,2021,1733,4.66,Sh,4,4,V,,,0.84,Sh,1.0,830
8136,2021,1733,4.66,Sh,4,4,M,0.0,0.0,6.79,Me,3.0,830
8137,2021,1735,5.83,Me,8,1,V,,,0.47,Sh,2.0,830
8138,2021,1735,5.83,Me,8,1,V,,,,,,830
8139,2021,1735,5.83,Me,8,2,B,,,,,,830
8140,2021,1735,5.83,Me,8,3,V,,,1.73,Sh,2.0,830
8141,2021,1735,5.83,Me,8,4,S,0.0,0.0,,,,830
8142,2021,1735,5.83,Me,8,5,S,0.0,0.0,,,,830
8143,2021,1735,5.83,Me,8,6,S,0.0,0.0,,,,830
8144,2021,1735,5.83,Me,8,7,M,0.0,0.0,6.31,Me,7.0,830
8145,2021,1735,5.83,Me,8,7,M,0.0,0.0,9.33,Me,6.0,830
8146,2021,1735,5.83,Me,8,8,M,0.0,0.0,3.82,Sh,3.0,830
8147,2021,1736,7.93,Me,4,1,V,,,0.74,Sh,1.0,830
8148,2021,1736,7.93,Me,4,2,B,,,,,,830
8149,2021,1736,7.93,Me,4,3,S,0.0,0.0,,,,830
8150,2021,1736,7.93,Me,4,4,V,,,0.62,Sh,4.0,830
8151,2021,1739,1.12,Sh,3,1,V,,,,,,830
8152,2021,1739,1.12,Sh,3,2,V,,,4.25,Sh,6.0,830
8153,2021,1739,1.12,Sh,3,3,S,0.0,0.0,,,,830
8154,2021,1740,2.19,Sh,3,1,B,,,,,,830
8155,2021,1740,2.19,Sh,3,2,B,,,,,,830
8156,2021,1740,2.19,Sh,3,3,M,,,,,,830
8157,2021,1741,0.96,Sh,5,1,V,,,,,,830
8158,2021,1741,0.96,Sh,5,2,M,0.0,0.0,0.49,Sh,3.0,830
8159,2021,1741,0.96,Sh,5,3,M,0.0,0.0,2.98,Sh,1.0,830
8160,2021,1741,0.96,Sh,5,3,M,0.0,0.0,1.45,Sh,7.0,830
8161,2021,1741,0.96,Sh,5,4,M,0.0,0.0,0.19,Sh,6.0,830
8162,2021,1741,0.96,Sh,5,5,V,,,1.63,Sh,2.0,830
8163,2021,1743,2.43,Sh,4,1,B,,,,,,830
8164,2021,1743,2.43,Sh,4,2,B,,,,,,830
8165,2021,1743,2.43,Sh,4,3,S,0.0,0.0,,,,830
8166,2021,1743,2.43,Sh,4,4,M,0.0,0.0,8.57,Me,7.0,830
8167,2021,1744,2.44,Sh,1,1,V,,,1.43,Sh,4.0,830
8168,2021,1745,9.16,Me,6,1,V,,,,,,830
8169,2021,1745,9.16,Me,6,2,M,,,,,,830
8170,2021,1745,9.16,Me,6,2,M,0.0,0.0,0.84,Sh,2.0,830
8171,2021,1745,9.16,Me,6,2,V,,,2.04,Sh,5.0,830
8172,2021,1745,9.16,Me,6,3,B,,,,,,830
8173,2021,1745,9.16,Me,6,4,V,,,0.02,Sh,1.0,830
8174,2021,1745,9.16,Me,6,5,B,,,,,,830
8175,2021,1745,9.16,Me,6,6,V,,,1.98,Sh,5.0,830
8176,2021,1745,9.16,Me,6,6,M,0.0,0.0,11.09,Me,6.0,830
8177,2021,1745,9.16,Me,6,6,M,0.0,0.0,4.12,Sh,3.0,830
8178,2021,1745,9.16,Me,6,6,M,0.0,0.0,4.04,Sh,3.0,830
8179,2021,1746,7.93,Me,7,1,B,,,,,,830
8180,2021,1746,7.93,Me,7,2,B,,,,,,830
8181,2021,1746,7.93,Me,7,3,V,,,7.3,Me,2.0,830
8182,2021,1746,7.93,Me,7,4,S,0.0,0.0,,,,830
8183,2021,1746,7.93,Me,7,5,S,0.0,0.0,,,,830
8184,2021,1746,7.93,Me,7,6,M,0.0,0.0,2.36,Sh,3.0,830
8185,2021,1746,7.93,Me,7,7,M,0.0,0.0,6.23,Me,2.0,830
8186,2021,1746,7.93,Me,7,7,M,0.0,0.0,4.18,Sh,5.0,830
8187,2021,1747,2.5,Sh,4,1,V,,,0.07,Sh,1.0,830
8188,2021,1747,2.5,Sh,4,2,V,,,3.96,Sh,2.0,830
8189,2021,1747,2.5,Sh,4,3,S,0.0,0.0,,,,830
8190,2021,1747,2.5,Sh,4,4,V,,,9.49,Me,5.0,830
8191,2021,1747,1.06,Sh,1,1,S,0.0,0.0,,,,830
8192,2021,1748,5.86,Me,5,1,M,1.0,4.0,3.23,Sh,1.0,830
8193,2021,1748,5.86,Me,5,2,V,,,,,,830
8194,2021,1748,5.86,Me,5,3,B,,,,,,830
8195,2021,1748,5.86,Me,5,4,S,0.0,0.0,,,,830
8196,2021,1748,5.86,Me,5,5,V,,,7.65,Me,5.0,830
8197,2021,1749,2.13,Sh,2,1,V,,,5.25,Me,5.0,830
8198,2021,1749,2.13,Sh,2,2,S,0.0,0.0,,,,830
8199,2021,1750,7.29,Me,3,1,S,0.0,0.0,,,,830
8200,2021,1750,7.29,Me,3,2,V,,,4.21,Sh,5.0,830
8201,2021,1750,7.29,Me,3,3,M,0.0,0.0,1.47,Sh,2.0,830
8202,2021,1751,6.96,Me,6,1,V,,,,,,830
8203,2021,1751,6.96,Me,6,2,V,,,1.94,Sh,7.0,830
8204,2021,1751,6.96,Me,6,3,B,,,,,,830
8205,2021,1751,6.96,Me,6,4,V,,,3.96,Sh,5.0,830
8206,2021,1751,6.96,Me,6,4,M,1.0,1.0,3.04,Sh,5.0,830
8207,2021,1751,6.96,Me,6,5,S,0.0,0.0,,,,830
8208,2021,1751,6.96,Me,6,6,V,,,7.36,Me,5.0,830
8209,2021,1752,11.29,Me,8,1,V,,,0.11,Sh,3.0,830
8210,2021,1752,11.29,Me,8,2,V,,,3.52,Sh,4.0,830
8211,2021,1752,11.29,Me,8,3,B,,,,,,830
8212,2021,1752,11.29,Me,8,4,M,1.0,5.0,4.14,Sh,2.0,830
8213,2021,1752,11.29,Me,8,5,S,0.0,0.0,,,,830
8214,2021,1752,11.29,Me,8,6,S,0.0,0.0,,,,830
8215,2021,1752,11.29,Me,8,7,V,,,1.11,Sh,1.0,830
8216,2021,1752,11.29,Me,8,8,V,,,5.38,Me,8.0,830
8217,2021,1753,3.58,Sh,3,1,B,,,,,,830
8218,2021,1753,3.58,Sh,3,2,S,0.0,0.0,,,,830
8219,2021,1753,3.58,Sh,3,3,M,0.0,0.0,6.28,Me,6.0,830
8220,2021,1754,2.68,Sh,3,1,V,,,1.81,Sh,1.0,830
8221,2021,1754,2.68,Sh,3,2,V,,,3.96,Sh,7.0,830
8222,2021,1754,2.68,Sh,3,3,V,,,4.46,Sh,5.0,830
8223,2021,1754,2.68,Sh,3,3,M,1.0,5.0,2.59,Sh,5.0,830
8224,2021,1754,2.68,Sh,3,3,M,0.0,0.0,0.57,Sh,1.0,830
8225,2021,1755,6.31,Me,5,1,B,,,,,,830
8226,2021,1755,6.31,Me,5,2,V,,,,,,830
8227,2021,1755,6.31,Me,5,2,M,,,,,,830
8228,2021,1755,6.31,Me,5,2,V,,,4.35,Sh,5.0,830
8229,2021,1755,6.31,Me,5,3,V,,,3.0,Sh,5.0,830
8230,2021,1755,6.31,Me,5,3,V,,,,,,830
8231,2021,1755,6.31,Me,5,3,M,1.0,2.0,10.92,Me,10.0,830
8232,2021,1755,6.31,Me,5,4,B,,,,,,830
8233,2021,1755,6.31,Me,5,5,M,1.0,8.0,5.65,Me,7.0,830
8234,2021,1756,8.64,Me,5,1,V,,,1.8,Sh,4.0,830
8235,2021,1756,8.64,Me,5,2,B,,,,,,830
8236,2021,1756,8.64,Me,5,3,S,0.0,0.0,,,,830
8237,2021,1756,8.64,Me,5,4,S,0.0,0.0,,,,830
8238,2021,1756,8.64,Me,5,5,V,,,4.17,Sh,6.0,830
8239,2021,1757,5.32,Me,5,1,B,,,,,,830
8240,2021,1757,5.32,Me,5,2,V,,,2.91,Sh,6.0,830
8241,2021,1757,5.32,Me,5,2,M,1.0,3.0,3.73,Sh,2.0,830
8242,2021,1757,5.32,Me,5,2,M,0.0,0.0,4.22,Sh,1.0,830
8243,2021,1757,5.32,Me,5,2,M,0.0,0.0,0.43,Sh,1.0,830
8244,2021,1757,5.32,Me,5,2,V,,,,,,830
8245,2021,1757,5.32,Me,5,3,B,,,,,,830
8246,2021,1757,5.32,Me,5,4,V,,,0.71,Sh,2.0,830
8247,2021,1757,5.32,Me,5,5,M,,,,,,830
8248,2021,1758,14.08,Me,6,1,M,1.0,3.0,1.62,Sh,2.0,830
8249,2021,1758,14.08,Me,6,2,V,,,2.19,Sh,4.0,830
8250,2021,1758,14.08,Me,6,3,M,1.0,4.0,2.59,Sh,2.0,830
8251,2021,1758,14.08,Me,6,3,M,0.0,0.0,0.23,Sh,1.0,830
8252,2021,1758,14.08,Me,6,4,V,,,0.48,Sh,5.0,830
8253,2021,1758,14.08,Me,6,5,S,0.0,0.0,,,,830
8254,2021,1758,14.08,Me,6,6,V,,,4.48,Sh,5.0,830
8255,2021,1759,4.73,Sh,1,1,B,,,,,,830
8256,2021,1761,10.53,Me,7,1,B,,,,,,830
8257,2021,1761,10.53,Me,7,2,B,,,,,,830
8258,2021,1761,10.53,Me,7,3,V,,,,,,830
8259,2021,1761,10.53,Me,7,3,V,,,,,,830
8260,2021,1761,10.53,Me,7,4,M,1.0,7.0,0.52,Sh,1.0,830
8261,2021,1761,10.53,Me,7,5,V,,,3.09,Sh,5.0,830
8262,2021,1761,10.53,Me,7,5,V,,,1.05,Sh,3.0,830
8263,2021,1761,10.53,Me,7,5,V,,,4.16,Sh,5.0,830
8264,2021,1761,10.53,Me,7,6,M,0.0,0.0,4.29,Sh,6.0,830
8265,2021,1761,10.53,Me,7,7,V,,,1.89,Sh,5.0,830
8266,2021,1761,10.53,Me,7,7,M,0.0,0.0,1.39,Sh,4.0,830
8267,2021,1761,10.53,Me,7,7,M,0.0,0.0,7.23,Me,7.0,830
8268,2021,1761,10.53,Me,7,7,M,0.0,0.0,4.06,Sh,3.0,830
8269,2021,1762,11.48,Me,7,1,V,,,3.55,Sh,2.0,830
8270,2021,1762,11.48,Me,7,2,B,,,,,,830
8271,2021,1762,11.48,Me,7,3,V,,,,,,830
8272,2021,1762,11.48,Me,7,4,B,,,,,,830
8273,2021,1762,11.48,Me,7,5,S,0.0,0.0,,,,830
8274,2021,1762,11.48,Me,7,6,S,0.0,0.0,,,,830
8275,2021,1762,11.48,Me,7,7,S,0.0,0.0,,,,830
8276,2021,1763,6.76,Me,8,1,V,,,3.75,Sh,6.0,830
8277,2021,1763,6.76,Me,8,2,V,,,,,,830
8278,2021,1763,6.76,Me,8,2,M,0.0,0.0,4.08,Sh,4.0,830
8279,2021,1763,6.76,Me,8,3,B,,,,,,830
8280,2021,1763,6.76,Me,8,4,M,1.0,2.0,3.71,Sh,4.0,830
8281,2021,1763,6.76,Me,8,5,M,0.0,0.0,2.66,Sh,6.0,830
8282,2021,1763,6.76,Me,8,6,B,,,,,,830
8283,2021,1763,6.76,Me,8,7,V,,,2.94,Sh,3.0,830
8284,2021,1763,6.76,Me,8,8,S,0.0,0.0,,,,830
8285,2021,1764,10.23,Me,6,1,B,,,,,,830
8286,2021,1764,10.23,Me,6,2,V,,,0.82,Sh,1.0,830
8287,2021,1764,10.23,Me,6,2,V,,,2.88,Sh,5.0,830
8288,2021,1764,10.23,Me,6,2,V,,,0.11,Sh,2.0,830
8289,2021,1764,10.23,Me,6,3,M,1.0,1.0,3.91,Sh,6.0,830
8290,2021,1764,10.23,Me,6,4,M,1.0,2.0,1.49,Sh,4.0,830
8291,2021,1764,10.23,Me,6,5,B,,,,,,830
8292,2021,1764,10.23,Me,6,6,M,1.0,3.0,5.31,Me,3.0,830
8293,2021,1766,2.22,Sh,4,1,M,0.0,0.0,1.69,Sh,5.0,830
8294,2021,1766,2.22,Sh,4,1,V,,,6.29,Me,4.0,830
8295,2021,1766,2.22,Sh,4,2,B,,,,,,830
8296,2021,1766,2.22,Sh,4,3,V,,,8.45,Me,4.0,830
8297,2021,1766,2.22,Sh,4,4,V,,,8.21,Me,5.0,830
8298,2021,1767,2.57,Sh,4,1,B,,,,,,830
8299,2021,1767,2.57,Sh,4,2,S,0.0,0.0,,,,830
8300,2021,1767,2.57,Sh,4,3,S,0.0,0.0,,,,830
8301,2021,1767,2.57,Sh,4,4,B,,,,,,830
8302,2021,1768,4.43,Sh,1,1,S,0.0,0.0,,,,830
8303,2021,1769,10.7,Me,10,1,V,,,1.7,Sh,5.0,830
8304,2021,1769,10.7,Me,10,2,M,,,,,,830
8305,2021,1769,10.7,Me,10,3,V,,,2.77,Sh,2.0,830
8306,2021,1769,10.7,Me,10,4,M,1.0,2.0,0.19,Sh,2.0,830
8307,2021,1769,10.7,Me,10,5,S,0.0,0.0,,,,830
8308,2021,1769,10.7,Me,10,6,S,0.0,0.0,,,,830
8309,2021,1769,10.7,Me,10,7,M,1.0,2.0,6.26,Me,5.0,830
8310,2021,1769,10.7,Me,10,7,M,0.0,0.0,5.55,Me,1.0,830
8311,2021,1769,10.7,Me,10,8,S,0.0,0.0,,,,830
8312,2021,1769,10.7,Me,10,9,M,0.0,0.0,4.72,Sh,5.0,830
8313,2021,1769,10.7,Me,10,9,M,0.0,0.0,2.46,Sh,4.0,830
8314,2021,1769,10.7,Me,10,10,S,0.0,0.0,,,,830
8315,2021,1770,3.46,Sh,5,1,M,0.0,0.0,2.13,Sh,3.0,830
8316,2021,1770,3.46,Sh,5,1,V,,,,,,830
8317,2021,1770,3.46,Sh,5,1,V,,,0.81,Sh,2.0,830
8318,2021,1770,3.46,Sh,5,1,M,,,,,,830
8319,2021,1770,3.46,Sh,5,2,B,,,,,,830
8320,2021,1770,3.46,Sh,5,3,M,0.0,0.0,2.3,Sh,3.0,830
8321,2021,1770,3.46,Sh,5,3,V,,,1.31,Sh,4.0,830
8322,2021,1770,3.46,Sh,5,4,B,,,,,,830
8323,2021,1770,3.46,Sh,5,5,M,0.0,0.0,7.12,Me,6.0,830
8324,2021,1770,3.46,Sh,5,5,V,,,4.86,Sh,7.0,830
8325,2021,1770,3.46,Sh,5,5,V,,,6.22,Me,8.0,830
8326,2021,1771,3.75,Sh,4,1,V,,,1.01,Sh,2.0,830
8327,2021,1771,3.75,Sh,4,2,B,,,,,,830
8328,2021,1771,3.75,Sh,4,3,S,0.0,0.0,,,,830
8329,2021,1771,3.75,Sh,4,4,M,1.0,6.0,3.59,Sh,4.0,830
8330,2021,1771,3.75,Sh,4,4,M,0.0,0.0,3.53,Sh,5.0,830
8331,2021,1772,3.49,Sh,7,1,V,,,,,,830
8332,2021,1772,3.49,Sh,7,2,V,,,,,,830
8333,2021,1772,3.49,Sh,7,3,V,,,2.45,Sh,2.0,830
8334,2021,1772,3.49,Sh,7,4,M,1.0,2.0,1.05,Sh,3.0,830
8335,2021,1772,3.49,Sh,7,4,V,,,0.53,Sh,2.0,830
8336,2021,1772,3.49,Sh,7,5,S,0.0,0.0,,,,830
8337,2021,1772,3.49,Sh,7,6,M,0.0,0.0,4.87,Sh,3.0,830
8338,2021,1772,3.49,Sh,7,7,V,,,10.18,Me,4.0,830
8339,2021,1773,8.43,Me,8,1,B,,,,,,830
8340,2021,1773,8.43,Me,8,2,S,0.0,0.0,,,,830
8341,2021,1773,8.43,Me,8,3,M,1.0,1.0,3.13,Sh,3.0,830
8342,2021,1773,8.43,Me,8,4,M,0.0,0.0,0.01,Sh,1.0,830
8343,2021,1773,8.43,Me,8,5,S,0.0,0.0,,,,830
8344,2021,1773,8.43,Me,8,6,V,,,4.18,Sh,4.0,830
8345,2021,1773,8.43,Me,8,7,V,,,,,,830
8346,2021,1773,8.43,Me,8,8,S,0.0,0.0,,,,830
8347,2021,1774,4.65,Sh,5,1,B,,,,,,830
8348,2021,1774,4.65,Sh,5,2,V,,,3.87,Sh,8.0,830
8349,2021,1774,4.65,Sh,5,3,S,0.0,0.0,,,,830
8350,2021,1774,4.65,Sh,5,4,S,0.0,0.0,,,,830
8351,2021,1774,4.65,Sh,5,5,S,0.0,0.0,,,,830
8352,2021,1775,5.67,Me,3,1,V,,,2.18,Sh,3.0,830
8353,2021,1775,5.67,Me,3,2,B,,,,,,830
8354,2021,1775,5.67,Me,3,3,V,,,3.51,Sh,3.0,830
8355,2021,1777,5.08,Me,4,1,V,,,,,,830
8356,2021,1777,5.08,Me,4,2,S,0.0,0.0,,,,830
8357,2021,1777,5.08,Me,4,3,M,0.0,0.0,9.98,Me,7.0,830
8358,2021,1777,5.08,Me,4,3,M,0.0,0.0,5.26,Me,4.0,830
8359,2021,1777,5.08,Me,4,4,V,,,4.72,Sh,1.0,830
8360,2021,1777,5.08,Me,4,4,M,0.0,0.0,6.16,Me,8.0,830
8361,2021,1778,5.58,Me,8,1,S,0.0,0.0,,,,830
8362,2021,1778,5.58,Me,8,2,V,,,0.44,Sh,2.0,830
8363,2021,1778,5.58,Me,8,3,M,1.0,4.0,2.41,Sh,2.0,830
8364,2021,1778,5.58,Me,8,4,S,0.0,0.0,,,,830
8365,2021,1778,5.58,Me,8,5,S,0.0,0.0,,,,830
8366,2021,1778,5.58,Me,8,6,V,,,4.67,Sh,5.0,830
8367,2021,1778,5.58,Me,8,7,V,,,4.97,Sh,7.0,830
8368,2021,1778,5.58,Me,8,7,M,0.0,0.0,8.35,Me,7.0,830
8369,2021,1778,5.58,Me,8,8,M,0.0,0.0,6.41,Me,7.0,830
8370,2021,1779,11.42,Me,5,1,V,,,1.11,Sh,3.0,830
8371,2021,1779,11.42,Me,5,2,B,,,,,,830
8372,2021,1779,11.42,Me,5,3,B,,,,,,830
8373,2021,1779,11.42,Me,5,4,B,,,,,,830
8374,2021,1779,11.42,Me,5,5,V,,,7.03,Me,6.0,830
8375,2021,1779,11.42,Me,5,5,M,0.0,0.0,7.32,Me,6.0,830
8376,2021,1780,3.29,Sh,3,1,B,,,,,,830
8377,2021,1780,3.29,Sh,3,2,V,,,0.45,Sh,2.0,830
8378,2021,1780,3.29,Sh,3,2,M,1.0,6.0,5.8,Me,3.0,830
8379,2021,1780,3.29,Sh,3,2,V,,,5.42,Me,7.0,830
8380,2021,1780,3.29,Sh,3,2,M,,,,,,830
8381,2021,1780,3.29,Sh,3,3,V,,,0.75,Sh,2.0,830
8382,2021,1781,4.92,Sh,6,1,V,,,3.14,Sh,5.0,830
8383,2021,1781,4.92,Sh,6,2,B,,,,,,830
8384,2021,1781,4.92,Sh,6,3,S,0.0,0.0,,,,830
8385,2021,1781,4.92,Sh,6,4,V,,,4.05,Sh,6.0,830
8386,2021,1781,4.92,Sh,6,5,M,1.0,4.0,1.51,Sh,2.0,830
8387,2021,1781,4.92,Sh,6,5,V,,,6.75,Me,8.0,830
8388,2021,1781,4.92,Sh,6,5,M,0.0,0.0,1.53,Sh,4.0,830
8389,2021,1781,4.92,Sh,6,6,M,1.0,1.0,5.52,Me,5.0,830
8390,2021,1781,4.92,Sh,6,6,M,0.0,0.0,8.38,Me,5.0,830
8391,2021,1782,4.4,Sh,4,1,B,,,,,,830
8392,2021,1782,4.4,Sh,4,2,V,,,1.18,Sh,3.0,830
8393,2021,1782,4.4,Sh,4,3,V,,,5.65,Me,5.0,830
8394,2021,1782,4.4,Sh,4,4,S,0.0,0.0,,,,830
8395,2021,1783,7.04,Me,4,1,V,,,,,,830
8396,2021,1783,7.04,Me,4,1,V,,,4.63,Sh,4.0,830
8397,2021,1783,7.04,Me,4,2,B,,,,,,830
8398,2021,1783,7.04,Me,4,3,S,0.0,0.0,,,,830
8399,2021,1783,7.04,Me,4,4,V,,,2.82,Sh,3.0,830
8400,2021,1784,9.21,Me,7,1,M,0.0,0.0,1.5,Sh,1.0,830
8401,2021,1784,9.21,Me,7,2,V,,,1.26,Sh,5.0,830
8402,2021,1784,9.21,Me,7,3,B,,,,,,830
8403,2021,1784,9.21,Me,7,4,S,0.0,0.0,,,,830
8404,2021,1784,9.21,Me,7,5,S,0.0,0.0,,,,830
8405,2021,1784,9.21,Me,7,6,S,0.0,0.0,,,,830
8406,2021,1784,9.21,Me,7,7,M,0.0,0.0,6.96,Me,4.0,830
8407,2021,1785,3.64,Sh,8,1,V,,,,,,830
8408,2021,1785,3.64,Sh,8,2,V,,,,,,830
8409,2021,1785,3.64,Sh,8,3,V,,,1.66,Sh,3.0,830
8410,2021,1785,3.64,Sh,8,3,M,0.0,0.0,1.14,Sh,4.0,830
8411,2021,1785,3.64,Sh,8,3,V,,,2.96,Sh,4.0,830
8412,2021,1785,3.64,Sh,8,4,V,,,4.63,Sh,4.0,830
8413,2021,1785,3.64,Sh,8,5,V,,,0.88,Sh,3.0,830
8414,2021,1785,3.64,Sh,8,6,M,1.0,5.0,6.18,Me,5.0,830
8415,2021,1785,3.64,Sh,8,6,M,1.0,4.0,3.44,Sh,3.0,830
8416,2021,1785,3.64,Sh,8,7,M,0.0,0.0,4.18,Sh,4.0,830
8417,2021,1785,3.64,Sh,8,7,M,0.0,0.0,1.3,Sh,1.0,830
8418,2021,1785,3.64,Sh,8,7,V,,,0.84,Sh,4.0,830
8419,2021,1785,3.64,Sh,8,7,V,,,,,,830
8420,2021,1785,3.64,Sh,8,8,M,1.0,2.0,1.48,Sh,4.0,830
8421,2021,1788,6.02,Me,8,1,B,,,,,,830
8422,2021,1788,6.02,Me,8,2,B,,,,,,830
8423,2021,1788,6.02,Me,8,3,S,0.0,0.0,,,,830
8424,2021,1788,6.02,Me,8,4,S,0.0,0.0,,,,830
8425,2021,1788,6.02,Me,8,5,M,0.0,0.0,2.39,Sh,2.0,830
8426,2021,1788,6.02,Me,8,5,V,,,3.41,Sh,4.0,830
8427,2021,1788,6.02,Me,8,6,M,0.0,0.0,1.68,Sh,2.0,830
8428,2021,1788,6.02,Me,8,7,M,0.0,0.0,1.84,Sh,4.0,830
8429,2021,1788,6.02,Me,8,8,M,0.0,0.0,6.52,Me,8.0,830
8430,2021,1788,6.02,Me,8,8,V,,,,,,830
8431,2021,1788,6.02,Me,8,8,M,0.0,0.0,4.67,Sh,6.0,830
8432,2021,1789,7.38,Me,7,1,V,,,,,,830
8433,2021,1789,7.38,Me,7,2,B,,,,,,830
8434,2021,1789,7.38,Me,7,3,V,,,2.8,Sh,1.0,830
8435,2021,1789,7.38,Me,7,3,V,,,,,,830
8436,2021,1789,7.38,Me,7,4,M,0.0,0.0,1.64,Sh,3.0,830
8437,2021,1789,7.38,Me,7,4,V,,,8.15,Me,9.0,830
8438,2021,1789,7.38,Me,7,5,V,,,0.53,Sh,4.0,830
8439,2021,1789,7.38,Me,7,6,M,1.0,5.0,4.9,Sh,4.0,830
8440,2021,1789,7.38,Me,7,7,M,1.0,3.0,5.09,Me,4.0,830
8441,2021,1789,7.38,Me,7,7,V,,,11.18,Me,4.0,830
8442,2021,1790,0.59,Sh,1,1,M,0.0,0.0,1.26,Sh,1.0,830
8443,2021,1794,3.85,Sh,3,1,B,,,,,,830
8444,2021,1794,3.85,Sh,3,2,M,0.0,0.0,2.01,Sh,5.0,830
8445,2021,1794,3.85,Sh,3,3,V,,,0.96,Sh,3.0,830
8446,2021,1794,3.85,Sh,3,3,V,,,1.87,Sh,2.0,830
8447,2021,1794,3.85,Sh,3,3,M,0.0,0.0,0.4,Sh,3.0,830
8448,2021,1796,6.15,Me,4,1,B,,,,,,830
8449,2021,1796,6.15,Me,4,2,B,,,,,,830
8450,2021,1796,6.15,Me,4,3,S,0.0,0.0,,,,830
8451,2021,1796,6.15,Me,4,4,V,,,8.0,Me,8.0,830
8452,2021,1796,6.15,Me,4,4,M,0.0,0.0,6.71,Me,7.0,830
8453,2021,1797,4.42,Sh,3,1,B,,,,,,830
8454,2021,1797,4.42,Sh,3,2,S,0.0,0.0,,,,830
8455,2021,1797,4.42,Sh,3,3,B,,,,,,830
8456,2021,1798,4.37,Sh,5,1,B,,,,,,830
8457,2021,1798,4.37,Sh,5,2,B,,,,,,830
8458,2021,1798,4.37,Sh,5,3,S,0.0,0.0,,,,830
8459,2021,1798,4.37,Sh,5,4,M,0.0,0.0,2.43,Sh,1.0,830
8460,2021,1798,4.37,Sh,5,5,M,0.0,0.0,7.5,Me,6.0,830
8461,2021,1798,4.37,Sh,5,5,V,,,5.29,Me,5.0,830
8462,2021,1799,1.7,Sh,1,1,V,,,1.51,Sh,4.0,830
8463,2021,1800,2.84,Sh,3,1,V,,,,,,830
8464,2021,1800,2.84,Sh,3,1,V,,,4.3,Sh,5.0,830
8465,2021,1800,2.84,Sh,3,2,M,0.0,0.0,8.01,Me,7.0,830
8466,2021,1800,2.84,Sh,3,3,B,,,,,,830
8467,2021,1802,0.51,Sh,2,1,M,0.0,0.0,4.44,Sh,1.0,830
8468,2021,1802,0.51,Sh,2,1,V,,,0.1,Sh,3.0,830
8469,2021,1802,0.51,Sh,2,2,S,0.0,0.0,,,,830
8470,2021,1804,3.18,Sh,6,1,V,,,,,,830
8471,2021,1804,3.18,Sh,6,2,V,,,0.4,Sh,2.0,830
8472,2021,1804,3.18,Sh,6,3,V,,,1.19,Sh,3.0,830
8473,2021,1804,3.18,Sh,6,4,V,,,3.56,Sh,2.0,830
8474,2021,1804,3.18,Sh,6,4,M,,,,,,830
8475,2021,1804,3.18,Sh,6,5,M,,,,,,830
8476,2021,1804,3.18,Sh,6,6,S,0.0,0.0,,,,830
8477,2021,1804,2.14,Sh,1,1,M,1.0,5.0,0.44,Sh,3.0,830
8478,2021,1804,2.14,Sh,1,1,V,,,4.64,Sh,6.0,830
8479,2021,1804,1.53,Sh,5,1,M,0.0,0.0,0.64,Sh,1.0,830
8480,2021,1804,1.53,Sh,5,1,M,0.0,0.0,2.32,Sh,1.0,830
8481,2021,1804,1.53,Sh,5,1,V,,,0.98,Sh,3.0,830
8482,2021,1804,1.53,Sh,5,2,V,,,0.76,Sh,1.0,830
8483,2021,1804,1.53,Sh,5,3,S,0.0,0.0,,,,830
8484,2021,1804,1.53,Sh,5,4,M,,,,,,830
8485,2021,1804,1.53,Sh,5,5,M,0.0,0.0,1.44,Sh,2.0,830
8486,2021,1806,7.0,Me,3,1,B,,,,,,830
8487,2021,1806,7.0,Me,3,2,M,1.0,5.0,2.7,Sh,3.0,830
8488,2021,1806,7.0,Me,3,3,M,0.0,0.0,1.67,Sh,2.0,830
8489,2021,1807,7.93,Me,7,1,V,,,,,,830
8490,2021,1807,7.93,Me,7,2,S,0.0,0.0,,,,830
8491,2021,1807,7.93,Me,7,3,V,,,0.15,Sh,3.0,830
8492,2021,1807,7.93,Me,7,4,S,0.0,0.0,,,,830
8493,2021,1807,7.93,Me,7,5,V,,,3.34,Sh,6.0,830
8494,2021,1807,7.93,Me,7,5,M,1.0,3.0,2.92,Sh,2.0,830
8495,2021,1807,7.93,Me,7,6,V,,,5.49,Me,5.0,830
8496,2021,1807,7.93,Me,7,6,M,0.0,0.0,2.69,Sh,2.0,830
8497,2021,1807,7.93,Me,7,7,M,0.0,0.0,9.31,Me,8.0,830
8498,2021,1808,7.68,Me,7,1,V,,,1.72,Sh,1.0,830
8499,2021,1808,7.68,Me,7,1,V,,,3.95,Sh,4.0,830
8500,2021,1808,7.68,Me,7,2,B,,,,,,830
8501,2021,1808,7.68,Me,7,3,V,,,1.66,Sh,3.0,830
8502,2021,1808,7.68,Me,7,4,V,,,,,,830
8503,2021,1808,7.68,Me,7,5,V,,,6.0,Me,4.0,830
8504,2021,1808,7.68,Me,7,6,V,,,3.43,Sh,4.0,830
8505,2021,1808,7.68,Me,7,6,M,1.0,1.0,10.32,Me,5.0,830
8506,2021,1808,7.68,Me,7,6,M,0.0,0.0,2.56,Sh,4.0,830
8507,2021,1808,7.68,Me,7,7,V,,,3.38,Sh,4.0,830
8508,2021,1809,4.64,Sh,7,1,M,,,,,,830
8509,2021,1809,4.64,Sh,7,1,V,,,,,,830
8510,2021,1809,4.64,Sh,7,2,B,,,,,,830
8511,2021,1809,4.64,Sh,7,3,V,,,,,,830
8512,2021,1809,4.64,Sh,7,4,M,1.0,3.0,2.32,Sh,4.0,830
8513,2021,1809,4.64,Sh,7,5,M,0.0,0.0,0.36,Sh,3.0,830
8514,2021,1809,4.64,Sh,7,6,V,,,2.1,Sh,3.0,830
8515,2021,1809,4.64,Sh,7,6,M,0.0,0.0,2.89,Sh,1.0,830
8516,2021,1809,4.64,Sh,7,6,M,0.0,0.0,3.23,Sh,5.0,830
8517,2021,1809,4.64,Sh,7,7,M,0.0,0.0,5.54,Me,7.0,830
8518,2021,1809,4.64,Sh,7,7,M,0.0,0.0,4.37,Sh,6.0,830
8519,2021,1810,0.91,Sh,1,1,V,,,2.81,Sh,4.0,830
8520,2021,1811,4.88,Sh,4,1,B,,,,,,830
8521,2021,1811,4.88,Sh,4,2,M,0.0,0.0,6.69,Me,6.0,830
8522,2021,1811,4.88,Sh,4,2,V,,,,,,830
8523,2021,1811,4.88,Sh,4,3,V,,,1.66,Sh,1.0,830
8524,2021,1811,4.88,Sh,4,4,V,,,3.22,Sh,4.0,830
8525,2021,1813,4.72,Sh,4,1,V,,,0.27,Sh,2.0,830
8526,2021,1813,4.72,Sh,4,1,V,,,1.09,Sh,5.0,830
8527,2021,1813,4.72,Sh,4,2,M,0.0,0.0,2.5,Sh,5.0,830
8528,2021,1813,4.72,Sh,4,2,V,,,,,,830
8529,2021,1813,4.72,Sh,4,3,S,0.0,0.0,,,,830
8530,2021,1813,4.72,Sh,4,4,B,,,,,,830
8531,2021,1815,5.15,Me,8,1,S,0.0,0.0,,,,830
8532,2021,1815,5.15,Me,8,2,B,,,,,,830
8533,2021,1815,5.15,Me,8,3,V,,,,,,830
8534,2021,1815,5.15,Me,8,4,S,0.0,0.0,,,,830
8535,2021,1815,5.15,Me,8,5,M,1.0,4.0,1.11,Sh,3.0,830
8536,2021,1815,5.15,Me,8,6,S,0.0,0.0,,,,830
8537,2021,1815,5.15,Me,8,7,M,0.0,0.0,5.44,Me,5.0,830
8538,2021,1815,5.15,Me,8,7,V,,,1.77,Sh,1.0,830
8539,2021,1815,5.15,Me,8,7,V,,,5.49,Me,4.0,830
8540,2021,1815,5.15,Me,8,8,M,0.0,0.0,2.29,Sh,4.0,830
8541,2021,1815,5.15,Me,8,8,M,0.0,0.0,2.0,Sh,3.0,830
8542,2021,1816,2.62,Sh,3,1,M,,,,,,830
8543,2021,1816,2.62,Sh,3,2,S,0.0,0.0,,,,830
8544,2021,1816,2.62,Sh,3,3,V,,,3.91,Sh,1.0,830
8545,2021,1817,3.52,Sh,4,1,B,,,,,,830
8546,2021,1817,3.52,Sh,4,2,V,,,5.29,Me,4.0,830
8547,2021,1817,3.52,Sh,4,2,V,,,5.36,Me,7.0,830
8548,2021,1817,3.52,Sh,4,2,V,,,,,,830
8549,2021,1817,3.52,Sh,4,2,M,0.0,0.0,2.12,Sh,5.0,830
8550,2021,1817,3.52,Sh,4,2,V,,,3.47,Sh,5.0,830
8551,2021,1817,3.52,Sh,4,3,V,,,3.82,Sh,3.0,830
8552,2021,1817,3.52,Sh,4,4,V,,,6.69,Me,4.0,830
8553,2021,1817,3.52,Sh,4,4,M,0.0,0.0,4.5,Sh,4.0,830
8554,2021,1818,2.09,Sh,2,1,V,,,,,,830
8555,2021,1818,2.09,Sh,2,2,S,0.0,0.0,,,,830
8556,2021,1820,5.72,Me,6,1,B,,,,,,830
8557,2021,1820,5.72,Me,6,2,B,,,,,,830
8558,2021,1820,5.72,Me,6,3,M,0.0,0.0,1.72,Sh,1.0,830
8559,2021,1820,5.72,Me,6,3,M,0.0,0.0,3.48,Sh,3.0,830
8560,2021,1820,5.72,Me,6,4,M,1.0,2.0,2.48,Sh,3.0,830
8561,2021,1820,5.72,Me,6,5,S,0.0,0.0,,,,830
8562,2021,1820,5.72,Me,6,6,V,,,4.71,Sh,6.0,830
8563,2021,1822,1.17,Sh,2,1,M,1.0,3.0,1.73,Sh,4.0,830
8564,2021,1822,1.17,Sh,2,2,V,,,1.64,Sh,3.0,830
8565,2021,1823,3.12,Sh,2,1,V,,,,,,830
8566,2021,1823,3.12,Sh,2,2,V,,,,,,830
8567,2021,1824,1.3,Sh,3,1,S,0.0,0.0,,,,830
8568,2021,1824,1.3,Sh,3,2,M,1.0,2.0,4.92,Sh,5.0,830
8569,2021,1824,1.3,Sh,3,3,M,0.0,0.0,7.94,Me,4.0,830
8570,2021,1824,1.18,Sh,1,1,V,,,2.43,Sh,7.0,830
8571,2021,1824,1.18,Sh,1,1,V,,,0.52,Sh,4.0,830
8572,2021,1824,0.8,Sh,1,1,B,,,,,,830
8573,2021,1825,3.29,Sh,4,1,B,,,,,,830
8574,2021,1825,3.29,Sh,4,2,V,,,4.78,Sh,5.0,830
8575,2021,1825,3.29,Sh,4,2,V,,,2.05,Sh,2.0,830
8576,2021,1825,3.29,Sh,4,2,V,,,1.38,Sh,7.0,830
8577,2021,1825,3.29,Sh,4,3,S,0.0,0.0,,,,830
8578,2021,1825,3.29,Sh,4,4,S,0.0,0.0,,,,830
8579,2021,1826,5.21,Me,3,1,S,0.0,0.0,,,,830
8580,2021,1826,5.21,Me,3,2,V,,,2.98,Sh,4.0,830
8581,2021,1826,5.21,Me,3,3,S,0.0,0.0,,,,830
8582,2021,1827,0.98,Sh,2,1,B,,,,,,830
8583,2021,1827,0.98,Sh,2,2,V,,,2.11,Sh,3.0,830
8584,2021,1828,0.83,Sh,1,1,V,,,3.17,Sh,5.0,830
8585,2021,1829,5.7,Me,7,1,B,,,,,,830
8586,2021,1829,5.7,Me,7,2,M,0.0,0.0,7.42,Me,5.0,830
8587,2021,1829,5.7,Me,7,3,B,,,,,,830
8588,2021,1829,5.7,Me,7,4,S,0.0,0.0,,,,830
8589,2021,1829,5.7,Me,7,5,V,,,7.82,Me,9.0,830
8590,2021,1829,5.7,Me,7,5,M,1.0,2.0,1.8,Sh,2.0,830
8591,2021,1829,5.7,Me,7,6,V,,,6.58,Me,8.0,830
8592,2021,1829,5.7,Me,7,6,M,1.0,2.0,1.8,Sh,5.0,830
8593,2021,1829,5.7,Me,7,7,S,0.0,0.0,,,,830
8594,2021,1830,2.67,Sh,5,1,B,,,,,,830
8595,2021,1830,2.67,Sh,5,2,V,,,,,,830
8596,2021,1830,2.67,Sh,5,3,V,,,,,,830
8597,2021,1830,2.67,Sh,5,4,V,,,,,,830
8598,2021,1830,2.67,Sh,5,4,M,0.0,0.0,4.02,Sh,5.0,830
8599,2021,1830,2.67,Sh,5,4,V,,,0.86,Sh,1.0,830
8600,2021,1830,2.67,Sh,5,5,V,,,3.79,Sh,6.0,830
8601,2021,1832,0.57,Sh,2,1,V,,,0.86,Sh,2.0,830
8602,2021,1832,0.57,Sh,2,2,V,,,2.19,Sh,3.0,830
8603,2021,1833,1.66,Sh,1,1,V,,,2.43,Sh,2.0,830
8604,2021,1833,0.67,Sh,2,1,B,,,,,,830
8605,2021,1833,0.67,Sh,2,2,B,,,,,,830
8606,2021,1837,3.99,Sh,5,1,M,0.0,0.0,0.2,Sh,4.0,830
8607,2021,1837,3.99,Sh,5,2,B,,,,,,830
8608,2021,1837,3.99,Sh,5,3,M,0.0,0.0,1.01,Sh,1.0,830
8609,2021,1837,3.99,Sh,5,3,M,0.0,0.0,0.22,Sh,5.0,830
8610,2021,1837,3.99,Sh,5,4,M,,,,,,830
8611,2021,1837,3.99,Sh,5,4,M,0.0,0.0,6.03,Me,4.0,830
8612,2021,1837,3.99,Sh,5,4,M,1.0,2.0,0.92,Sh,1.0,830
8613,2021,1837,3.99,Sh,5,5,M,0.0,0.0,1.07,Sh,1.0,830
8614,2021,1837,3.99,Sh,5,5,M,,,,,,830
8615,2021,1838,2.92,Sh,3,1,V,,,2.94,Sh,2.0,830
8616,2021,1838,2.92,Sh,3,2,S,0.0,0.0,,,,830
8617,2021,1838,2.92,Sh,3,3,V,,,4.36,Sh,3.0,830
8618,2021,1838,2.36,Sh,5,1,B,,,,,,830
8619,2021,1838,2.36,Sh,5,2,V,,,,,,830
8620,2021,1838,2.36,Sh,5,3,V,,,4.39,Sh,4.0,830
8621,2021,1838,2.36,Sh,5,4,V,,,0.1,Sh,2.0,830
8622,2021,1838,2.36,Sh,5,5,S,0.0,0.0,,,,830
8623,2021,1838,2.58,Sh,3,1,B,,,,,,830
8624,2021,1838,2.58,Sh,3,2,B,,,,,,830
8625,2021,1838,2.58,Sh,3,3,V,,,,,,830
8626,2021,1839,3.14,Sh,6,1,V,,,,,,830
8627,2021,1839,3.14,Sh,6,2,M,1.0,1.0,4.05,Sh,3.0,830
8628,2021,1839,3.14,Sh,6,3,V,,,2.16,Sh,5.0,830
8629,2021,1839,3.14,Sh,6,4,S,0.0,0.0,,,,830
8630,2021,1839,3.14,Sh,6,5,S,0.0,0.0,,,,830
8631,2021,1839,3.14,Sh,6,6,M,0.0,0.0,8.6,Me,4.0,830
8632,2021,1839,3.14,Sh,6,6,M,0.0,0.0,6.54,Me,4.0,830
8633,2021,1841,1.77,Sh,4,1,B,,,,,,830
8634,2021,1841,1.77,Sh,4,2,B,,,,,,830
8635,2021,1841,1.77,Sh,4,3,V,,,2.71,Sh,5.0,830
8636,2021,1841,1.77,Sh,4,4,S,0.0,0.0,,,,830
8637,2021,1842,8.15,Me,1,1,V,,,,,,830
8638,2021,1844,1.88,Sh,2,1,B,,,,,,830
8639,2021,1844,1.88,Sh,2,2,B,,,,,,830
8640,2021,1845,1.37,Sh,3,1,V,,,2.91,Sh,5.0,830
8641,2021,1845,1.37,Sh,3,2,B,,,,,,830
8642,2021,1845,1.37,Sh,3,3,M,1.0,4.0,2.7,Sh,3.0,830
8643,2021,1846,2.31,Sh,5,1,V,,,1.28,Sh,3.0,830
8644,2021,1846,2.31,Sh,5,2,V,,,5.26,Me,5.0,830
8645,2021,1846,2.31,Sh,5,3,M,,,,,,830
8646,2021,1846,2.31,Sh,5,4,V,,,0.78,Sh,2.0,830
8647,2021,1846,2.31,Sh,5,4,V,,,4.35,Sh,5.0,830
8648,2021,1846,2.31,Sh,5,4,V,,,7.55,Me,6.0,830
8649,2021,1846,2.31,Sh,5,5,V,,,3.73,Sh,4.0,830
8650,2021,1847,2.28,Sh,1,1,V,,,2.48,Sh,1.0,830
8651,2021,1848,0.4,Sh,2,1,B,,,,,,830
8652,2021,1848,0.4,Sh,2,2,S,0.0,0.0,,,,830
8653,2021,1849,7.65,Me,5,1,S,0.0,0.0,,,,830
8654,2021,1849,7.65,Me,5,2,S,0.0,0.0,,,,830
8655,2021,1849,7.65,Me,5,3,S,0.0,0.0,,,,830
8656,2021,1849,7.65,Me,5,4,B,,,,,,830
8657,2021,1849,7.65,Me,5,5,M,0.0,0.0,5.8,Me,4.0,830
8658,2021,1850,1.59,Sh,4,1,V,,,2.29,Sh,1.0,830
8659,2021,1850,1.59,Sh,4,1,V,,,3.56,Sh,5.0,830
8660,2021,1850,1.59,Sh,4,1,V,,,3.63,Sh,3.0,830
8661,2021,1850,1.59,Sh,4,1,M,0.0,0.0,2.18,Sh,4.0,830
8662,2021,1850,1.59,Sh,4,2,M,1.0,2.0,0.22,Sh,2.0,830
8663,2021,1850,1.59,Sh,4,3,B,,,,,,830
8664,2021,1850,1.59,Sh,4,4,V,,,6.81,Me,7.0,830
8665,2021,1850,1.59,Sh,4,4,M,1.0,6.0,0.96,Sh,4.0,830
8666,2021,1851,4.58,Sh,6,1,V,,,1.11,Sh,3.0,830
8667,2021,1851,4.58,Sh,6,1,V,,,2.63,Sh,4.0,830
8668,2021,1851,4.58,Sh,6,2,B,,,,,,830
8669,2021,1851,4.58,Sh,6,3,V,,,0.77,Sh,1.0,830
8670,2021,1851,4.58,Sh,6,4,M,1.0,1.0,0.25,Sh,2.0,830
8671,2021,1851,4.58,Sh,6,4,M,0.0,0.0,8.49,Me,8.0,830
8672,2021,1851,4.58,Sh,6,5,S,0.0,0.0,,,,830
8673,2021,1851,4.58,Sh,6,6,M,0.0,0.0,6.92,Me,3.0,830
8674,2021,1855,2.62,Sh,1,1,B,,,,,,830
8675,2021,1856,1.85,Sh,2,1,S,0.0,0.0,,,,830
8676,2021,1856,1.85,Sh,2,2,V,,,1.29,Sh,3.0,830
8677,2021,1857,9.25,Me,10,1,B,,,,,,830
8678,2021,1857,9.25,Me,10,2,V,,,,,,830
8679,2021,1857,9.25,Me,10,3,M,,,,,,830
8680,2021,1857,9.25,Me,10,4,S,0.0,0.0,,,,830
8681,2021,1857,9.25,Me,10,5,V,,,1.33,Sh,2.0,830
8682,2021,1857,9.25,Me,10,5,V,,,4.48,Sh,7.0,830
8683,2021,1857,9.25,Me,10,6,S,0.0,0.0,,,,830
8684,2021,1857,9.25,Me,10,7,S,0.0,0.0,,,,830
8685,2021,1857,9.25,Me,10,8,S,0.0,0.0,,,,830
8686,2021,1857,9.25,Me,10,9,M,0.0,0.0,3.46,Sh,4.0,830
8687,2021,1857,9.25,Me,10,9,M,1.0,4.0,4.34,Sh,3.0,830
8688,2021,1857,9.25,Me,10,10,V,,,11.13,Me,10.0,830
8689,2021,1861,2.03,Sh,4,1,M,0.0,0.0,2.0,Sh,2.0,830
8690,2021,1861,2.03,Sh,4,2,B,,,,,,830
8691,2021,1861,2.03,Sh,4,3,S,0.0,0.0,,,,830
8692,2021,1861,2.03,Sh,4,4,M,0.0,0.0,0.49,Sh,1.0,830
8693,2021,1861,2.03,Sh,4,4,M,1.0,4.0,11.88,Me,8.0,830
8694,2021,1862,1.19,Sh,2,1,B,,,,,,830
8695,2021,1862,1.19,Sh,2,2,B,,,,,,830
8696,2021,1863,4.07,Sh,4,1,V,,,0.58,Sh,1.0,830
8697,2021,1863,4.07,Sh,4,2,V,,,4.52,Sh,3.0,830
8698,2021,1863,4.07,Sh,4,2,V,,,3.24,Sh,3.0,830
8699,2021,1863,4.07,Sh,4,3,M,0.0,0.0,3.26,Sh,2.0,830
8700,2021,1863,4.07,Sh,4,4,V,,,7.97,Me,5.0,830
8701,2021,1864,2.69,Sh,2,1,S,0.0,0.0,,,,830
8702,2021,1864,2.69,Sh,2,2,S,0.0,0.0,,,,830
8703,2021,1865,12.17,Me,11,1,B,,,,,,830
8704,2021,1865,12.17,Me,11,2,V,,,3.08,Sh,4.0,830
8705,2021,1865,12.17,Me,11,3,M,1.0,1.0,2.07,Sh,2.0,830
8706,2021,1865,12.17,Me,11,4,S,0.0,0.0,,,,830
8707,2021,1865,12.17,Me,11,5,S,0.0,0.0,,,,830
8708,2021,1865,12.17,Me,11,6,S,0.0,0.0,,,,830
8709,2021,1865,12.17,Me,11,7,M,1.0,3.0,0.68,Sh,3.0,830
8710,2021,1865,12.17,Me,11,8,S,0.0,0.0,,,,830
8711,2021,1865,12.17,Me,11,9,V,,,4.07,Sh,4.0,830
8712,2021,1865,12.17,Me,11,9,M,1.0,6.0,0.69,Sh,2.0,830
8713,2021,1865,12.17,Me,11,10,M,1.0,3.0,3.17,Sh,2.0,830
8714,2021,1865,12.17,Me,11,11,M,1.0,1.0,4.34,Sh,6.0,830
8715,2021,1869,2.41,Sh,3,1,S,0.0,0.0,,,,830
8716,2021,1869,2.41,Sh,3,2,V,,,,,,830
8717,2021,1869,2.41,Sh,3,3,V,,,0.68,Sh,1.0,830
8718,2021,1869,2.41,Sh,3,3,V,,,0.32,Sh,2.0,830
8719,2021,1870,2.78,Sh,3,1,B,,,,,,830
8720,2021,1870,2.78,Sh,3,2,S,0.0,0.0,,,,830
8721,2021,1870,2.78,Sh,3,3,M,1.0,3.0,4.68,Sh,2.0,830
8722,2021,1870,4.27,Sh,5,1,V,,,1.37,Sh,1.0,830
8723,2021,1870,4.27,Sh,5,2,M,1.0,3.0,2.36,Sh,3.0,830
8724,2021,1870,4.27,Sh,5,2,M,,,,,,830
8725,2021,1870,4.27,Sh,5,2,V,,,6.23,Me,3.0,830
8726,2021,1870,4.27,Sh,5,3,M,,,,,,830
8727,2021,1870,4.27,Sh,5,4,V,,,1.27,Sh,4.0,830
8728,2021,1870,4.27,Sh,5,5,V,,,6.12,Me,6.0,830
8729,2021,1871,3.95,Sh,4,1,B,,,,,,830
8730,2021,1871,3.95,Sh,4,2,S,0.0,0.0,,,,830
8731,2021,1871,3.95,Sh,4,3,B,,,,,,830
8732,2021,1871,3.95,Sh,4,4,M,0.0,0.0,7.51,Me,6.0,830
8733,2021,1871,3.95,Sh,4,4,V,,,4.21,Sh,2.0,830
8734,2021,1872,5.67,Me,4,1,V,,,0.43,Sh,1.0,830
8735,2021,1872,5.67,Me,4,2,B,,,,,,830
8736,2021,1872,5.67,Me,4,3,V,,,6.02,Me,7.0,830
8737,2021,1872,5.67,Me,4,4,S,0.0,0.0,,,,830
8738,2021,1873,0.55,Sh,2,1,B,,,,,,830
8739,2021,1873,0.55,Sh,2,2,S,0.0,0.0,,,,830
8740,2021,1874,3.25,Sh,5,1,B,,,,,,830
8741,2021,1874,3.25,Sh,5,2,V,,,,,,830
8742,2021,1874,3.25,Sh,5,3,M,1.0,2.0,2.64,Sh,2.0,830
8743,2021,1874,3.25,Sh,5,4,B,,,,,,830
8744,2021,1874,3.25,Sh,5,5,M,0.0,0.0,5.24,Me,6.0,830
8745,2021,1874,3.25,Sh,5,5,V,,,8.54,Me,6.0,830
8746,2021,1875,2.87,Sh,1,1,B,,,,,,830
8747,2021,1876,7.37,Me,3,1,V,,,3.88,Sh,4.0,830
8748,2021,1876,7.37,Me,3,1,V,,,2.68,Sh,5.0,830
8749,2021,1876,7.37,Me,3,1,V,,,,,,830
8750,2021,1876,7.37,Me,3,2,B,,,,,,830
8751,2021,1876,7.37,Me,3,3,B,,,,,,830
8752,2021,1877,6.75,Me,4,1,M,0.0,0.0,1.24,Sh,2.0,830
8753,2021,1877,6.75,Me,4,1,V,,,1.27,Sh,4.0,830
8754,2021,1877,6.75,Me,4,1,M,0.0,0.0,0.41,Sh,4.0,830
8755,2021,1877,6.75,Me,4,2,V,,,1.09,Sh,1.0,830
8756,2021,1877,6.75,Me,4,3,V,,,5.02,Me,4.0,830
8757,2021,1877,6.75,Me,4,4,V,,,4.05,Sh,5.0,830
8758,2021,1877,6.75,Me,4,4,V,,,,,,830
8759,2021,1878,8.59,Me,8,1,B,,,,,,830
8760,2021,1878,8.59,Me,8,2,M,1.0,2.0,6.22,Me,7.0,830
8761,2021,1878,8.59,Me,8,3,S,0.0,0.0,,,,830
8762,2021,1878,8.59,Me,8,4,V,,,6.7,Me,4.0,830
8763,2021,1878,8.59,Me,8,5,V,,,2.32,Sh,3.0,830
8764,2021,1878,8.59,Me,8,5,V,,,3.14,Sh,2.0,830
8765,2021,1878,8.59,Me,8,6,M,0.0,0.0,1.62,Sh,5.0,830
8766,2021,1878,8.59,Me,8,7,V,,,1.82,Sh,1.0,830
8767,2021,1878,8.59,Me,8,8,S,0.0,0.0,,,,830
8768,2021,1880,5.94,Me,5,1,V,,,1.11,Sh,3.0,830
8769,2021,1880,5.94,Me,5,1,V,,,,,,830
8770,2021,1880,5.94,Me,5,1,V,,,0.82,Sh,3.0,830
8771,2021,1880,5.94,Me,5,2,V,,,2.01,Sh,2.0,830
8772,2021,1880,5.94,Me,5,2,V,,,2.35,Sh,5.0,830
8773,2021,1880,5.94,Me,5,2,V,,,,,,830
8774,2021,1880,5.94,Me,5,2,M,0.0,0.0,3.65,Sh,1.0,830
8775,2021,1880,5.94,Me,5,3,S,0.0,0.0,,,,830
8776,2021,1880,5.94,Me,5,4,M,1.0,5.0,7.77,Me,9.0,830
8777,2021,1880,5.94,Me,5,5,M,1.0,5.0,7.71,Me,6.0,830
8778,2021,1880,5.94,Me,5,5,M,0.0,0.0,4.07,Sh,3.0,830
8779,2021,1882,2.38,Sh,3,1,B,,,,,,830
8780,2021,1882,2.38,Sh,3,2,M,0.0,0.0,1.22,Sh,1.0,830
8781,2021,1882,2.38,Sh,3,3,V,,,6.17,Me,5.0,830
8782,2021,1883,1.96,Sh,3,1,V,,,,,,830
8783,2021,1883,1.96,Sh,3,2,M,,,,,,830
8784,2021,1883,1.96,Sh,3,2,V,,,1.96,Sh,4.0,830
8785,2021,1883,1.96,Sh,3,3,B,,,,,,830
8786,2021,1885,0.59,Sh,1,1,S,0.0,0.0,,,,830
8787,2021,1886,4.38,Sh,5,1,V,,,,,,830
8788,2021,1886,4.38,Sh,5,2,M,,,,,,830
8789,2021,1886,4.38,Sh,5,2,V,,,7.11,Me,9.0,830
8790,2021,1886,4.38,Sh,5,2,V,,,2.15,Sh,2.0,830
8791,2021,1886,4.38,Sh,5,3,B,,,,,,830
8792,2021,1886,4.38,Sh,5,4,M,0.0,0.0,0.77,Sh,1.0,830
8793,2021,1886,4.38,Sh,5,4,V,,,0.46,Sh,2.0,830
8794,2021,1886,4.38,Sh,5,5,M,,,,,,830
8795,2021,1887,4.87,Sh,4,1,B,,,,,,830
8796,2021,1887,4.87,Sh,4,2,V,,,1.17,Sh,1.0,830
8797,2021,1887,4.87,Sh,4,3,S,0.0,0.0,,,,830
8798,2021,1887,4.87,Sh,4,4,M,1.0,1.0,8.42,Me,5.0,830
8799,2021,1888,1.97,Sh,4,1,V,,,1.54,Sh,8.0,830
8800,2021,1888,1.97,Sh,4,2,B,,,,,,830
8801,2021,1888,1.97,Sh,4,3,B,,,,,,830
8802,2021,1888,1.97,Sh,4,4,M,0.0,0.0,3.18,Sh,2.0,830
8803,2021,1888,2.21,Sh,3,1,B,,,,,,830
8804,2021,1888,2.21,Sh,3,2,B,,,,,,830
8805,2021,1888,2.21,Sh,3,3,V,,,5.72,Me,4.0,830
8806,2021,1888,2.21,Sh,3,3,M,1.0,1.0,3.57,Sh,3.0,830
8807,2021,1888,2.21,Sh,3,3,M,0.0,0.0,0.39,Sh,4.0,830
8808,2021,1889,1.13,Sh,3,1,V,,,1.52,Sh,2.0,830
8809,2021,1889,1.13,Sh,3,2,M,,,,,,830
8810,2021,1889,1.13,Sh,3,3,S,0.0,0.0,,,,830
8811,2021,1891,5.03,Me,7,1,B,,,,,,830
8812,2021,1891,5.03,Me,7,2,V,,,0.02,Sh,2.0,830
8813,2021,1891,5.03,Me,7,3,V,,,0.69,Sh,2.0,830
8814,2021,1891,5.03,Me,7,4,B,,,,,,830
8815,2021,1891,5.03,Me,7,5,M,0.0,0.0,0.53,Sh,3.0,830
8816,2021,1891,5.03,Me,7,6,V,,,1.66,Sh,1.0,830
8817,2021,1891,5.03,Me,7,7,M,0.0,0.0,6.68,Me,7.0,830
8818,2021,1891,5.03,Me,7,7,M,0.0,0.0,3.1,Sh,3.0,830
8819,2021,1892,4.3,Sh,3,1,S,0.0,0.0,,,,830
8820,2021,1892,4.3,Sh,3,2,B,,,,,,830
8821,2021,1892,4.3,Sh,3,3,S,0.0,0.0,,,,830
8822,2021,1893,5.36,Me,5,1,V,,,3.49,Sh,4.0,830
8823,2021,1893,5.36,Me,5,2,B,,,,,,830
8824,2021,1893,5.36,Me,5,3,V,,,4.31,Sh,4.0,830
8825,2021,1893,5.36,Me,5,4,M,0.0,0.0,7.79,Me,8.0,830
8826,2021,1893,5.36,Me,5,5,M,0.0,0.0,2.31,Sh,2.0,830
8827,2021,1894,2.01,Sh,3,1,B,,,,,,830
8828,2021,1894,2.01,Sh,3,2,S,0.0,0.0,,,,830
8829,2021,1894,2.01,Sh,3,3,V,,,5.16,Me,6.0,830
8830,2021,1896,2.7,Sh,3,1,V,,,4.16,Sh,5.0,830
8831,2021,1896,2.7,Sh,3,2,M,1.0,2.0,1.09,Sh,4.0,830
8832,2021,1896,2.7,Sh,3,2,V,,,1.62,Sh,3.0,830
8833,2021,1896,2.7,Sh,3,3,B,,,,,,830
8834,2021,1897,8.16,Me,5,1,V,,,2.39,Sh,5.0,830
8835,2021,1897,8.16,Me,5,2,V,,,0.29,Sh,2.0,830
8836,2021,1897,8.16,Me,5,2,M,,,,,,830
8837,2021,1897,8.16,Me,5,3,S,0.0,0.0,,,,830
8838,2021,1897,8.16,Me,5,4,V,,,2.97,Sh,7.0,830
8839,2021,1897,8.16,Me,5,4,M,0.0,0.0,5.29,Me,6.0,830
8840,2021,1897,8.16,Me,5,5,V,,,0.98,Sh,1.0,830
8841,2021,1898,5.64,Me,5,1,B,,,,,,830
8842,2021,1898,5.64,Me,5,2,S,0.0,0.0,,,,830
8843,2021,1898,5.64,Me,5,3,S,0.0,0.0,,,,830
8844,2021,1898,5.64,Me,5,4,V,,,,,,830
8845,2021,1898,5.64,Me,5,4,M,,,,,,830
8846,2021,1898,5.64,Me,5,5,B,,,,,,830
8847,2021,1900,0.96,Sh,4,1,B,,,,,,830
8848,2021,1900,0.96,Sh,4,2,M,,,,,,830
8849,2021,1900,0.96,Sh,4,3,V,,,4.19,Sh,3.0,830
8850,2021,1900,0.96,Sh,4,4,M,1.0,2.0,1.78,Sh,2.0,830
8851,2021,1901,1.33,Sh,1,1,B,,,,,,830
8852,2021,1903,3.49,Sh,5,1,B,,,,,,830
8853,2021,1903,3.49,Sh,5,2,V,,,2.48,Sh,2.0,830
8854,2021,1903,3.49,Sh,5,2,M,0.0,0.0,3.12,Sh,3.0,830
8855,2021,1903,3.49,Sh,5,3,S,0.0,0.0,,,,830
8856,2021,1903,3.49,Sh,5,4,B,,,,,,830
8857,2021,1903,3.49,Sh,5,5,V,,,0.38,Sh,2.0,830
8858,2021,1904,3.21,Sh,6,1,V,,,,,,830
8859,2021,1904,3.21,Sh,6,1,M,,,,,,830
8860,2021,1904,3.21,Sh,6,1,M,,,,,,830
8861,2021,1904,3.21,Sh,6,2,S,0.0,0.0,,,,830
8862,2021,1904,3.21,Sh,6,3,M,0.0,0.0,5.92,Me,5.0,830
8863,2021,1904,3.21,Sh,6,4,S,0.0,0.0,,,,830
8864,2021,1904,3.21,Sh,6,5,M,0.0,0.0,2.86,Sh,2.0,830
8865,2021,1904,3.21,Sh,6,6,M,0.0,0.0,4.75,Sh,6.0,830
8866,2021,1905,1.57,Sh,4,1,V,,,,,,830
8867,2021,1905,1.57,Sh,4,2,V,,,,,,830
8868,2021,1905,1.57,Sh,4,3,V,,,0.22,Sh,1.0,830
8869,2021,1905,1.57,Sh,4,4,V,,,3.75,Sh,3.0,830
8870,2021,1905,1.57,Sh,4,4,M,0.0,0.0,3.36,Sh,5.0,830
8871,2021,1905,1.57,Sh,4,4,M,0.0,0.0,5.86,Me,5.0,830
8872,2021,1905,0.65,Sh,1,1,S,0.0,0.0,,,,830
8873,2021,1906,1.75,Sh,2,1,V,,,2.14,Sh,2.0,830
8874,2021,1906,1.75,Sh,2,1,V,,,,,,830
8875,2021,1906,1.75,Sh,2,1,V,,,2.52,Sh,1.0,830
8876,2021,1906,1.75,Sh,2,2,M,1.0,6.0,1.7,Sh,1.0,830
8877,2021,1906,1.07,Sh,2,1,M,1.0,1.0,4.36,Sh,5.0,830
8878,2021,1906,1.07,Sh,2,2,B,,,,,,830
8879,2021,1907,2.35,Sh,3,1,V,,,4.81,Sh,5.0,830
8880,2021,1907,2.35,Sh,3,2,S,0.0,0.0,,,,830
8881,2021,1907,2.35,Sh,3,3,V,,,0.45,Sh,1.0,830
8882,2021,1907,2.35,Sh,3,3,V,,,3.88,Sh,4.0,830
8883,2021,1908,0.98,Sh,3,1,V,,,2.84,Sh,4.0,830
8884,2021,1908,0.98,Sh,3,2,V,,,3.72,Sh,4.0,830
8885,2021,1908,0.98,Sh,3,3,B,,,,,,830
8886,2021,1910,4.2,Sh,1,1,S,0.0,0.0,,,,830
8887,2021,1911,7.97,Me,2,1,S,0.0,0.0,,,,830
8888,2021,1911,7.97,Me,2,2,V,,,1.72,Sh,3.0,830
8889,2021,1912,6.52,Me,7,1,V,,,1.14,Sh,1.0,830
8890,2021,1912,6.52,Me,7,1,V,,,,,,830
8891,2021,1912,6.52,Me,7,2,S,0.0,0.0,,,,830
8892,2021,1912,6.52,Me,7,3,S,0.0,0.0,,,,830
8893,2021,1912,6.52,Me,7,4,S,0.0,0.0,,,,830
8894,2021,1912,6.52,Me,7,5,B,,,,,,830
8895,2021,1912,6.52,Me,7,6,V,,,,,,830
8896,2021,1912,6.52,Me,7,6,V,,,4.71,Sh,4.0,830
8897,2021,1912,6.52,Me,7,6,M,0.0,0.0,5.94,Me,7.0,830
8898,2021,1912,6.52,Me,7,7,M,0.0,0.0,7.79,Me,4.0,830
8899,2021,1912,6.52,Me,7,7,V,,,0.85,Sh,4.0,830
8900,2021,1913,2.84,Sh,1,1,S,0.0,0.0,,,,830
8901,2021,1914,8.42,Me,4,1,B,,,,,,830
8902,2021,1914,8.42,Me,4,2,V,,,3.15,Sh,2.0,830
8903,2021,1914,8.42,Me,4,2,M,1.0,4.0,0.19,Sh,1.0,830
8904,2021,1914,8.42,Me,4,2,V,,,,,,830
8905,2021,1914,8.42,Me,4,3,S,0.0,0.0,,,,830
8906,2021,1914,8.42,Me,4,4,M,0.0,0.0,2.44,Sh,5.0,830
8907,2021,1915,9.8,Me,6,1,V,,,1.29,Sh,2.0,830
8908,2021,1915,9.8,Me,6,2,M,0.0,0.0,1.1,Sh,4.0,830
8909,2021,1915,9.8,Me,6,3,M,0.0,0.0,2.43,Sh,3.0,830
8910,2021,1915,9.8,Me,6,4,S,0.0,0.0,,,,830
8911,2021,1915,9.8,Me,6,5,B,,,,,,830
8912,2021,1915,9.8,Me,6,6,M,0.0,0.0,5.18,Me,5.0,830
8913,2021,1917,6.78,Me,5,1,S,0.0,0.0,,,,830
8914,2021,1917,6.78,Me,5,2,V,,,3.43,Sh,5.0,830
8915,2021,1917,6.78,Me,5,3,B,,,,,,830
8916,2021,1917,6.78,Me,5,4,M,0.0,0.0,4.04,Sh,4.0,830
8917,2021,1917,6.78,Me,5,4,M,0.0,0.0,7.33,Me,5.0,830
8918,2021,1917,6.78,Me,5,4,V,,,,,,830
8919,2021,1917,6.78,Me,5,5,M,0.0,0.0,3.57,Sh,1.0,830
8920,2021,1918,1.24,Sh,4,1,B,,,,,,830
8921,2021,1918,1.24,Sh,4,2,S,0.0,0.0,,,,830
8922,2021,1918,1.24,Sh,4,3,V,,,5.29,Me,5.0,830
8923,2021,1918,1.24,Sh,4,4,M,1.0,1.0,5.11,Me,4.0,830
8924,2021,1919,3.32,Sh,3,1,S,0.0,0.0,,,,830
8925,2021,1919,3.32,Sh,3,2,M,1.0,1.0,2.89,Sh,1.0,830
8926,2021,1919,3.32,Sh,3,3,V,,,2.14,Sh,1.0,830
8927,2021,1920,2.46,Sh,3,1,S,0.0,0.0,,,,830
8928,2021,1920,2.46,Sh,3,2,V,,,,,,830
8929,2021,1920,2.46,Sh,3,3,B,,,,,,830
8930,2021,1923,3.07,Sh,4,1,V,,,,,,830
8931,2021,1923,3.07,Sh,4,1,V,,,,,,830
8932,2021,1923,3.07,Sh,4,2,M,,,,,,830
8933,2021,1923,3.07,Sh,4,2,M,,,,,,830
8934,2021,1923,3.07,Sh,4,3,S,0.0,0.0,,,,830
8935,2021,1923,3.07,Sh,4,4,M,0.0,0.0,2.25,Sh,1.0,830
8936,2021,1923,3.07,Sh,4,4,V,,,,,,830
8937,2021,1924,2.8,Sh,4,1,S,0.0,0.0,,,,830
8938,2021,1924,2.8,Sh,4,2,B,,,,,,830
8939,2021,1924,2.8,Sh,4,3,B,,,,,,830
8940,2021,1924,2.8,Sh,4,4,V,,,5.62,Me,4.0,830
8941,2021,1924,2.8,Sh,4,4,M,0.0,0.0,5.07,Me,2.0,830
8942,2021,1926,4.14,Sh,5,1,M,0.0,0.0,0.98,Sh,2.0,830
8943,2021,1926,4.14,Sh,5,2,B,,,,,,830
8944,2021,1926,4.14,Sh,5,3,S,0.0,0.0,,,,830
8945,2021,1926,4.14,Sh,5,4,M,1.0,6.0,1.95,Sh,2.0,830
8946,2021,1926,4.14,Sh,5,5,S,0.0,0.0,,,,830
8947,2021,1927,4.85,Sh,4,1,B,,,,,,830
8948,2021,1927,4.85,Sh,4,2,M,,,,,,830
8949,2021,1927,4.85,Sh,4,3,B,,,,,,830
8950,2021,1927,4.85,Sh,4,4,V,,,5.95,Me,6.0,830
8951,2021,1928,0.89,Sh,2,1,B,,,,,,830
8952,2021,1928,0.89,Sh,2,2,B,,,,,,830
8953,2021,1929,5.58,Me,9,1,V,,,,,,830
8954,2021,1929,5.58,Me,9,1,V,,,2.61,Sh,6.0,830
8955,2021,1929,5.58,Me,9,2,B,,,,,,830
8956,2021,1929,5.58,Me,9,3,S,0.0,0.0,,,,830
8957,2021,1929,5.58,Me,9,4,M,,,,,,830
8958,2021,1929,5.58,Me,9,4,M,1.0,2.0,4.26,Sh,3.0,830
8959,2021,1929,5.58,Me,9,5,V,,,,,,830
8960,2021,1929,5.58,Me,9,5,M,,,,,,830
8961,2021,1929,5.58,Me,9,5,V,,,4.43,Sh,3.0,830
8962,2021,1929,5.58,Me,9,6,S,0.0,0.0,,,,830
8963,2021,1929,5.58,Me,9,7,M,1.0,4.0,7.34,Me,6.0,830
8964,2021,1929,5.58,Me,9,8,S,0.0,0.0,,,,830
8965,2021,1929,5.58,Me,9,9,M,0.0,0.0,6.48,Me,4.0,830
8966,2021,1929,5.58,Me,9,9,M,0.0,0.0,4.28,Sh,6.0,830
8967,2021,1930,4.96,Sh,8,1,V,,,0.24,Sh,2.0,830
8968,2021,1930,4.96,Sh,8,2,S,0.0,0.0,,,,830
8969,2021,1930,4.96,Sh,8,3,M,1.0,2.0,3.45,Sh,5.0,830
8970,2021,1930,4.96,Sh,8,4,S,0.0,0.0,,,,830
8971,2021,1930,4.96,Sh,8,5,S,0.0,0.0,,,,830
8972,2021,1930,4.96,Sh,8,6,M,0.0,0.0,4.92,Sh,5.0,830
8973,2021,1930,4.96,Sh,8,6,M,,,,,,830
8974,2021,1930,4.96,Sh,8,6,M,1.0,1.0,3.01,Sh,3.0,830
8975,2021,1930,4.96,Sh,8,7,S,0.0,0.0,,,,830
8976,2021,1930,4.96,Sh,8,8,M,1.0,5.0,8.35,Me,2.0,830
8977,2021,1931,8.09,Me,9,1,M,,,,,,830
8978,2021,1931,8.09,Me,9,1,V,,,,,,830
8979,2021,1931,8.09,Me,9,1,V,,,2.04,Sh,1.0,830
8980,2021,1931,8.09,Me,9,2,B,,,,,,830
8981,2021,1931,8.09,Me,9,3,V,,,0.59,Sh,4.0,830
8982,2021,1931,8.09,Me,9,4,V,,,0.35,Sh,3.0,830
8983,2021,1931,8.09,Me,9,4,V,,,2.63,Sh,1.0,830
8984,2021,1931,8.09,Me,9,4,V,,,6.67,Me,7.0,830
8985,2021,1931,8.09,Me,9,5,B,,,,,,830
8986,2021,1931,8.09,Me,9,6,S,0.0,0.0,,,,830
8987,2021,1931,8.09,Me,9,7,M,1.0,2.0,0.34,Sh,2.0,830
8988,2021,1931,8.09,Me,9,8,M,0.0,0.0,3.46,Sh,4.0,830
8989,2021,1931,8.09,Me,9,9,M,,,,,,830
8990,2021,1932,10.75,Me,7,1,B,,,,,,830
8991,2021,1932,10.75,Me,7,2,B,,,,,,830
8992,2021,1932,10.75,Me,7,3,V,,,4.21,Sh,1.0,830
8993,2021,1932,10.75,Me,7,4,B,,,,,,830
8994,2021,1932,10.75,Me,7,5,S,0.0,0.0,,,,830
8995,2021,1932,10.75,Me,7,6,M,0.0,0.0,6.12,Me,2.0,830
8996,2021,1932,10.75,Me,7,6,M,0.0,0.0,3.95,Sh,6.0,830
8997,2021,1932,10.75,Me,7,7,V,,,4.78,Sh,5.0,830
8998,2021,1933,8.02,Me,8,1,V,,,,,,830
8999,2021,1933,8.02,Me,8,1,V,,,,,,830
9000,2021,1933,8.02,Me,8,2,M,0.0,0.0,1.69,Sh,4.0,830
9001,2021,1933,8.02,Me,8,3,M,1.0,4.0,1.86,Sh,2.0,830
9002,2021,1933,8.02,Me,8,4,B,,,,,,830
9003,2021,1933,8.02,Me,8,5,S,0.0,0.0,,,,830
9004,2021,1933,8.02,Me,8,6,V,,,2.63,Sh,3.0,830
9005,2021,1933,8.02,Me,8,7,M,0.0,0.0,4.47,Sh,2.0,830
9006,2021,1933,8.02,Me,8,8,V,,,2.12,Sh,5.0,830
9007,2021,1934,4.55,Sh,5,1,S,0.0,0.0,,,,830
9008,2021,1934,4.55,Sh,5,2,B,,,,,,830
9009,2021,1934,4.55,Sh,5,3,V,,,0.84,Sh,1.0,830
9010,2021,1934,4.55,Sh,5,3,V,,,,,,830
9011,2021,1934,4.55,Sh,5,4,B,,,,,,830
9012,2021,1934,4.55,Sh,5,5,S,0.0,0.0,,,,830
9013,2021,1935,0.24,Sh,2,1,B,,,,,,830
9014,2021,1935,0.24,Sh,2,2,V,,,2.41,Sh,3.0,830
9015,2021,1936,3.36,Sh,3,1,M,0.0,0.0,1.24,Sh,3.0,830
9016,2021,1936,3.36,Sh,3,1,M,,,,,,830
9017,2021,1936,3.36,Sh,3,1,V,,,3.84,Sh,2.0,830
9018,2021,1936,3.36,Sh,3,2,S,0.0,0.0,,,,830
9019,2021,1936,3.36,Sh,3,3,S,0.0,0.0,,,,830
9020,2021,1937,1.9,Sh,3,1,B,,,,,,830
9021,2021,1937,1.9,Sh,3,2,M,0.0,0.0,1.72,Sh,3.0,830
9022,2021,1937,1.9,Sh,3,3,V,,,4.81,Sh,7.0,830
9023,2021,1939,9.4,Me,10,1,S,0.0,0.0,,,,830
9024,2021,1939,9.4,Me,10,2,V,,,,,,830
9025,2021,1939,9.4,Me,10,3,S,0.0,0.0,,,,830
9026,2021,1939,9.4,Me,10,4,V,,,1.51,Sh,2.0,830
9027,2021,1939,9.4,Me,10,5,S,0.0,0.0,,,,830
9028,2021,1939,9.4,Me,10,6,V,,,2.71,Sh,1.0,830
9029,2021,1939,9.4,Me,10,7,V,,,0.65,Sh,3.0,830
9030,2021,1939,9.4,Me,10,8,S,0.0,0.0,,,,830
9031,2021,1939,9.4,Me,10,9,M,0.0,0.0,5.84,Me,4.0,830
9032,2021,1939,9.4,Me,10,9,M,0.0,0.0,3.45,Sh,8.0,830
9033,2021,1939,9.4,Me,10,10,M,0.0,0.0,2.01,Sh,2.0,830
9034,2021,1939,9.4,Me,10,10,M,0.0,0.0,0.39,Sh,5.0,830
9035,2021,1939,9.4,Me,10,10,V,,,3.06,Sh,1.0,830
9036,2021,1940,1.32,Sh,3,1,V,,,0.39,Sh,1.0,830
9037,2021,1940,1.32,Sh,3,2,B,,,,,,830
9038,2021,1940,1.32,Sh,3,3,V,,,3.71,Sh,4.0,830
9039,2021,1941,6.68,Me,3,1,S,0.0,0.0,,,,830
9040,2021,1941,6.68,Me,3,2,B,,,,,,830
9041,2021,1941,6.68,Me,3,3,V,,,5.29,Me,5.0,830
9042,2021,1943,5.4,Me,6,1,B,,,,,,830
9043,2021,1943,5.4,Me,6,2,B,,,,,,830
9044,2021,1943,5.4,Me,6,3,S,0.0,0.0,,,,830
9045,2021,1943,5.4,Me,6,4,S,0.0,0.0,,,,830
9046,2021,1943,5.4,Me,6,5,B,,,,,,830
9047,2021,1943,5.4,Me,6,6,V,,,0.1,Sh,2.0,830
9048,2021,1943,5.4,Me,6,6,M,0.0,0.0,1.18,Sh,3.0,830
9049,2021,1944,10.74,Me,7,1,V,,,1.77,Sh,1.0,830
9050,2021,1944,10.74,Me,7,1,V,,,0.19,Sh,1.0,830
9051,2021,1944,10.74,Me,7,2,S,0.0,0.0,,,,830
9052,2021,1944,10.74,Me,7,3,M,0.0,0.0,3.2,Sh,3.0,830
9053,2021,1944,10.74,Me,7,4,S,0.0,0.0,,,,830
9054,2021,1944,10.74,Me,7,5,M,0.0,0.0,3.46,Sh,6.0,830
9055,2021,1944,10.74,Me,7,6,M,0.0,0.0,1.33,Sh,2.0,830
9056,2021,1944,10.74,Me,7,7,V,,,7.59,Me,7.0,830
9057,2021,1944,10.74,Me,7,7,M,0.0,0.0,5.83,Me,6.0,830
9058,2021,1947,6.66,Me,3,1,V,,,1.55,Sh,2.0,830
9059,2021,1947,6.66,Me,3,2,M,1.0,1.0,0.68,Sh,2.0,830
9060,2021,1947,6.66,Me,3,2,V,,,1.94,Sh,1.0,830
9061,2021,1947,6.66,Me,3,3,M,0.0,0.0,3.78,Sh,3.0,830
9062,2021,1948,6.57,Me,4,1,B,,,,,,830
9063,2021,1948,6.57,Me,4,2,B,,,,,,830
9064,2021,1948,6.57,Me,4,3,M,1.0,2.0,3.25,Sh,1.0,830
9065,2021,1948,6.57,Me,4,4,V,,,5.4,Me,4.0,830
9066,2021,1949,11.66,Me,7,1,V,,,3.39,Sh,3.0,830
9067,2021,1949,11.66,Me,7,2,V,,,1.07,Sh,4.0,830
9068,2021,1949,11.66,Me,7,3,S,0.0,0.0,,,,830
9069,2021,1949,11.66,Me,7,4,V,,,0.18,Sh,1.0,830
9070,2021,1949,11.66,Me,7,5,S,0.0,0.0,,,,830
9071,2021,1949,11.66,Me,7,6,M,0.0,0.0,2.89,Sh,5.0,830
9072,2021,1949,11.66,Me,7,7,V,,,,,,830
9073,2021,1949,11.66,Me,7,7,V,,,11.96,Me,8.0,830
9074,2021,1950,1.66,Sh,2,1,V,,,,,,830
9075,2021,1950,1.66,Sh,2,2,V,,,8.03,Me,6.0,830
9076,2021,1951,6.11,Me,4,1,V,,,5.43,Me,4.0,830
9077,2021,1951,6.11,Me,4,2,M,0.0,0.0,1.19,Sh,3.0,830
9078,2021,1951,6.11,Me,4,3,V,,,,,,830
9079,2021,1951,6.11,Me,4,3,V,,,2.94,Sh,2.0,830
9080,2021,1951,6.11,Me,4,3,V,,,6.37,Me,8.0,830
9081,2021,1951,6.11,Me,4,4,B,,,,,,830
9082,2021,1952,8.01,Me,2,1,V,,,0.08,Sh,3.0,830
9083,2021,1952,8.01,Me,2,2,V,,,2.9,Sh,3.0,830
9084,2021,1953,1.91,Sh,2,1,V,,,0.81,Sh,1.0,830
9085,2021,1953,1.91,Sh,2,2,B,,,,,,830
9086,2021,1955,6.37,Me,5,1,S,0.0,0.0,,,,830
9087,2021,1955,6.37,Me,5,2,M,,,,,,830
9088,2021,1955,6.37,Me,5,2,M,1.0,3.0,1.33,Sh,1.0,830
9089,2021,1955,6.37,Me,5,2,V,,,,,,830
9090,2021,1955,6.37,Me,5,3,S,0.0,0.0,,,,830
9091,2021,1955,6.37,Me,5,4,S,0.0,0.0,,,,830
9092,2021,1955,6.37,Me,5,5,B,,,,,,830
9093,2021,1956,2.57,Sh,3,1,B,,,,,,830
9094,2021,1956,2.57,Sh,3,2,S,0.0,0.0,,,,830
9095,2021,1956,2.57,Sh,3,3,M,0.0,0.0,5.22,Me,4.0,830
9096,2021,1956,2.57,Sh,3,3,M,0.0,0.0,4.19,Sh,2.0,830
9097,2021,1957,0.16,Sh,4,1,S,0.0,0.0,,,,830
9098,2021,1957,0.16,Sh,4,2,S,0.0,0.0,,,,830
9099,2021,1957,0.16,Sh,4,3,B,,,,,,830
9100,2021,1957,0.16,Sh,4,4,M,0.0,0.0,5.78,Me,6.0,830
9101,2021,1957,0.16,Sh,4,4,V,,,1.45,Sh,5.0,830
9102,2021,1959,1.38,Sh,4,1,S,0.0,0.0,,,,830
9103,2021,1959,1.38,Sh,4,2,V,,,1.27,Sh,3.0,830
9104,2021,1959,1.38,Sh,4,2,V,,,0.7,Sh,2.0,830
9105,2021,1959,1.38,Sh,4,3,S,0.0,0.0,,,,830
9106,2021,1959,1.38,Sh,4,4,M,0.0,0.0,7.19,Me,6.0,830
9107,2021,1960,5.97,Me,8,1,V,,,5.84,Me,5.0,830
9108,2021,1960,5.97,Me,8,2,V,,,,,,830
9109,2021,1960,5.97,Me,8,3,B,,,,,,830
9110,2021,1960,5.97,Me,8,4,V,,,0.2,Sh,2.0,830
9111,2021,1960,5.97,Me,8,5,S,0.0,0.0,,,,830
9112,2021,1960,5.97,Me,8,6,V,,,1.93,Sh,4.0,830
9113,2021,1960,5.97,Me,8,7,B,,,,,,830
9114,2021,1960,5.97,Me,8,8,M,0.0,0.0,3.97,Sh,6.0,830
9115,2021,1961,1.87,Sh,1,1,V,,,5.79,Me,4.0,830
9116,2021,1962,6.13,Me,4,1,B,,,,,,830
9117,2021,1962,6.13,Me,4,2,S,0.0,0.0,,,,830
9118,2021,1962,6.13,Me,4,3,B,,,,,,830
9119,2021,1962,6.13,Me,4,4,V,,,,,,830
9120,2021,1963,10.28,Me,1,1,S,0.0,0.0,,,,830
9121,2021,1965,5.61,Me,4,1,M,1.0,1.0,1.97,Sh,2.0,830
9122,2021,1965,5.61,Me,4,2,M,1.0,2.0,0.68,Sh,3.0,830
9123,2021,1965,5.61,Me,4,2,V,,,1.4,Sh,3.0,830
9124,2021,1965,5.61,Me,4,3,S,0.0,0.0,,,,830
9125,2021,1965,5.61,Me,4,4,M,0.0,0.0,4.02,Sh,3.0,830
9126,2021,1966,6.73,Me,7,1,V,,,,,,830
9127,2021,1966,6.73,Me,7,1,M,,,,,,830
9128,2021,1966,6.73,Me,7,1,V,,,4.17,Sh,8.0,830
9129,2021,1966,6.73,Me,7,1,V,,,,,,830
9130,2021,1966,6.73,Me,7,2,V,,,0.13,Sh,2.0,830
9131,2021,1966,6.73,Me,7,3,S,0.0,0.0,,,,830
9132,2021,1966,6.73,Me,7,4,S,0.0,0.0,,,,830
9133,2021,1966,6.73,Me,7,5,B,,,,,,830
9134,2021,1966,6.73,Me,7,6,M,1.0,6.0,1.66,Sh,4.0,830
9135,2021,1966,6.73,Me,7,7,M,0.0,0.0,2.72,Sh,2.0,830
9136,2021,1966,6.73,Me,7,7,M,0.0,0.0,4.51,Sh,4.0,830
9137,2021,1967,6.72,Me,5,1,B,,,,,,830
9138,2021,1967,6.72,Me,5,2,B,,,,,,830
9139,2021,1967,6.72,Me,5,3,V,,,1.28,Sh,5.0,830
9140,2021,1967,6.72,Me,5,4,M,1.0,4.0,0.67,Sh,3.0,830
9141,2021,1967,6.72,Me,5,5,B,,,,,,830
9142,2021,1968,6.4,Me,3,1,B,,,,,,830
9143,2021,1968,6.4,Me,3,2,B,,,,,,830
9144,2021,1968,6.4,Me,3,3,M,0.0,0.0,6.52,Me,8.0,830
9145,2021,1969,5.28,Me,3,1,M,1.0,1.0,1.03,Sh,5.0,830
9146,2021,1969,5.28,Me,3,2,V,,,0.22,Sh,2.0,830
9147,2021,1969,5.28,Me,3,2,M,0.0,0.0,4.25,Sh,7.0,830
9148,2021,1969,5.28,Me,3,3,S,0.0,0.0,,,,830
9149,2021,1970,5.7,Me,2,1,V,,,1.94,Sh,1.0,830
9150,2021,1970,5.7,Me,2,2,M,0.0,0.0,1.04,Sh,5.0,830
9151,2021,1971,9.01,Me,10,1,V,,,5.46,Me,7.0,830
9152,2021,1971,9.01,Me,10,2,V,,,,,,830
9153,2021,1971,9.01,Me,10,2,M,0.0,0.0,1.88,Sh,6.0,830
9154,2021,1971,9.01,Me,10,2,V,,,3.44,Sh,1.0,830
9155,2021,1971,9.01,Me,10,3,M,,,,,,830
9156,2021,1971,9.01,Me,10,4,V,,,,,,830
9157,2021,1971,9.01,Me,10,4,V,,,,,,830
9158,2021,1971,9.01,Me,10,4,M,0.0,0.0,2.39,Sh,7.0,830
9159,2021,1971,9.01,Me,10,5,V,,,4.26,Sh,5.0,830
9160,2021,1971,9.01,Me,10,5,M,1.0,1.0,1.34,Sh,2.0,830
9161,2021,1971,9.01,Me,10,5,M,0.0,0.0,2.61,Sh,2.0,830
9162,2021,1971,9.01,Me,10,5,V,,,2.7,Sh,4.0,830
9163,2021,1971,9.01,Me,10,6,S,0.0,0.0,,,,830
9164,2021,1971,9.01,Me,10,7,S,0.0,0.0,,,,830
9165,2021,1971,9.01,Me,10,8,M,1.0,2.0,2.12,Sh,3.0,830
9166,2021,1971,9.01,Me,10,9,M,1.0,1.0,2.74,Sh,3.0,830
9167,2021,1971,9.01,Me,10,10,V,,,4.32,Sh,8.0,830
9168,2021,1971,9.01,Me,10,10,M,0.0,0.0,9.49,Me,5.0,830
9169,2021,1972,7.22,Me,4,1,B,,,,,,830
9170,2021,1972,7.22,Me,4,2,M,1.0,3.0,3.2,Sh,2.0,830
9171,2021,1972,7.22,Me,4,3,V,,,,,,830
9172,2021,1972,7.22,Me,4,4,M,0.0,0.0,0.4,Sh,4.0,830
9173,2021,1972,7.22,Me,4,4,M,0.0,0.0,5.21,Me,2.0,830
9174,2021,1972,7.22,Me,4,4,V,,,11.19,Me,7.0,830
9175,2021,1973,4.1,Sh,1,1,B,,,,,,830
9176,2021,1974,2.72,Sh,4,1,B,,,,,,830
9177,2021,1974,2.72,Sh,4,2,S,0.0,0.0,,,,830
9178,2021,1974,2.72,Sh,4,3,B,,,,,,830
9179,2021,1974,2.72,Sh,4,4,M,0.0,0.0,2.26,Sh,3.0,830
9180,2021,1974,2.72,Sh,4,4,M,0.0,0.0,0.12,Sh,2.0,830
9181,2021,1974,2.72,Sh,4,4,M,0.0,0.0,12.62,Me,9.0,830
9182,2021,1975,2.19,Sh,3,1,V,,,,,,830
9183,2021,1975,2.19,Sh,3,1,V,,,0.83,Sh,1.0,830
9184,2021,1975,2.19,Sh,3,1,V,,,1.48,Sh,1.0,830
9185,2021,1975,2.19,Sh,3,2,S,0.0,0.0,,,,830
9186,2021,1975,2.19,Sh,3,3,B,,,,,,830
9187,2021,1976,7.27,Me,2,1,S,0.0,0.0,,,,830
9188,2021,1976,7.27,Me,2,2,V,,,1.98,Sh,1.0,830
9189,2021,1978,8.76,Me,6,1,V,,,1.93,Sh,3.0,830
9190,2021,1978,8.76,Me,6,2,B,,,,,,830
9191,2021,1978,8.76,Me,6,3,S,0.0,0.0,,,,830
9192,2021,1978,8.76,Me,6,4,S,0.0,0.0,,,,830
9193,2021,1978,8.76,Me,6,5,M,0.0,0.0,1.54,Sh,2.0,830
9194,2021,1978,8.76,Me,6,6,M,1.0,2.0,1.93,Sh,2.0,830
9195,2021,1979,5.23,Me,3,1,V,,,0.68,Sh,4.0,830
9196,2021,1979,5.23,Me,3,2,S,0.0,0.0,,,,830
9197,2021,1979,5.23,Me,3,3,M,0.0,0.0,8.62,Me,4.0,830
9198,2021,1982,0.5,Sh,2,1,V,,,0.61,Sh,2.0,830
9199,2021,1982,0.5,Sh,2,1,V,,,1.21,Sh,1.0,830
9200,2021,1982,0.5,Sh,2,2,V,,,2.01,Sh,3.0,830
9201,2021,1982,2.54,Sh,3,1,V,,,1.69,Sh,3.0,830
9202,2021,1982,2.54,Sh,3,1,V,,,0.77,Sh,3.0,830
9203,2021,1982,2.54,Sh,3,1,V,,,1.89,Sh,2.0,830
9204,2021,1982,2.54,Sh,3,2,V,,,,,,830
9205,2021,1982,2.54,Sh,3,3,S,0.0,0.0,,,,830
9206,2021,1984,5.23,Me,3,1,B,,,,,,830
9207,2021,1984,5.23,Me,3,2,B,,,,,,830
9208,2021,1984,5.23,Me,3,3,B,,,,,,830
9209,2021,1985,0.59,Sh,5,1,B,,,,,,830
9210,2021,1985,0.59,Sh,5,2,V,,,0.96,Sh,2.0,830
9211,2021,1985,0.59,Sh,5,3,S,0.0,0.0,,,,830
9212,2021,1985,0.59,Sh,5,4,V,,,6.46,Me,1.0,830
9213,2021,1985,0.59,Sh,5,5,S,0.0,0.0,,,,830
9214,2021,1986,7.31,Me,5,1,B,,,,,,830
9215,2021,1986,7.31,Me,5,2,V,,,,,,830
9216,2021,1986,7.31,Me,5,2,V,,,1.77,Sh,4.0,830
9217,2021,1986,7.31,Me,5,2,V,,,3.61,Sh,4.0,830
9218,2021,1986,7.31,Me,5,3,B,,,,,,830
9219,2021,1986,7.31,Me,5,4,S,0.0,0.0,,,,830
9220,2021,1986,7.31,Me,5,5,V,,,5.74,Me,7.0,830
9221,2021,1987,2.27,Sh,5,1,M,,,,,,830
9222,2021,1987,2.27,Sh,5,2,B,,,,,,830
9223,2021,1987,2.27,Sh,5,3,M,0.0,0.0,3.06,Sh,3.0,830
9224,2021,1987,2.27,Sh,5,3,V,,,,,,830
9225,2021,1987,2.27,Sh,5,4,V,,,5.54,Me,3.0,830
9226,2021,1987,2.27,Sh,5,5,S,0.0,0.0,,,,830
9227,2021,1988,4.99,Sh,3,1,V,,,0.59,Sh,2.0,830
9228,2021,1988,4.99,Sh,3,2,S,0.0,0.0,,,,830
9229,2021,1988,4.99,Sh,3,3,M,0.0,0.0,5.27,Me,7.0,830
9230,2021,1989,2.58,Sh,1,1,B,,,,,,830
9231,2021,1990,4.31,Sh,4,1,S,0.0,0.0,,,,830
9232,2021,1990,4.31,Sh,4,2,V,,,4.64,Sh,4.0,830
9233,2021,1990,4.31,Sh,4,3,B,,,,,,830
9234,2021,1990,4.31,Sh,4,4,V,,,8.7,Me,4.0,830
9235,2021,1990,4.31,Sh,4,4,M,0.0,0.0,1.63,Sh,1.0,830
9236,2021,1991,0.26,Sh,2,1,V,,,,,,830
9237,2021,1991,0.26,Sh,2,2,V,,,0.21,Sh,3.0,830
9238,2021,1992,2.18,Sh,3,1,B,,,,,,830
9239,2021,1992,2.18,Sh,3,2,B,,,,,,830
9240,2021,1992,2.18,Sh,3,3,V,,,2.71,Sh,5.0,830
9241,2021,1992,2.18,Sh,3,3,V,,,6.97,Me,5.0,830
9242,2021,1992,1.03,Sh,1,1,S,0.0,0.0,,,,830
9243,2021,1993,0.84,Sh,3,1,V,,,0.14,Sh,2.0,830
9244,2021,1993,0.84,Sh,3,2,S,0.0,0.0,,,,830
9245,2021,1993,0.84,Sh,3,3,V,,,10.24,Me,8.0,830
9246,2021,1994,1.0,Sh,4,1,B,,,,,,830
9247,2021,1994,1.0,Sh,4,2,V,,,1.71,Sh,2.0,830
9248,2021,1994,1.0,Sh,4,3,B,,,,,,830
9249,2021,1994,1.0,Sh,4,4,V,,,4.34,Sh,7.0,830
9250,2021,1995,5.3,Me,6,1,V,,,,,,830
9251,2021,1995,5.3,Me,6,1,V,,,3.35,Sh,2.0,830
9252,2021,1995,5.3,Me,6,1,V,,,1.4,Sh,3.0,830
9253,2021,1995,5.3,Me,6,2,V,,,3.73,Sh,5.0,830
9254,2021,1995,5.3,Me,6,2,M,,,,,,830
9255,2021,1995,5.3,Me,6,2,M,0.0,0.0,1.31,Sh,2.0,830
9256,2021,1995,5.3,Me,6,3,M,1.0,2.0,0.89,Sh,2.0,830
9257,2021,1995,5.3,Me,6,4,V,,,0.72,Sh,3.0,830
9258,2021,1995,5.3,Me,6,4,V,,,1.89,Sh,4.0,830
9259,2021,1995,5.3,Me,6,5,M,1.0,1.0,0.53,Sh,1.0,830
9260,2021,1995,5.3,Me,6,6,M,0.0,0.0,0.43,Sh,2.0,830
9261,2021,1995,5.3,Me,6,6,M,0.0,0.0,5.44,Me,4.0,830
9262,2021,1996,3.18,Sh,6,1,M,,,,,,830
9263,2021,1996,3.18,Sh,6,2,V,,,,,,830
9264,2021,1996,3.18,Sh,6,2,V,,,4.9,Sh,4.0,830
9265,2021,1996,3.18,Sh,6,3,S,0.0,0.0,,,,830
9266,2021,1996,3.18,Sh,6,4,B,,,,,,830
9267,2021,1996,3.18,Sh,6,5,M,0.0,0.0,0.58,Sh,4.0,830
9268,2021,1996,3.18,Sh,6,5,M,,,,,,830
9269,2021,1996,3.18,Sh,6,5,M,0.0,0.0,0.74,Sh,4.0,830
9270,2021,1996,3.18,Sh,6,5,V,,,3.04,Sh,3.0,830
9271,2021,1996,3.18,Sh,6,6,S,0.0,0.0,,,,830
9272,2021,1997,7.94,Me,6,1,V,,,2.89,Sh,3.0,830
9273,2021,1997,7.94,Me,6,2,B,,,,,,830
9274,2021,1997,7.94,Me,6,3,V,,,0.86,Sh,1.0,830
9275,2021,1997,7.94,Me,6,4,M,,,,,,830
9276,2021,1997,7.94,Me,6,4,M,1.0,3.0,4.31,Sh,4.0,830
9277,2021,1997,7.94,Me,6,5,S,0.0,0.0,,,,830
9278,2021,1997,7.94,Me,6,6,V,,,6.78,Me,7.0,830
9279,2021,1998,6.29,Me,2,1,V,,,,,,830
9280,2021,1998,6.29,Me,2,1,V,,,0.12,Sh,2.0,830
9281,2021,1998,6.29,Me,2,1,V,,,1.58,Sh,1.0,830
9282,2021,1998,6.29,Me,2,2,V,,,0.78,Sh,2.0,830
9283,2021,1999,6.4,Me,7,1,B,,,,,,830
9284,2021,1999,6.4,Me,7,2,M,,,,,,830
9285,2021,1999,6.4,Me,7,3,V,,,7.84,Me,7.0,830
9286,2021,1999,6.4,Me,7,4,V,,,4.32,Sh,4.0,830
9287,2021,1999,6.4,Me,7,5,V,,,5.84,Me,4.0,830
9288,2021,1999,6.4,Me,7,5,V,,,3.74,Sh,5.0,830
9289,2021,1999,6.4,Me,7,6,M,0.0,0.0,6.63,Me,4.0,830
9290,2021,1999,6.4,Me,7,7,V,,,6.82,Me,6.0,830
9291,2021,2000,6.44,Me,7,1,V,,,1.05,Sh,4.0,830
9292,2021,2000,6.44,Me,7,2,V,,,1.24,Sh,2.0,830
9293,2021,2000,6.44,Me,7,2,V,,,2.43,Sh,2.0,830
9294,2021,2000,6.44,Me,7,2,V,,,0.48,Sh,2.0,830
9295,2021,2000,6.44,Me,7,3,S,0.0,0.0,,,,830
9296,2021,2000,6.44,Me,7,4,S,0.0,0.0,,,,830
9297,2021,2000,6.44,Me,7,5,M,1.0,3.0,4.02,Sh,7.0,830
9298,2021,2000,6.44,Me,7,6,S,0.0,0.0,,,,830
9299,2021,2000,6.44,Me,7,7,M,1.0,5.0,6.69,Me,5.0,830
9300,2021,2001,6.69,Me,6,1,V,,,,,,830
9301,2021,2001,6.69,Me,6,2,V,,,1.61,Sh,4.0,830
9302,2021,2001,6.69,Me,6,3,V,,,5.0,Sh,7.0,830
9303,2021,2001,6.69,Me,6,3,V,,,0.15,Sh,1.0,830
9304,2021,2001,6.69,Me,6,4,V,,,0.27,Sh,3.0,830
9305,2021,2001,6.69,Me,6,4,M,0.0,0.0,1.22,Sh,2.0,830
9306,2021,2001,6.69,Me,6,5,M,,,,,,830
9307,2021,2001,6.69,Me,6,6,V,,,5.86,Me,6.0,830
9308,2021,2002,3.81,Sh,3,1,B,,,,,,830
9309,2021,2002,3.81,Sh,3,2,M,0.0,0.0,5.51,Me,5.0,830
9310,2021,2002,3.81,Sh,3,2,V,,,2.79,Sh,3.0,830
9311,2021,2002,3.81,Sh,3,2,V,,,3.59,Sh,3.0,830
9312,2021,2002,3.81,Sh,3,3,B,,,,,,830
9313,2021,2003,4.52,Sh,2,1,B,,,,,,830
9314,2021,2003,4.52,Sh,2,2,B,,,,,,830
9315,2021,2004,10.73,Me,4,1,B,,,,,,830
9316,2021,2004,10.73,Me,4,2,B,,,,,,830
9317,2021,2004,10.73,Me,4,3,S,0.0,0.0,,,,830
9318,2021,2004,10.73,Me,4,4,M,1.0,2.0,3.03,Sh,7.0,830
9319,2021,2004,10.73,Me,4,4,M,,,,,,830
9320,2021,2007,10.02,Me,5,1,B,,,,,,830
9321,2021,2007,10.02,Me,5,2,V,,,2.77,Sh,1.0,830
9322,2021,2007,10.02,Me,5,3,B,,,,,,830
9323,2021,2007,10.02,Me,5,4,V,,,1.56,Sh,3.0,830
9324,2021,2007,10.02,Me,5,5,V,,,1.84,Sh,6.0,830
9325,2021,2007,10.02,Me,5,5,M,0.0,0.0,7.18,Me,5.0,830
9326,2021,2008,5.11,Me,2,1,M,0.0,0.0,0.12,Sh,1.0,830
9327,2021,2008,5.11,Me,2,2,V,,,3.21,Sh,5.0,830
9328,2021,2009,0.4,Sh,3,1,S,0.0,0.0,,,,830
9329,2021,2009,0.4,Sh,3,2,B,,,,,,830
9330,2021,2009,0.4,Sh,3,3,S,0.0,0.0,,,,830
9331,2021,2011,3.57,Sh,3,1,V,,,,,,830
9332,2021,2011,3.57,Sh,3,1,V,,,,,,830
9333,2021,2011,3.57,Sh,3,2,S,0.0,0.0,,,,830
9334,2021,2011,3.57,Sh,3,3,V,,,,,,830
9335,2021,2012,3.27,Sh,6,1,B,,,,,,830
9336,2021,2012,3.27,Sh,6,2,V,,,2.16,Sh,3.0,830
9337,2021,2012,3.27,Sh,6,2,V,,,1.53,Sh,3.0,830
9338,2021,2012,3.27,Sh,6,2,M,0.0,0.0,0.94,Sh,4.0,830
9339,2021,2012,3.27,Sh,6,2,V,,,,,,830
9340,2021,2012,3.27,Sh,6,3,B,,,,,,830
9341,2021,2012,3.27,Sh,6,4,V,,,2.87,Sh,5.0,830
9342,2021,2012,3.27,Sh,6,4,M,,,,,,830
9343,2021,2012,3.27,Sh,6,5,S,0.0,0.0,,,,830
9344,2021,2012,3.27,Sh,6,6,V,,,4.5,Sh,3.0,830
9345,2021,2012,3.27,Sh,6,6,M,0.0,0.0,3.36,Sh,5.0,830
9346,2021,2013,1.11,Sh,1,1,B,,,,,,830
9347,2021,2015,4.09,Sh,4,1,V,,,0.39,Sh,3.0,830
9348,2021,2015,4.09,Sh,4,2,S,0.0,0.0,,,,830
9349,2021,2015,4.09,Sh,4,3,V,,,5.96,Me,6.0,830
9350,2021,2015,4.09,Sh,4,4,M,1.0,4.0,7.16,Me,5.0,830
9351,2021,2016,3.39,Sh,5,1,B,,,,,,830
9352,2021,2016,3.39,Sh,5,2,S,0.0,0.0,,,,830
9353,2021,2016,3.39,Sh,5,3,S,0.0,0.0,,,,830
9354,2021,2016,3.39,Sh,5,4,B,,,,,,830
9355,2021,2016,3.39,Sh,5,5,M,0.0,0.0,3.83,Sh,3.0,830
9356,2021,2017,1.92,Sh,1,1,S,0.0,0.0,,,,830
9357,2021,2019,0.2,Sh,1,1,V,,,4.17,Sh,4.0,830
9358,2021,2019,0.2,Sh,1,1,V,,,1.68,Sh,1.0,830
9359,2021,2020,1.46,Sh,1,1,V,,,3.22,Sh,3.0,830
9360,2021,2021,5.78,Me,5,1,M,,,,,,830
9361,2021,2021,5.78,Me,5,2,V,,,2.22,Sh,7.0,830
9362,2021,2021,5.78,Me,5,3,V,,,0.96,Sh,1.0,830
9363,2021,2021,5.78,Me,5,4,V,,,4.75,Sh,4.0,830
9364,2021,2021,5.78,Me,5,5,B,,,,,,830
9365,2021,2022,3.62,Sh,4,1,B,,,,,,830
9366,2021,2022,3.62,Sh,4,2,S,0.0,0.0,,,,830
9367,2021,2022,3.62,Sh,4,3,B,,,,,,830
9368,2021,2022,3.62,Sh,4,4,V,,,9.1,Me,1.0,830
9369,2021,2022,3.62,Sh,4,4,M,0.0,0.0,5.23,Me,9.0,830
9370,2021,2023,7.33,Me,8,1,M,0.0,0.0,0.18,Sh,1.0,830
9371,2021,2023,7.33,Me,8,1,M,0.0,0.0,3.32,Sh,3.0,830
9372,2021,2023,7.33,Me,8,1,M,1.0,4.0,0.11,Sh,1.0,830
9373,2021,2023,7.33,Me,8,2,S,0.0,0.0,,,,830
9374,2021,2023,7.33,Me,8,3,M,1.0,1.0,3.85,Sh,5.0,830
9375,2021,2023,7.33,Me,8,4,B,,,,,,830
9376,2021,2023,7.33,Me,8,5,S,0.0,0.0,,,,830
9377,2021,2023,7.33,Me,8,6,M,1.0,5.0,9.08,Me,6.0,830
9378,2021,2023,7.33,Me,8,7,M,1.0,2.0,4.8,Sh,4.0,830
9379,2021,2023,7.33,Me,8,8,S,0.0,0.0,,,,830
9380,2021,2024,4.16,Sh,6,1,M,1.0,1.0,1.92,Sh,1.0,830
9381,2021,2024,4.16,Sh,6,2,S,0.0,0.0,,,,830
9382,2021,2024,4.16,Sh,6,3,S,0.0,0.0,,,,830
9383,2021,2024,4.16,Sh,6,4,M,0.0,0.0,7.59,Me,5.0,830
9384,2021,2024,4.16,Sh,6,5,M,1.0,2.0,3.43,Sh,3.0,830
9385,2021,2024,4.16,Sh,6,6,M,0.0,0.0,4.07,Sh,2.0,830
9386,2021,2024,4.16,Sh,6,6,V,,,7.38,Me,4.0,830
9387,2021,2024,4.16,Sh,6,6,V,,,5.67,Me,6.0,830
9388,2021,2024,4.16,Sh,6,6,V,,,1.4,Sh,2.0,830
9389,2021,2024,4.16,Sh,6,6,M,0.0,0.0,5.74,Me,8.0,830
9390,2021,2025,2.44,Sh,4,1,B,,,,,,830
9391,2021,2025,2.44,Sh,4,2,S,0.0,0.0,,,,830
9392,2021,2025,2.44,Sh,4,3,B,,,,,,830
9393,2021,2025,2.44,Sh,4,4,S,0.0,0.0,,,,830
9394,2021,2026,6.56,Me,2,1,V,,,0.28,Sh,3.0,830
9395,2021,2026,6.56,Me,2,1,V,,,,,,830
9396,2021,2026,6.56,Me,2,2,B,,,,,,830
9397,2021,2027,12.56,Me,6,1,V,,,,,,830
9398,2021,2027,12.56,Me,6,2,M,,,,,,830
9399,2021,2027,12.56,Me,6,3,M,0.0,0.0,2.43,Sh,2.0,830
9400,2021,2027,12.56,Me,6,4,M,0.0,0.0,6.26,Me,2.0,830
9401,2021,2027,12.56,Me,6,5,S,0.0,0.0,,,,830
9402,2021,2027,12.56,Me,6,6,M,0.0,0.0,1.17,Sh,4.0,830
9403,2021,2028,8.35,Me,7,1,M,,,,,,830
9404,2021,2028,8.35,Me,7,2,S,0.0,0.0,,,,830
9405,2021,2028,8.35,Me,7,3,S,0.0,0.0,,,,830
9406,2021,2028,8.35,Me,7,4,S,0.0,0.0,,,,830
9407,2021,2028,8.35,Me,7,5,M,0.0,0.0,3.1,Sh,1.0,830
9408,2021,2028,8.35,Me,7,6,M,0.0,0.0,4.79,Sh,3.0,830
9409,2021,2028,8.35,Me,7,7,S,0.0,0.0,,,,830
9410,2021,2029,9.22,Me,5,1,B,,,,,,830
9411,2021,2029,9.22,Me,5,2,B,,,,,,830
9412,2021,2029,9.22,Me,5,3,B,,,,,,830
9413,2021,2029,9.22,Me,5,4,S,0.0,0.0,,,,830
9414,2021,2029,9.22,Me,5,5,B,,,,,,830
9415,2021,2030,11.03,Me,9,1,B,,,,,,830
9416,2021,2030,11.03,Me,9,2,B,,,,,,830
9417,2021,2030,11.03,Me,9,3,V,,,1.1,Sh,4.0,830
9418,2021,2030,11.03,Me,9,4,S,0.0,0.0,,,,830
9419,2021,2030,11.03,Me,9,5,V,,,,,,830
9420,2021,2030,11.03,Me,9,5,V,,,,,,830
9421,2021,2030,11.03,Me,9,6,M,1.0,2.0,2.66,Sh,2.0,830
9422,2021,2030,11.03,Me,9,7,V,,,,,,830
9423,2021,2030,11.03,Me,9,7,M,1.0,4.0,4.39,Sh,5.0,830
9424,2021,2030,11.03,Me,9,7,M,0.0,0.0,0.7,Sh,4.0,830
9425,2021,2030,11.03,Me,9,8,M,1.0,5.0,4.98,Sh,6.0,830
9426,2021,2030,11.03,Me,9,9,M,0.0,0.0,8.24,Me,4.0,830
9427,2021,2030,11.03,Me,9,9,M,0.0,0.0,4.48,Sh,4.0,830
9428,2021,2030,11.03,Me,9,9,M,0.0,0.0,5.53,Me,6.0,830
9429,2021,2031,6.51,Me,4,1,V,,,6.46,Me,3.0,830
9430,2021,2031,6.51,Me,4,2,S,0.0,0.0,,,,830
9431,2021,2031,6.51,Me,4,3,M,1.0,2.0,0.1,Sh,5.0,830
9432,2021,2031,6.51,Me,4,3,M,0.0,0.0,2.09,Sh,4.0,830
9433,2021,2031,6.51,Me,4,4,M,1.0,3.0,3.13,Sh,3.0,830
9434,2021,2032,10.14,Me,7,1,V,,,1.26,Sh,5.0,830
9435,2021,2032,10.14,Me,7,1,V,,,,,,830
9436,2021,2032,10.14,Me,7,1,M,,,,,,830
9437,2021,2032,10.14,Me,7,1,V,,,4.1,Sh,5.0,830
9438,2021,2032,10.14,Me,7,2,M,,,,,,830
9439,2021,2032,10.14,Me,7,3,S,0.0,0.0,,,,830
9440,2021,2032,10.14,Me,7,4,M,0.0,0.0,6.09,Me,6.0,830
9441,2021,2032,10.14,Me,7,4,M,1.0,1.0,5.34,Me,6.0,830
9442,2021,2032,10.14,Me,7,5,V,,,5.53,Me,5.0,830
9443,2021,2032,10.14,Me,7,5,M,1.0,1.0,5.72,Me,3.0,830
9444,2021,2032,10.14,Me,7,5,M,1.0,3.0,3.22,Sh,5.0,830
9445,2021,2032,10.14,Me,7,6,V,,,,,,830
9446,2021,2032,10.14,Me,7,7,M,0.0,0.0,9.62,Me,5.0,830
9447,2021,2033,11.33,Me,8,1,B,,,,,,830
9448,2021,2033,11.33,Me,8,2,S,0.0,0.0,,,,830
9449,2021,2033,11.33,Me,8,3,V,,,1.33,Sh,1.0,830
9450,2021,2033,11.33,Me,8,4,S,0.0,0.0,,,,830
9451,2021,2033,11.33,Me,8,5,S,0.0,0.0,,,,830
9452,2021,2033,11.33,Me,8,6,M,0.0,0.0,5.76,Me,5.0,830
9453,2021,2033,11.33,Me,8,7,V,,,2.99,Sh,4.0,830
9454,2021,2033,11.33,Me,8,7,M,0.0,0.0,4.91,Sh,6.0,830
9455,2021,2033,11.33,Me,8,8,V,,,7.78,Me,8.0,830
9456,2021,2034,5.43,Me,4,1,M,0.0,0.0,0.13,Sh,2.0,830
9457,2021,2034,5.43,Me,4,2,M,,,,,,830
9458,2021,2034,5.43,Me,4,3,S,0.0,0.0,,,,830
9459,2021,2034,5.43,Me,4,4,S,0.0,0.0,,,,830
9460,2021,2035,7.63,Me,4,1,S,0.0,0.0,,,,830
9461,2021,2035,7.63,Me,4,2,S,0.0,0.0,,,,830
9462,2021,2035,7.63,Me,4,3,B,,,,,,830
9463,2021,2035,7.63,Me,4,4,V,,,4.42,Sh,6.0,830
9464,2021,2035,7.63,Me,4,4,V,,,3.69,Sh,6.0,830
9465,2021,2036,11.55,Me,9,1,V,,,,,,830
9466,2021,2036,11.55,Me,9,2,V,,,1.53,Sh,3.0,830
9467,2021,2036,11.55,Me,9,3,V,,,,,,830
9468,2021,2036,11.55,Me,9,4,V,,,3.22,Sh,3.0,830
9469,2021,2036,11.55,Me,9,5,V,,,3.26,Sh,5.0,830
9470,2021,2036,11.55,Me,9,6,V,,,4.77,Sh,7.0,830
9471,2021,2036,11.55,Me,9,6,M,1.0,5.0,2.58,Sh,3.0,830
9472,2021,2036,11.55,Me,9,6,M,0.0,0.0,2.96,Sh,4.0,830
9473,2021,2036,11.55,Me,9,6,M,0.0,0.0,1.14,Sh,4.0,830
9474,2021,2036,11.55,Me,9,7,M,1.0,4.0,2.55,Sh,2.0,830
9475,2021,2036,11.55,Me,9,8,M,1.0,6.0,2.06,Sh,8.0,830
9476,2021,2036,11.55,Me,9,9,M,1.0,3.0,6.39,Me,3.0,830
9477,2021,2036,11.55,Me,9,9,M,1.0,3.0,9.59,Me,7.0,830
9478,2021,2037,10.12,Me,6,1,V,,,,,,830
9479,2021,2037,10.12,Me,6,2,V,,,,,,830
9480,2021,2037,10.12,Me,6,3,B,,,,,,830
9481,2021,2037,10.12,Me,6,4,M,0.0,0.0,3.53,Sh,7.0,830
9482,2021,2037,10.12,Me,6,4,M,1.0,3.0,0.17,Sh,1.0,830
9483,2021,2037,10.12,Me,6,5,M,0.0,0.0,6.89,Me,7.0,830
9484,2021,2037,10.12,Me,6,6,M,0.0,0.0,9.4,Me,6.0,830
9485,2021,2037,10.12,Me,6,6,V,,,1.54,Sh,2.0,830
9486,2021,2039,4.01,Sh,6,1,B,,,,,,830
9487,2021,2039,4.01,Sh,6,2,M,0.0,0.0,4.72,Sh,6.0,830
9488,2021,2039,4.01,Sh,6,3,S,0.0,0.0,,,,830
9489,2021,2039,4.01,Sh,6,4,B,,,,,,830
9490,2021,2039,4.01,Sh,6,5,M,0.0,0.0,1.89,Sh,3.0,830
9491,2021,2039,4.01,Sh,6,6,M,0.0,0.0,1.11,Sh,1.0,830
9492,2021,2039,4.01,Sh,6,6,M,0.0,0.0,2.87,Sh,4.0,830
9493,2021,2039,4.01,Sh,6,6,V,,,3.92,Sh,4.0,830
9494,2021,2039,4.01,Sh,6,6,V,,,9.07,Me,8.0,830
9495,2021,2041,10.18,Me,7,1,B,,,,,,830
9496,2021,2041,10.18,Me,7,2,M,1.0,1.0,3.49,Sh,5.0,830
9497,2021,2041,10.18,Me,7,3,V,,,3.13,Sh,4.0,830
9498,2021,2041,10.18,Me,7,3,M,0.0,0.0,1.55,Sh,7.0,830
9499,2021,2041,10.18,Me,7,4,S,0.0,0.0,,,,830
9500,2021,2041,10.18,Me,7,5,B,,,,,,830
9501,2021,2041,10.18,Me,7,6,M,,,,,,830
9502,2021,2041,10.18,Me,7,6,V,,,2.85,Sh,5.0,830
9503,2021,2041,10.18,Me,7,7,M,0.0,0.0,7.04,Me,5.0,830
9504,2021,2044,6.5,Me,2,1,B,,,,,,830
9505,2021,2044,6.5,Me,2,2,S,0.0,0.0,,,,830
9506,2021,2045,4.23,Sh,3,1,V,,,0.55,Sh,3.0,830
9507,2021,2045,4.23,Sh,3,2,S,0.0,0.0,,,,830
9508,2021,2045,4.23,Sh,3,3,B,,,,,,830
9509,2021,2046,2.5,Sh,3,1,S,0.0,0.0,,,,830
9510,2021,2046,2.5,Sh,3,2,V,,,4.09,Sh,2.0,830
9511,2021,2046,2.5,Sh,3,3,S,0.0,0.0,,,,830
9512,2021,2047,6.77,Me,3,1,V,,,1.32,Sh,1.0,830
9513,2021,2047,6.77,Me,3,2,S,0.0,0.0,,,,830
9514,2021,2047,6.77,Me,3,3,M,0.0,0.0,3.13,Sh,2.0,830
9515,2021,2048,5.98,Me,2,1,B,,,,,,830
9516,2021,2048,5.98,Me,2,2,B,,,,,,830
9517,2021,2049,5.28,Me,1,1,M,0.0,0.0,4.28,Sh,5.0,830
9518,2021,2049,5.28,Me,1,1,V,,,4.27,Sh,4.0,830
9519,2021,2050,6.84,Me,6,1,V,,,2.53,Sh,3.0,830
9520,2021,2050,6.84,Me,6,2,B,,,,,,830
9521,2021,2050,6.84,Me,6,3,M,1.0,3.0,0.55,Sh,1.0,830
9522,2021,2050,6.84,Me,6,4,S,0.0,0.0,,,,830
9523,2021,2050,6.84,Me,6,5,M,1.0,5.0,1.07,Sh,3.0,830
9524,2021,2050,6.84,Me,6,6,M,0.0,0.0,4.72,Sh,5.0,830
9525,2021,2052,0.46,Sh,2,1,V,,,,,,830
9526,2021,2052,0.46,Sh,2,2,B,,,,,,830
9527,2021,2053,1.68,Sh,1,1,V,,,,,,830
9528,2021,2053,1.68,Sh,1,1,V,,,1.32,Sh,1.0,830
9529,2021,2053,1.68,Sh,1,1,V,,,5.81,Me,6.0,830
9530,2021,2054,0.59,Sh,4,1,M,0.0,0.0,2.34,Sh,3.0,830
9531,2021,2054,0.59,Sh,4,2,B,,,,,,830
9532,2021,2054,0.59,Sh,4,3,S,0.0,0.0,,,,830
9533,2021,2054,0.59,Sh,4,4,V,,,2.41,Sh,2.0,830
9534,2021,2054,0.59,Sh,4,4,M,0.0,0.0,1.59,Sh,5.0,830
9535,2021,2056,3.75,Sh,2,1,B,,,,,,830
9536,2021,2056,3.75,Sh,2,2,V,,,3.92,Sh,5.0,830
9537,2021,2057,2.73,Sh,2,1,M,1.0,1.0,2.0,Sh,1.0,830
9538,2021,2057,2.73,Sh,2,2,V,,,2.29,Sh,5.0,830
9539,2021,2058,6.91,Me,4,1,B,,,,,,830
9540,2021,2058,6.91,Me,4,2,M,0.0,0.0,2.27,Sh,6.0,830
9541,2021,2058,6.91,Me,4,2,M,,,,,,830
9542,2021,2058,6.91,Me,4,2,V,,,,,,830
9543,2021,2058,6.91,Me,4,3,M,1.0,1.0,3.34,Sh,2.0,830
9544,2021,2058,6.91,Me,4,4,V,,,6.08,Me,7.0,830
9545,2021,2061,5.84,Me,3,1,S,0.0,0.0,,,,830
9546,2021,2061,5.84,Me,3,2,S,0.0,0.0,,,,830
9547,2021,2061,5.84,Me,3,3,B,,,,,,830
9548,2021,2062,6.48,Me,6,1,S,0.0,0.0,,,,830
9549,2021,2062,6.48,Me,6,2,V,,,0.74,Sh,3.0,830
9550,2021,2062,6.48,Me,6,2,M,0.0,0.0,3.08,Sh,3.0,830
9551,2021,2062,6.48,Me,6,3,S,0.0,0.0,,,,830
9552,2021,2062,6.48,Me,6,4,B,,,,,,830
9553,2021,2062,6.48,Me,6,5,M,0.0,0.0,3.56,Sh,5.0,830
9554,2021,2062,6.48,Me,6,6,B,,,,,,830
9555,2021,2063,1.26,Sh,2,1,B,,,,,,830
9556,2021,2063,1.26,Sh,2,2,B,,,,,,830
9557,2021,2063,2.11,Sh,1,1,V,,,6.09,Me,6.0,830
9558,2021,2064,2.51,Sh,3,1,V,,,1.2,Sh,2.0,830
9559,2021,2064,2.51,Sh,3,2,B,,,,,,830
9560,2021,2064,2.51,Sh,3,3,S,0.0,0.0,,,,830
9561,2021,2065,3.21,Sh,4,1,B,,,,,,830
9562,2021,2065,3.21,Sh,4,2,B,,,,,,830
9563,2021,2065,3.21,Sh,4,3,V,,,2.91,Sh,3.0,830
9564,2021,2065,3.21,Sh,4,4,S,0.0,0.0,,,,830
9565,2021,2066,4.64,Sh,4,1,S,0.0,0.0,,,,830
9566,2021,2066,4.64,Sh,4,2,V,,,4.06,Sh,2.0,830
9567,2021,2066,4.64,Sh,4,2,V,,,3.44,Sh,5.0,830
9568,2021,2066,4.64,Sh,4,3,V,,,2.85,Sh,3.0,830
9569,2021,2066,4.64,Sh,4,4,M,,,,,,830
9570,2021,2067,6.74,Me,4,1,V,,,,,,830
9571,2021,2067,6.74,Me,4,1,V,,,0.62,Sh,2.0,830
9572,2021,2067,6.74,Me,4,2,B,,,,,,830
9573,2021,2067,6.74,Me,4,3,B,,,,,,830
9574,2021,2067,6.74,Me,4,4,S,0.0,0.0,,,,830
9575,2021,2070,2.04,Sh,3,1,B,,,,,,830
9576,2021,2070,2.04,Sh,3,2,B,,,,,,830
9577,2021,2070,2.04,Sh,3,3,B,,,,,,830
9578,2021,2072,3.46,Sh,2,1,V,,,3.31,Sh,6.0,830
9579,2021,2072,3.46,Sh,2,2,B,,,,,,830
9580,2021,2073,0.3,Sh,4,1,B,,,,,,830
9581,2021,2073,0.3,Sh,4,2,S,0.0,0.0,,,,830
9582,2021,2073,0.3,Sh,4,3,S,0.0,0.0,,,,830
9583,2021,2073,0.3,Sh,4,4,M,0.0,0.0,8.71,Me,3.0,830
9584,2021,2073,0.3,Sh,4,4,V,,,2.92,Sh,2.0,830
9585,2021,2074,1.85,Sh,7,1,M,0.0,0.0,2.0,Sh,2.0,830
9586,2021,2074,1.85,Sh,7,2,B,,,,,,830
9587,2021,2074,1.85,Sh,7,3,S,0.0,0.0,,,,830
9588,2021,2074,1.85,Sh,7,4,S,0.0,0.0,,,,830
9589,2021,2074,1.85,Sh,7,5,M,0.0,0.0,5.08,Me,1.0,830
9590,2021,2074,1.85,Sh,7,6,M,1.0,3.0,0.42,Sh,1.0,830
9591,2021,2074,1.85,Sh,7,7,M,1.0,3.0,3.62,Sh,7.0,830
9592,2021,2075,4.18,Sh,4,1,V,,,0.46,Sh,6.0,830
9593,2021,2075,4.18,Sh,4,1,M,,,,,,830
9594,2021,2075,4.18,Sh,4,2,S,0.0,0.0,,,,830
9595,2021,2075,4.18,Sh,4,3,B,,,,,,830
9596,2021,2075,4.18,Sh,4,4,V,,,2.83,Sh,4.0,830
9597,2021,2076,5.62,Me,3,1,V,,,1.92,Sh,2.0,830
9598,2021,2076,5.62,Me,3,1,V,,,1.58,Sh,3.0,830
9599,2021,2076,5.62,Me,3,2,B,,,,,,830
9600,2021,2076,5.62,Me,3,3,M,0.0,0.0,5.04,Me,3.0,830
9601,2021,2078,7.85,Me,7,1,V,,,1.58,Sh,1.0,830
9602,2021,2078,7.85,Me,7,2,B,,,,,,830
9603,2021,2078,7.85,Me,7,3,M,1.0,1.0,1.72,Sh,1.0,830
9604,2021,2078,7.85,Me,7,4,S,0.0,0.0,,,,830
9605,2021,2078,7.85,Me,7,5,M,1.0,1.0,4.61,Sh,3.0,830
9606,2021,2078,7.85,Me,7,6,M,0.0,0.0,0.06,Sh,3.0,830
9607,2021,2078,7.85,Me,7,7,M,1.0,2.0,4.4,Sh,3.0,830
9608,2021,2079,1.58,Sh,1,1,B,,,,,,830
9609,2021,2080,4.65,Sh,4,1,V,,,,,,830
9610,2021,2080,4.65,Sh,4,2,M,0.0,0.0,1.3,Sh,5.0,830
9611,2021,2080,4.65,Sh,4,2,M,0.0,0.0,3.37,Sh,4.0,830
9612,2021,2080,4.65,Sh,4,3,V,,,5.99,Me,6.0,830
9613,2021,2080,4.65,Sh,4,3,V,,,0.2,Sh,3.0,830
9614,2021,2080,4.65,Sh,4,4,M,1.0,2.0,3.52,Sh,2.0,830
9615,2021,2081,0.19,Sh,2,1,V,,,1.43,Sh,1.0,830
9616,2021,2081,0.19,Sh,2,1,V,,,1.28,Sh,1.0,830
9617,2021,2081,0.19,Sh,2,2,M,0.0,0.0,7.11,Me,6.0,830
9618,2021,2081,1.7,Sh,2,1,B,,,,,,830
9619,2021,2081,1.7,Sh,2,2,B,,,,,,830
9620,2021,2082,7.0,Me,7,1,B,,,,,,830
9621,2021,2082,7.0,Me,7,2,B,,,,,,830
9622,2021,2082,7.0,Me,7,3,V,,,1.71,Sh,1.0,830
9623,2021,2082,7.0,Me,7,4,B,,,,,,830
9624,2021,2082,7.0,Me,7,5,V,,,1.86,Sh,5.0,830
9625,2021,2082,7.0,Me,7,6,V,,,0.97,Sh,2.0,830
9626,2021,2082,7.0,Me,7,7,M,0.0,0.0,0.4,Sh,3.0,830
9627,2021,2083,1.1,Sh,1,1,S,0.0,0.0,,,,830
9628,2021,2084,3.54,Sh,2,1,B,,,,,,830
9629,2021,2084,3.54,Sh,2,2,M,0.0,0.0,2.51,Sh,3.0,830
9630,2021,2086,0.43,Sh,1,1,V,,,2.62,Sh,4.0,830
9631,2021,2086,0.43,Sh,1,1,V,,,2.33,Sh,3.0,830
9632,2021,2087,2.16,Sh,1,1,S,0.0,0.0,,,,830
9633,2021,2088,1.04,Sh,2,1,B,,,,,,830
9634,2021,2088,1.04,Sh,2,2,B,,,,,,830
9635,2021,2089,5.98,Me,5,1,V,,,,,,830
9636,2021,2089,5.98,Me,5,1,V,,,4.82,Sh,2.0,830
9637,2021,2089,5.98,Me,5,2,B,,,,,,830
9638,2021,2089,5.98,Me,5,3,M,0.0,0.0,5.05,Me,4.0,830
9639,2021,2089,5.98,Me,5,3,M,0.0,0.0,3.51,Sh,6.0,830
9640,2021,2089,5.98,Me,5,4,B,,,,,,830
9641,2021,2089,5.98,Me,5,5,M,0.0,0.0,3.55,Sh,1.0,830
9642,2021,2089,5.98,Me,5,5,V,,,3.14,Sh,3.0,830
9643,2021,2090,3.65,Sh,1,1,B,,,,,,830
9644,2021,2091,6.63,Me,3,1,B,,,,,,830
9645,2021,2091,6.63,Me,3,2,B,,,,,,830
9646,2021,2091,6.63,Me,3,3,V,,,5.12,Me,4.0,830
9647,2021,2091,6.63,Me,3,3,V,,,1.06,Sh,3.0,830
9648,2021,2092,7.25,Me,8,1,B,,,,,,830
9649,2021,2092,7.25,Me,8,2,V,,,,,,830
9650,2021,2092,7.25,Me,8,3,V,,,1.86,Sh,1.0,830
9651,2021,2092,7.25,Me,8,4,S,0.0,0.0,,,,830
9652,2021,2092,7.25,Me,8,5,M,1.0,1.0,7.83,Me,4.0,830
9653,2021,2092,7.25,Me,8,6,S,0.0,0.0,,,,830
9654,2021,2092,7.25,Me,8,7,S,0.0,0.0,,,,830
9655,2021,2092,7.25,Me,8,8,V,,,4.62,Sh,3.0,830
9656,2021,2092,7.25,Me,8,8,M,,,,,,830
9657,2021,2093,4.44,Sh,5,1,M,,,,,,830
9658,2021,2093,4.44,Sh,5,2,B,,,,,,830
9659,2021,2093,4.44,Sh,5,3,B,,,,,,830
9660,2021,2093,4.44,Sh,5,4,B,,,,,,830
9661,2021,2093,4.44,Sh,5,5,V,,,10.28,Me,4.0,830
9662,2021,2093,4.44,Sh,5,5,M,0.0,0.0,6.75,Me,6.0,830
9663,2021,2095,2.32,Sh,3,1,M,1.0,1.0,1.34,Sh,4.0,830
9664,2021,2095,2.32,Sh,3,2,S,0.0,0.0,,,,830
9665,2021,2095,2.32,Sh,3,3,V,,,4.28,Sh,2.0,830
9666,2021,2095,1.03,Sh,2,1,B,,,,,,830
9667,2021,2095,1.03,Sh,2,2,V,,,1.02,Sh,1.0,830
9668,2021,2097,3.36,Sh,8,1,B,,,,,,830
9669,2021,2097,3.36,Sh,8,2,M,,,,,,830
9670,2021,2097,3.36,Sh,8,2,V,,,,,,830
9671,2021,2097,3.36,Sh,8,3,V,,,3.62,Sh,2.0,830
9672,2021,2097,3.36,Sh,8,4,S,0.0,0.0,,,,830
9673,2021,2097,3.36,Sh,8,5,V,,,1.57,Sh,2.0,830
9674,2021,2097,3.36,Sh,8,6,M,,,,,,830
9675,2021,2097,3.36,Sh,8,6,M,0.0,0.0,5.53,Me,9.0,830
9676,2021,2097,3.36,Sh,8,7,M,0.0,0.0,6.37,Me,2.0,830
9677,2021,2097,3.36,Sh,8,8,M,1.0,5.0,5.88,Me,7.0,830
9678,2021,2098,1.72,Sh,6,1,M,0.0,0.0,1.24,Sh,3.0,830
9679,2021,2098,1.72,Sh,6,2,M,0.0,0.0,0.09,Sh,2.0,830
9680,2021,2098,1.72,Sh,6,2,M,0.0,0.0,0.37,Sh,2.0,830
9681,2021,2098,1.72,Sh,6,3,S,0.0,0.0,,,,830
9682,2021,2098,1.72,Sh,6,4,S,0.0,0.0,,,,830
9683,2021,2098,1.72,Sh,6,5,M,0.0,0.0,1.37,Sh,3.0,830
9684,2021,2098,1.72,Sh,6,5,V,,,0.23,Sh,1.0,830
9685,2021,2098,1.72,Sh,6,5,V,,,0.56,Sh,2.0,830
9686,2021,2098,1.72,Sh,6,6,S,0.0,0.0,,,,830
9687,2021,2099,2.66,Sh,1,1,M,0.0,0.0,2.56,Sh,4.0,830
9688,2021,2099,2.66,Sh,1,1,V,,,1.23,Sh,2.0,830
9689,2021,2103,8.95,Me,6,1,V,,,3.2,Sh,1.0,830
9690,2021,2103,8.95,Me,6,2,V,,,0.59,Sh,5.0,830
9691,2021,2103,8.95,Me,6,2,V,,,1.17,Sh,4.0,830
9692,2021,2103,8.95,Me,6,3,S,0.0,0.0,,,,830
9693,2021,2103,8.95,Me,6,4,V,,,4.59,Sh,2.0,830
9694,2021,2103,8.95,Me,6,5,V,,,6.9,Me,4.0,830
9695,2021,2103,8.95,Me,6,6,S,0.0,0.0,,,,830
9696,2021,2105,3.21,Sh,4,1,B,,,,,,830
9697,2021,2105,3.21,Sh,4,2,V,,,,,,830
9698,2021,2105,3.21,Sh,4,2,V,,,,,,830
9699,2021,2105,3.21,Sh,4,3,V,,,4.45,Sh,4.0,830
9700,2021,2105,3.21,Sh,4,3,M,1.0,6.0,5.82,Me,4.0,830
9701,2021,2105,3.21,Sh,4,4,V,,,2.68,Sh,6.0,830
9702,2021,2106,0.88,Sh,1,1,V,,,1.44,Sh,2.0,830
9703,2021,2107,4.75,Sh,10,1,M,,,,,,830
9704,2021,2107,4.75,Sh,10,1,V,,,,,,830
9705,2021,2107,4.75,Sh,10,2,V,,,0.82,Sh,1.0,830
9706,2021,2107,4.75,Sh,10,3,V,,,1.65,Sh,2.0,830
9707,2021,2107,4.75,Sh,10,4,M,1.0,3.0,2.96,Sh,2.0,830
9708,2021,2107,4.75,Sh,10,5,S,0.0,0.0,,,,830
9709,2021,2107,4.75,Sh,10,6,S,0.0,0.0,,,,830
9710,2021,2107,4.75,Sh,10,7,M,0.0,0.0,3.78,Sh,7.0,830
9711,2021,2107,4.75,Sh,10,7,V,,,0.25,Sh,2.0,830
9712,2021,2107,4.75,Sh,10,8,S,0.0,0.0,,,,830
9713,2021,2107,4.75,Sh,10,9,S,0.0,0.0,,,,830
9714,2021,2107,4.75,Sh,10,10,M,0.0,0.0,4.72,Sh,5.0,830
9715,2021,2108,1.87,Sh,1,1,S,0.0,0.0,,,,830
9716,2021,2109,0.28,Sh,1,1,B,,,,,,830
9717,2021,2110,1.21,Sh,5,1,V,,,3.65,Sh,3.0,830
9718,2021,2110,1.21,Sh,5,2,V,,,0.43,Sh,3.0,830
9719,2021,2110,1.21,Sh,5,3,S,0.0,0.0,,,,830
9720,2021,2110,1.21,Sh,5,4,V,,,4.02,Sh,5.0,830
9721,2021,2110,1.21,Sh,5,5,M,1.0,3.0,4.51,Sh,2.0,830
9722,2021,2112,3.47,Sh,6,1,B,,,,,,830
9723,2021,2112,3.47,Sh,6,2,S,0.0,0.0,,,,830
9724,2021,2112,3.47,Sh,6,3,S,0.0,0.0,,,,830
9725,2021,2112,3.47,Sh,6,4,V,,,6.95,Me,2.0,830
9726,2021,2112,3.47,Sh,6,4,V,,,0.46,Sh,5.0,830
9727,2021,2112,3.47,Sh,6,5,V,,,1.67,Sh,2.0,830
9728,2021,2112,3.47,Sh,6,6,V,,,6.66,Me,8.0,830
9729,2021,2112,3.47,Sh,6,6,V,,,4.11,Sh,3.0,830
9730,2021,2112,3.47,Sh,6,6,M,0.0,0.0,5.75,Me,5.0,830
9731,2021,2112,3.47,Sh,6,6,M,0.0,0.0,1.27,Sh,1.0,830
9732,2021,2112,3.47,Sh,6,6,M,0.0,0.0,5.17,Me,4.0,830
9733,2021,2114,0.99,Sh,2,1,M,1.0,4.0,0.84,Sh,4.0,830
9734,2021,2114,0.99,Sh,2,2,M,1.0,1.0,1.19,Sh,5.0,830
9735,2021,2114,0.99,Sh,2,2,V,,,2.45,Sh,2.0,830
9736,2021,2115,0.85,Sh,2,1,V,,,4.99,Sh,4.0,830
9737,2021,2115,0.85,Sh,2,2,V,,,1.1,Sh,3.0,830
9738,2021,2116,3.63,Sh,5,1,M,0.0,0.0,0.85,Sh,3.0,830
9739,2021,2116,3.63,Sh,5,2,B,,,,,,830
9740,2021,2116,3.63,Sh,5,3,S,0.0,0.0,,,,830
9741,2021,2116,3.63,Sh,5,4,M,0.0,0.0,5.7,Me,8.0,830
9742,2021,2116,3.63,Sh,5,5,V,,,7.62,Me,5.0,830
9743,2021,2116,3.52,Sh,3,1,S,0.0,0.0,,,,830
9744,2021,2116,3.52,Sh,3,2,S,0.0,0.0,,,,830
9745,2021,2116,3.52,Sh,3,3,V,,,7.3,Me,3.0,830
9746,2021,2117,1.24,Sh,5,1,M,0.0,0.0,0.35,Sh,3.0,830
9747,2021,2117,1.24,Sh,5,1,V,,,2.89,Sh,4.0,830
9748,2021,2117,1.24,Sh,5,2,S,0.0,0.0,,,,830
9749,2021,2117,1.24,Sh,5,3,S,0.0,0.0,,,,830
9750,2021,2117,1.24,Sh,5,4,S,0.0,0.0,,,,830
9751,2021,2117,1.24,Sh,5,5,M,0.0,0.0,4.07,Sh,4.0,830
9752,2021,2118,4.76,Sh,3,1,B,,,,,,830
9753,2021,2118,4.76,Sh,3,2,V,,,1.12,Sh,1.0,830
9754,2021,2118,4.76,Sh,3,3,V,,,1.79,Sh,1.0,830
9755,2021,2118,2.39,Sh,5,1,V,,,,,,830
9756,2021,2118,2.39,Sh,5,2,S,0.0,0.0,,,,830
9757,2021,2118,2.39,Sh,5,3,M,0.0,0.0,4.95,Sh,4.0,830
9758,2021,2118,2.39,Sh,5,4,M,0.0,0.0,5.03,Me,7.0,830
9759,2021,2118,2.39,Sh,5,5,V,,,3.58,Sh,2.0,830
9760,2021,2118,2.39,Sh,5,5,M,0.0,0.0,2.83,Sh,3.0,830
9761,2021,2119,0.63,Sh,1,1,S,0.0,0.0,,,,830
9762,2021,2120,10.9,Me,6,1,M,,,,,,830
9763,2021,2120,10.9,Me,6,1,V,,,0.31,Sh,3.0,830
9764,2021,2120,10.9,Me,6,1,M,0.0,0.0,0.13,Sh,4.0,830
9765,2021,2120,10.9,Me,6,2,V,,,3.59,Sh,3.0,830
9766,2021,2120,10.9,Me,6,3,V,,,6.3,Me,5.0,830
9767,2021,2120,10.9,Me,6,3,V,,,,,,830
9768,2021,2120,10.9,Me,6,3,M,0.0,0.0,5.3,Me,5.0,830
9769,2021,2120,10.9,Me,6,3,V,,,1.77,Sh,3.0,830
9770,2021,2120,10.9,Me,6,3,M,,,,,,830
9771,2021,2120,10.9,Me,6,3,V,,,7.95,Me,10.0,830
9772,2021,2120,10.9,Me,6,4,S,0.0,0.0,,,,830
9773,2021,2120,10.9,Me,6,5,B,,,,,,830
9774,2021,2120,10.9,Me,6,6,V,,,2.27,Sh,3.0,830
9775,2021,2121,4.19,Sh,6,1,V,,,0.12,Sh,1.0,830
9776,2021,2121,4.19,Sh,6,2,S,0.0,0.0,,,,830
9777,2021,2121,4.19,Sh,6,3,S,0.0,0.0,,,,830
9778,2021,2121,4.19,Sh,6,4,M,0.0,0.0,2.66,Sh,3.0,830
9779,2021,2121,4.19,Sh,6,5,B,,,,,,830
9780,2021,2121,4.19,Sh,6,6,M,0.0,0.0,2.83,Sh,2.0,830
9781,2021,2121,4.19,Sh,6,6,M,0.0,0.0,5.62,Me,7.0,830
9782,2021,2122,0.45,Sh,1,1,S,0.0,0.0,,,,830
9783,2021,2123,4.71,Sh,5,1,B,,,,,,830
9784,2021,2123,4.71,Sh,5,2,M,,,,,,830
9785,2021,2123,4.71,Sh,5,3,B,,,,,,830
9786,2021,2123,4.71,Sh,5,4,M,1.0,1.0,0.13,Sh,3.0,830
9787,2021,2123,4.71,Sh,5,5,M,0.0,0.0,8.24,Me,5.0,830
9788,2021,2124,3.38,Sh,6,1,S,0.0,0.0,,,,830
9789,2021,2124,3.38,Sh,6,2,M,1.0,3.0,0.53,Sh,2.0,830
9790,2021,2124,3.38,Sh,6,3,B,,,,,,830
9791,2021,2124,3.38,Sh,6,4,M,0.0,0.0,1.22,Sh,2.0,830
9792,2021,2124,3.38,Sh,6,5,S,0.0,0.0,,,,830
9793,2021,2124,3.38,Sh,6,6,M,0.0,0.0,4.6,Sh,2.0,830
9794,2021,2125,5.98,Me,4,1,M,0.0,0.0,7.68,Me,6.0,830
9795,2021,2125,5.98,Me,4,2,M,0.0,0.0,3.7,Sh,4.0,830
9796,2021,2125,5.98,Me,4,2,V,,,,,,830
9797,2021,2125,5.98,Me,4,3,S,0.0,0.0,,,,830
9798,2021,2125,5.98,Me,4,4,M,0.0,0.0,7.06,Me,5.0,830
9799,2021,2125,5.98,Me,4,4,V,,,2.66,Sh,1.0,830
9800,2021,2125,5.98,Me,4,4,V,,,4.04,Sh,5.0,830
9801,2021,2126,7.18,Me,8,1,V,,,1.51,Sh,5.0,830
9802,2021,2126,7.18,Me,8,2,B,,,,,,830
9803,2021,2126,7.18,Me,8,3,M,0.0,0.0,1.7,Sh,1.0,830
9804,2021,2126,7.18,Me,8,4,M,0.0,0.0,5.31,Me,6.0,830
9805,2021,2126,7.18,Me,8,5,V,,,0.83,Sh,4.0,830
9806,2021,2126,7.18,Me,8,5,M,1.0,5.0,4.2,Sh,5.0,830
9807,2021,2126,7.18,Me,8,5,M,1.0,1.0,0.92,Sh,3.0,830
9808,2021,2126,7.18,Me,8,6,S,0.0,0.0,,,,830
9809,2021,2126,7.18,Me,8,7,V,,,5.98,Me,4.0,830
9810,2021,2126,7.18,Me,8,7,M,1.0,1.0,4.28,Sh,1.0,830
9811,2021,2126,7.18,Me,8,8,M,1.0,2.0,1.17,Sh,5.0,830
9812,2021,2127,2.83,Sh,8,1,B,,,,,,830
9813,2021,2127,2.83,Sh,8,2,M,,,,,,830
9814,2021,2127,2.83,Sh,8,2,V,,,0.62,Sh,3.0,830
9815,2021,2127,2.83,Sh,8,2,V,,,0.57,Sh,4.0,830
9816,2021,2127,2.83,Sh,8,3,V,,,,,,830
9817,2021,2127,2.83,Sh,8,3,V,,,2.62,Sh,6.0,830
9818,2021,2127,2.83,Sh,8,3,V,,,2.83,Sh,6.0,830
9819,2021,2127,2.83,Sh,8,4,B,,,,,,830
9820,2021,2127,2.83,Sh,8,5,B,,,,,,830
9821,2021,2127,2.83,Sh,8,6,M,1.0,3.0,3.28,Sh,3.0,830
9822,2021,2127,2.83,Sh,8,7,M,0.0,0.0,4.44,Sh,4.0,830
9823,2021,2127,2.83,Sh,8,8,M,0.0,0.0,1.34,Sh,2.0,830
9824,2021,2130,6.74,Me,6,1,S,0.0,0.0,,,,830
9825,2021,2130,6.74,Me,6,2,S,0.0,0.0,,,,830
9826,2021,2130,6.74,Me,6,3,S,0.0,0.0,,,,830
9827,2021,2130,6.74,Me,6,4,M,0.0,0.0,2.48,Sh,2.0,830
9828,2021,2130,6.74,Me,6,5,V,,,4.31,Sh,6.0,830
9829,2021,2130,6.74,Me,6,6,M,0.0,0.0,3.09,Sh,2.0,830
9830,2021,2130,6.74,Me,6,6,V,,,7.7,Me,4.0,830
9831,2021,2131,5.74,Me,4,1,M,0.0,0.0,3.08,Sh,3.0,830
9832,2021,2131,5.74,Me,4,1,V,,,5.38,Me,5.0,830
9833,2021,2131,5.74,Me,4,2,S,0.0,0.0,,,,830
9834,2021,2131,5.74,Me,4,3,S,0.0,0.0,,,,830
9835,2021,2131,5.74,Me,4,4,B,,,,,,830
9836,2021,2133,1.73,Sh,1,1,B,,,,,,830
9837,2021,2133,0.9,Sh,1,1,V,,,4.42,Sh,8.0,830
9838,2021,2134,6.1,Me,5,1,M,0.0,0.0,0.64,Sh,4.0,830
9839,2021,2134,6.1,Me,5,1,V,,,0.39,Sh,3.0,830
9840,2021,2134,6.1,Me,5,2,V,,,1.64,Sh,1.0,830
9841,2021,2134,6.1,Me,5,3,V,,,,,,830
9842,2021,2134,6.1,Me,5,3,V,,,1.47,Sh,4.0,830
9843,2021,2134,6.1,Me,5,3,V,,,1.57,Sh,6.0,830
9844,2021,2134,6.1,Me,5,4,M,0.0,0.0,1.88,Sh,4.0,830
9845,2021,2134,6.1,Me,5,4,V,,,4.11,Sh,7.0,830
9846,2021,2134,6.1,Me,5,4,V,,,0.34,Sh,1.0,830
9847,2021,2134,6.1,Me,5,5,M,0.0,0.0,3.76,Sh,8.0,830
9848,2021,2135,4.98,Sh,8,1,B,,,,,,830
9849,2021,2135,4.98,Sh,8,2,M,,,,,,830
9850,2021,2135,4.98,Sh,8,2,V,,,5.15,Me,5.0,830
9851,2021,2135,4.98,Sh,8,3,S,0.0,0.0,,,,830
9852,2021,2135,4.98,Sh,8,4,M,,,,,,830
9853,2021,2135,4.98,Sh,8,4,M,0.0,0.0,1.33,Sh,1.0,830
9854,2021,2135,4.98,Sh,8,5,V,,,2.32,Sh,2.0,830
9855,2021,2135,4.98,Sh,8,5,M,1.0,2.0,1.76,Sh,3.0,830
9856,2021,2135,4.98,Sh,8,5,M,0.0,0.0,1.05,Sh,1.0,830
9857,2021,2135,4.98,Sh,8,6,B,,,,,,830
9858,2021,2135,4.98,Sh,8,7,M,1.0,3.0,4.33,Sh,5.0,830
9859,2021,2135,4.98,Sh,8,8,M,0.0,0.0,6.38,Me,5.0,830
9860,2021,2136,8.26,Me,4,1,B,,,,,,830
9861,2021,2136,8.26,Me,4,2,S,0.0,0.0,,,,830
9862,2021,2136,8.26,Me,4,3,V,,,0.26,Sh,2.0,830
9863,2021,2136,8.26,Me,4,4,S,0.0,0.0,,,,830
9864,2021,2137,4.6,Sh,2,1,V,,,2.84,Sh,3.0,830
9865,2021,2137,4.6,Sh,2,2,M,,,,,,830
9866,2021,2138,7.45,Me,6,1,M,0.0,0.0,0.43,Sh,3.0,830
9867,2021,2138,7.45,Me,6,1,M,0.0,0.0,2.87,Sh,6.0,830
9868,2021,2138,7.45,Me,6,2,M,0.0,0.0,0.87,Sh,1.0,830
9869,2021,2138,7.45,Me,6,3,S,0.0,0.0,,,,830
9870,2021,2138,7.45,Me,6,4,V,,,0.36,Sh,2.0,830
9871,2021,2138,7.45,Me,6,4,V,,,4.57,Sh,3.0,830
9872,2021,2138,7.45,Me,6,4,V,,,4.26,Sh,6.0,830
9873,2021,2138,7.45,Me,6,4,M,0.0,0.0,3.69,Sh,4.0,830
9874,2021,2138,7.45,Me,6,5,S,0.0,0.0,,,,830
9875,2021,2138,7.45,Me,6,6,M,0.0,0.0,6.99,Me,8.0,830
9876,2021,2140,2.34,Sh,3,1,V,,,,,,830
9877,2021,2140,2.34,Sh,3,2,S,0.0,0.0,,,,830
9878,2021,2140,2.34,Sh,3,3,M,1.0,7.0,4.38,Sh,6.0,830
9879,2021,2141,3.84,Sh,1,1,B,,,,,,830
9880,2021,2144,4.3,Sh,1,1,S,0.0,0.0,,,,830
9881,2021,2145,2.05,Sh,2,1,M,0.0,0.0,1.81,Sh,3.0,830
9882,2021,2145,2.05,Sh,2,2,M,0.0,0.0,4.13,Sh,3.0,830
9883,2021,2145,2.05,Sh,2,2,V,,,5.04,Me,3.0,830
9884,2021,2146,4.79,Sh,5,1,B,,,,,,830
9885,2021,2146,4.79,Sh,5,2,V,,,2.06,Sh,1.0,830
9886,2021,2146,4.79,Sh,5,3,M,1.0,3.0,6.06,Me,6.0,830
9887,2021,2146,4.79,Sh,5,3,V,,,4.57,Sh,4.0,830
9888,2021,2146,4.79,Sh,5,4,M,0.0,0.0,0.55,Sh,2.0,830
9889,2021,2146,4.79,Sh,5,4,M,0.0,0.0,3.17,Sh,4.0,830
9890,2021,2146,4.79,Sh,5,5,M,1.0,7.0,3.49,Sh,4.0,830
9891,2021,2147,5.32,Me,7,1,B,,,,,,830
9892,2021,2147,5.32,Me,7,2,V,,,4.94,Sh,1.0,830
9893,2021,2147,5.32,Me,7,2,M,,,,,,830
9894,2021,2147,5.32,Me,7,2,M,0.0,0.0,1.4,Sh,2.0,830
9895,2021,2147,5.32,Me,7,3,M,0.0,0.0,0.68,Sh,5.0,830
9896,2021,2147,5.32,Me,7,3,V,,,1.98,Sh,3.0,830
9897,2021,2147,5.32,Me,7,4,M,1.0,2.0,0.31,Sh,2.0,830
9898,2021,2147,5.32,Me,7,5,V,,,4.03,Sh,2.0,830
9899,2021,2147,5.32,Me,7,5,M,1.0,3.0,3.71,Sh,5.0,830
9900,2021,2147,5.32,Me,7,6,S,0.0,0.0,,,,830
9901,2021,2147,5.32,Me,7,7,M,0.0,0.0,8.75,Me,6.0,830
9902,2021,2148,5.35,Me,4,1,M,0.0,0.0,3.29,Sh,6.0,830
9903,2021,2148,5.35,Me,4,2,V,,,0.54,Sh,3.0,830
9904,2021,2148,5.35,Me,4,3,B,,,,,,830
9905,2021,2148,5.35,Me,4,4,B,,,,,,830
9906,2021,2151,2.52,Sh,2,1,V,,,2.67,Sh,2.0,830
9907,2021,2151,2.52,Sh,2,2,S,0.0,0.0,,,,830
9908,2021,2153,6.48,Me,6,1,B,,,,,,830
9909,2021,2153,6.48,Me,6,2,V,,,3.58,Sh,2.0,830
9910,2021,2153,6.48,Me,6,3,S,0.0,0.0,,,,830
9911,2021,2153,6.48,Me,6,4,V,,,3.32,Sh,4.0,830
9912,2021,2153,6.48,Me,6,5,V,,,,,,830
9913,2021,2153,6.48,Me,6,5,M,0.0,0.0,1.41,Sh,4.0,830
9914,2021,2153,6.48,Me,6,5,V,,,4.65,Sh,5.0,830
9915,2021,2153,6.48,Me,6,6,M,1.0,2.0,4.94,Sh,6.0,830
9916,2021,2154,4.1,Sh,4,1,B,,,,,,830
9917,2021,2154,4.1,Sh,4,2,V,,,2.63,Sh,2.0,830
9918,2021,2154,4.1,Sh,4,2,V,,,0.54,Sh,1.0,830
9919,2021,2154,4.1,Sh,4,2,M,,,,,,830
9920,2021,2154,4.1,Sh,4,3,B,,,,,,830
9921,2021,2154,4.1,Sh,4,4,V,,,5.4,Me,3.0,830
9922,2021,2155,0.91,Sh,1,1,M,1.0,1.0,3.26,Sh,3.0,830
9923,2021,2156,3.18,Sh,4,1,S,0.0,0.0,,,,830
9924,2021,2156,3.18,Sh,4,2,V,,,1.42,Sh,1.0,830
9925,2021,2156,3.18,Sh,4,2,V,,,,,,830
9926,2021,2156,3.18,Sh,4,2,M,0.0,0.0,1.88,Sh,3.0,830
9927,2021,2156,3.18,Sh,4,2,M,0.0,0.0,0.62,Sh,1.0,830
9928,2021,2156,3.18,Sh,4,3,V,,,1.77,Sh,1.0,830
9929,2021,2156,3.18,Sh,4,4,B,,,,,,830
9930,2021,2157,0.96,Sh,2,1,V,,,,,,830
9931,2021,2157,0.96,Sh,2,2,M,0.0,0.0,0.3,Sh,1.0,830
9932,2021,2158,1.97,Sh,2,1,V,,,4.98,Sh,7.0,830
9933,2021,2158,1.97,Sh,2,2,S,0.0,0.0,,,,830
9934,2021,2159,8.22,Me,2,1,B,,,,,,830
9935,2021,2159,8.22,Me,2,2,V,,,7.34,Me,6.0,830
9936,2021,2160,4.76,Sh,4,1,M,,,,,,830
9937,2021,2160,4.76,Sh,4,1,V,,,,,,830
9938,2021,2160,4.76,Sh,4,2,S,0.0,0.0,,,,830
9939,2021,2160,4.76,Sh,4,3,S,0.0,0.0,,,,830
9940,2021,2160,4.76,Sh,4,4,M,1.0,1.0,8.88,Me,3.0,830
9941,2021,2161,2.3,Sh,4,1,V,,,1.36,Sh,4.0,830
9942,2021,2161,2.3,Sh,4,2,V,,,,,,830
9943,2021,2161,2.3,Sh,4,2,M,1.0,4.0,1.38,Sh,3.0,830
9944,2021,2161,2.3,Sh,4,3,M,1.0,1.0,6.76,Me,4.0,830
9945,2021,2161,2.3,Sh,4,4,M,1.0,2.0,2.28,Sh,3.0,830
9946,2021,2162,7.24,Me,5,1,B,,,,,,830
9947,2021,2162,7.24,Me,5,2,V,,,0.14,Sh,3.0,830
9948,2021,2162,7.24,Me,5,3,B,,,,,,830
9949,2021,2162,7.24,Me,5,4,M,,,,,,830
9950,2021,2162,7.24,Me,5,5,V,,,0.02,Sh,1.0,830
9951,2021,2163,9.97,Me,7,1,V,,,,,,830
9952,2021,2163,9.97,Me,7,1,V,,,,,,830
9953,2021,2163,9.97,Me,7,2,M,0.0,0.0,0.21,Sh,1.0,830
9954,2021,2163,9.97,Me,7,3,V,,,1.3,Sh,2.0,830
9955,2021,2163,9.97,Me,7,3,M,0.0,0.0,1.42,Sh,3.0,830
9956,2021,2163,9.97,Me,7,4,S,0.0,0.0,,,,830
9957,2021,2163,9.97,Me,7,5,V,,,5.71,Me,1.0,830
9958,2021,2163,9.97,Me,7,6,M,1.0,6.0,3.72,Sh,4.0,830
9959,2021,2163,9.97,Me,7,7,M,0.0,0.0,7.79,Me,6.0,830
9960,2021,2167,3.08,Sh,4,1,B,,,,,,830
9961,2021,2167,3.08,Sh,4,2,V,,,1.1,Sh,5.0,830
9962,2021,2167,3.08,Sh,4,3,B,,,,,,830
9963,2021,2167,3.08,Sh,4,4,B,,,,,,830
9964,2021,2169,4.58,Sh,2,1,V,,,1.06,Sh,1.0,830
9965,2021,2169,4.58,Sh,2,2,V,,,4.41,Sh,5.0,830
9966,2021,2170,5.35,Me,5,1,B,,,,,,830
9967,2021,2170,5.35,Me,5,2,M,0.0,0.0,6.42,Me,5.0,830
9968,2021,2170,5.35,Me,5,3,M,1.0,1.0,1.91,Sh,2.0,830
9969,2021,2170,5.35,Me,5,4,S,0.0,0.0,,,,830
9970,2021,2170,5.35,Me,5,5,V,,,6.75,Me,5.0,830
9971,2021,2171,11.12,Me,7,1,B,,,,,,830
9972,2021,2171,11.12,Me,7,2,V,,,3.0,Sh,4.0,830
9973,2021,2171,11.12,Me,7,3,S,0.0,0.0,,,,830
9974,2021,2171,11.12,Me,7,4,S,0.0,0.0,,,,830
9975,2021,2171,11.12,Me,7,5,S,0.0,0.0,,,,830
9976,2021,2171,11.12,Me,7,6,M,1.0,2.0,0.73,Sh,2.0,830
9977,2021,2171,11.12,Me,7,7,M,0.0,0.0,6.45,Me,5.0,830
9978,2021,2171,11.12,Me,7,7,M,0.0,0.0,0.45,Sh,3.0,830
9979,2021,2171,11.12,Me,7,7,M,0.0,0.0,4.93,Sh,6.0,830
9980,2021,2171,11.12,Me,7,7,M,0.0,0.0,5.39,Me,2.0,830
9981,2021,2172,1.36,Sh,2,1,V,,,1.34,Sh,2.0,830
9982,2021,2172,1.36,Sh,2,2,B,,,,,,830
9983,2021,2173,3.34,Sh,4,1,V,,,,,,830
9984,2021,2173,3.34,Sh,4,1,V,,,0.18,Sh,1.0,830
9985,2021,2173,3.34,Sh,4,2,V,,,0.41,Sh,3.0,830
9986,2021,2173,3.34,Sh,4,3,B,,,,,,830
9987,2021,2173,3.34,Sh,4,4,M,1.0,1.0,4.22,Sh,4.0,830
9988,2021,2174,1.09,Sh,4,1,V,,,0.67,Sh,4.0,830
9989,2021,2174,1.09,Sh,4,2,S,0.0,0.0,,,,830
9990,2021,2174,1.09,Sh,4,3,B,,,,,,830
9991,2021,2174,1.09,Sh,4,4,M,0.0,0.0,4.51,Sh,4.0,830
9992,2021,2175,3.2,Sh,6,1,S,0.0,0.0,,,,830
9993,2021,2175,3.2,Sh,6,2,V,,,2.17,Sh,6.0,830
9994,2021,2175,3.2,Sh,6,2,V,,,2.33,Sh,6.0,830
9995,2021,2175,3.2,Sh,6,2,V,,,5.44,Me,6.0,830
9996,2021,2175,3.2,Sh,6,2,V,,,1.11,Sh,2.0,830
9997,2021,2175,3.2,Sh,6,3,M,1.0,2.0,5.57,Me,5.0,830
9998,2021,2175,3.2,Sh,6,4,S,0.0,0.0,,,,830
9999,2021,2175,3.2,Sh,6,5,M,1.0,6.0,0.7,Sh,3.0,830
10000,2021,2175,3.2,Sh,6,6,B,,,,,,830
10001,2021,2176,0.36,Sh,4,1,B,,,,,,830
10002,2021,2176,0.36,Sh,4,2,S,0.0,0.0,,,,830
10003,2021,2176,0.36,Sh,4,3,M,0.0,0.0,4.08,Sh,4.0,830
10004,2021,2176,0.36,Sh,4,3,M,0.0,0.0,3.45,Sh,6.0,830
10005,2021,2176,0.36,Sh,4,4,V,,,9.38,Me,5.0,830
10006,2021,2177,5.9,Me,8,1,M,,,,,,830
10007,2021,2177,5.9,Me,8,2,V,,,0.28,Sh,3.0,830
10008,2021,2177,5.9,Me,8,3,M,,,,,,830
10009,2021,2177,5.9,Me,8,4,M,0.0,0.0,1.77,Sh,3.0,830
10010,2021,2177,5.9,Me,8,4,M,0.0,0.0,1.39,Sh,3.0,830
10011,2021,2177,5.9,Me,8,5,M,1.0,4.0,0.43,Sh,1.0,830
10012,2021,2177,5.9,Me,8,6,M,,,,,,830
10013,2021,2177,5.9,Me,8,7,M,0.0,0.0,8.62,Me,5.0,830
10014,2021,2177,5.9,Me,8,7,M,1.0,2.0,3.75,Sh,3.0,830
10015,2021,2177,5.9,Me,8,8,M,0.0,0.0,7.45,Me,6.0,830
10016,2021,2177,5.9,Me,8,8,M,0.0,0.0,0.39,Sh,2.0,830
10017,2021,2177,5.9,Me,8,8,M,0.0,0.0,3.73,Sh,2.0,830
10018,2021,2178,1.83,Sh,4,1,S,0.0,0.0,,,,830
10019,2021,2178,1.83,Sh,4,2,S,0.0,0.0,,,,830
10020,2021,2178,1.83,Sh,4,3,V,,,5.7,Me,5.0,830
10021,2021,2178,1.83,Sh,4,3,M,0.0,0.0,6.17,Me,6.0,830
10022,2021,2178,1.83,Sh,4,4,M,1.0,4.0,3.17,Sh,2.0,830
10023,2021,2178,3.53,Sh,3,1,M,1.0,5.0,0.63,Sh,1.0,830
10024,2021,2178,3.53,Sh,3,2,B,,,,,,830
10025,2021,2178,3.53,Sh,3,3,S,0.0,0.0,,,,830
10026,2021,2179,5.94,Me,6,1,B,,,,,,830
10027,2021,2179,5.94,Me,6,2,S,0.0,0.0,,,,830
10028,2021,2179,5.94,Me,6,3,S,0.0,0.0,,,,830
10029,2021,2179,5.94,Me,6,4,S,0.0,0.0,,,,830
10030,2021,2179,5.94,Me,6,5,V,,,4.16,Sh,3.0,830
10031,2021,2179,5.94,Me,6,5,M,1.0,3.0,3.9,Sh,4.0,830
10032,2021,2179,5.94,Me,6,6,V,,,4.62,Sh,8.0,830
10033,2021,2180,3.58,Sh,3,1,S,0.0,0.0,,,,830
10034,2021,2180,3.58,Sh,3,2,B,,,,,,830
10035,2021,2180,3.58,Sh,3,3,B,,,,,,830
10036,2021,2184,9.44,Me,9,1,V,,,1.49,Sh,2.0,830
10037,2021,2184,9.44,Me,9,2,V,,,1.42,Sh,2.0,830
10038,2021,2184,9.44,Me,9,3,B,,,,,,830
10039,2021,2184,9.44,Me,9,4,V,,,1.84,Sh,5.0,830
10040,2021,2184,9.44,Me,9,4,M,1.0,1.0,3.9,Sh,1.0,830
10041,2021,2184,9.44,Me,9,5,M,0.0,0.0,2.35,Sh,2.0,830
10042,2021,2184,9.44,Me,9,5,M,0.0,0.0,0.77,Sh,1.0,830
10043,2021,2184,9.44,Me,9,6,V,,,4.22,Sh,5.0,830
10044,2021,2184,9.44,Me,9,6,V,,,1.56,Sh,3.0,830
10045,2021,2184,9.44,Me,9,7,S,0.0,0.0,,,,830
10046,2021,2184,9.44,Me,9,8,M,0.0,0.0,3.22,Sh,6.0,830
10047,2021,2184,9.44,Me,9,8,V,,,5.13,Me,8.0,830
10048,2021,2184,9.44,Me,9,8,V,,,8.44,Me,7.0,830
10049,2021,2184,9.44,Me,9,9,M,0.0,0.0,6.02,Me,4.0,830
10050,2021,2184,9.44,Me,9,9,M,0.0,0.0,1.34,Sh,2.0,830
10051,2021,2185,0.46,Sh,2,1,B,,,,,,830
10052,2021,2185,0.46,Sh,2,2,B,,,,,,830
10053,2021,2187,4.46,Sh,6,1,B,,,,,,830
10054,2021,2187,4.46,Sh,6,2,M,0.0,0.0,6.44,Me,4.0,830
10055,2021,2187,4.46,Sh,6,3,S,0.0,0.0,,,,830
10056,2021,2187,4.46,Sh,6,4,S,0.0,0.0,,,,830
10057,2021,2187,4.46,Sh,6,5,M,1.0,5.0,2.57,Sh,4.0,830
10058,2021,2187,4.46,Sh,6,5,M,1.0,3.0,0.13,Sh,3.0,830
10059,2021,2187,4.46,Sh,6,6,M,0.0,0.0,6.77,Me,7.0,830
10060,2021,2187,4.46,Sh,6,6,V,,,6.44,Me,5.0,830
10061,2021,2187,2.09,Sh,4,1,V,,,1.2,Sh,2.0,830
10062,2021,2187,2.09,Sh,4,2,V,,,3.62,Sh,2.0,830
10063,2021,2187,2.09,Sh,4,3,B,,,,,,830
10064,2021,2187,2.09,Sh,4,4,S,0.0,0.0,,,,830
10065,2021,2189,2.63,Sh,4,1,V,,,,,,830
10066,2021,2189,2.63,Sh,4,1,M,0.0,0.0,1.39,Sh,3.0,830
10067,2021,2189,2.63,Sh,4,2,V,,,0.76,Sh,2.0,830
10068,2021,2189,2.63,Sh,4,3,V,,,3.3,Sh,4.0,830
10069,2021,2189,2.63,Sh,4,3,V,,,3.36,Sh,3.0,830
10070,2021,2189,2.63,Sh,4,4,V,,,1.89,Sh,4.0,830
10071,2021,2190,1.08,Sh,2,1,B,,,,,,830
10072,2021,2190,1.08,Sh,2,2,S,0.0,0.0,,,,830
10073,2021,2194,1.0,Sh,1,1,B,,,,,,830
10074,2021,2195,1.73,Sh,1,1,B,,,,,,830
10075,2021,2196,4.1,Sh,2,1,B,,,,,,830
10076,2021,2196,4.1,Sh,2,2,S,0.0,0.0,,,,830
10077,2021,2197,9.93,Me,6,1,B,,,,,,830
10078,2021,2197,9.93,Me,6,2,V,,,2.27,Sh,3.0,830
10079,2021,2197,9.93,Me,6,2,V,,,2.28,Sh,5.0,830
10080,2021,2197,9.93,Me,6,2,V,,,,,,830
10081,2021,2197,9.93,Me,6,3,S,0.0,0.0,,,,830
10082,2021,2197,9.93,Me,6,4,B,,,,,,830
10083,2021,2197,9.93,Me,6,5,M,0.0,0.0,6.26,Me,6.0,830
10084,2021,2197,9.93,Me,6,6,S,0.0,0.0,,,,830
10085,2021,2198,7.96,Me,6,1,M,0.0,0.0,4.29,Sh,2.0,830
10086,2021,2198,7.96,Me,6,1,V,,,,,,830
10087,2021,2198,7.96,Me,6,2,V,,,0.65,Sh,4.0,830
10088,2021,2198,7.96,Me,6,3,M,0.0,0.0,3.63,Sh,2.0,830
10089,2021,2198,7.96,Me,6,4,S,0.0,0.0,,,,830
10090,2021,2198,7.96,Me,6,5,M,1.0,3.0,8.23,Me,4.0,830
10091,2021,2198,7.96,Me,6,5,V,,,7.82,Me,7.0,830
10092,2021,2198,7.96,Me,6,6,M,1.0,5.0,5.02,Me,4.0,830
10093,2021,2199,3.04,Sh,6,1,B,,,,,,830
10094,2021,2199,3.04,Sh,6,2,V,,,3.94,Sh,5.0,830
10095,2021,2199,3.04,Sh,6,2,M,1.0,4.0,1.44,Sh,4.0,830
10096,2021,2199,3.04,Sh,6,3,B,,,,,,830
10097,2021,2199,3.04,Sh,6,4,S,0.0,0.0,,,,830
10098,2021,2199,3.04,Sh,6,5,V,,,7.9,Me,8.0,830
10099,2021,2199,3.04,Sh,6,6,M,0.0,0.0,2.33,Sh,3.0,830
10100,2021,2200,8.02,Me,5,1,V,,,2.0,Sh,4.0,830
10101,2021,2200,8.02,Me,5,1,V,,,,,,830
10102,2021,2200,8.02,Me,5,2,B,,,,,,830
10103,2021,2200,8.02,Me,5,3,V,,,2.37,Sh,1.0,830
10104,2021,2200,8.02,Me,5,4,V,,,2.46,Sh,1.0,830
10105,2021,2200,8.02,Me,5,5,M,0.0,0.0,1.52,Sh,2.0,830
10106,2021,2201,3.35,Sh,4,1,V,,,3.06,Sh,6.0,830
10107,2021,2201,3.35,Sh,4,2,S,0.0,0.0,,,,830
10108,2021,2201,3.35,Sh,4,3,V,,,3.25,Sh,3.0,830
10109,2021,2201,3.35,Sh,4,4,B,,,,,,830
10110,2021,2202,4.61,Sh,3,1,B,,,,,,830
10111,2021,2202,4.61,Sh,3,2,M,1.0,4.0,5.75,Me,4.0,830
10112,2021,2202,4.61,Sh,3,3,V,,,3.95,Sh,4.0,830
10113,2021,2202,4.61,Sh,3,3,V,,,6.08,Me,5.0,830
10114,2021,2203,11.7,Me,6,1,S,0.0,0.0,,,,830
10115,2021,2203,11.7,Me,6,2,S,0.0,0.0,,,,830
10116,2021,2203,11.7,Me,6,3,M,,,,,,830
10117,2021,2203,11.7,Me,6,3,M,0.0,0.0,0.68,Sh,4.0,830
10118,2021,2203,11.7,Me,6,4,M,0.0,0.0,0.89,Sh,1.0,830
10119,2021,2203,11.7,Me,6,4,V,,,4.36,Sh,3.0,830
10120,2021,2203,11.7,Me,6,5,M,0.0,0.0,1.41,Sh,1.0,830
10121,2021,2203,11.7,Me,6,6,V,,,2.92,Sh,3.0,830
10122,2021,2203,11.7,Me,6,6,M,0.0,0.0,0.01,Sh,2.0,830
10123,2021,2204,2.61,Sh,3,1,V,,,7.05,Me,5.0,830
10124,2021,2204,2.61,Sh,3,2,V,,,4.07,Sh,4.0,830
10125,2021,2204,2.61,Sh,3,3,M,1.0,4.0,5.9,Me,6.0,830
10126,2021,2205,2.25,Sh,2,1,B,,,,,,830
10127,2021,2205,2.25,Sh,2,2,V,,,8.41,Me,6.0,830
10128,2021,2207,2.37,Sh,2,1,B,,,,,,830
10129,2021,2207,2.37,Sh,2,2,V,,,1.59,Sh,3.0,830
10130,2021,2207,2.37,Sh,2,2,V,,,1.45,Sh,5.0,830
10131,2021,2207,2.37,Sh,2,2,V,,,1.22,Sh,4.0,830
10132,2021,2208,8.1,Me,8,1,B,,,,,,830
10133,2021,2208,8.1,Me,8,2,M,,,,,,830
10134,2021,2208,8.1,Me,8,2,M,,,,,,830
10135,2021,2208,8.1,Me,8,3,M,0.0,0.0,1.76,Sh,3.0,830
10136,2021,2208,8.1,Me,8,3,M,,,,,,830
10137,2021,2208,8.1,Me,8,4,V,,,6.62,Me,6.0,830
10138,2021,2208,8.1,Me,8,5,M,0.0,0.0,1.66,Sh,3.0,830
10139,2021,2208,8.1,Me,8,5,M,0.0,0.0,5.48,Me,8.0,830
10140,2021,2208,8.1,Me,8,6,S,0.0,0.0,,,,830
10141,2021,2208,8.1,Me,8,7,V,,,,,,830
10142,2021,2208,8.1,Me,8,8,M,1.0,2.0,5.27,Me,6.0,830
10143,2021,2212,1.25,Sh,1,1,S,0.0,0.0,,,,830
10144,2021,2213,1.44,Sh,1,1,S,0.0,0.0,,,,830
10145,2021,2214,0.49,Sh,4,1,S,0.0,0.0,,,,830
10146,2021,2214,0.49,Sh,4,2,V,,,3.27,Sh,5.0,830
10147,2021,2214,0.49,Sh,4,3,S,0.0,0.0,,,,830
10148,2021,2214,0.49,Sh,4,4,B,,,,,,830
10149,2021,2215,3.36,Sh,3,1,B,,,,,,830
10150,2021,2215,3.36,Sh,3,2,S,0.0,0.0,,,,830
10151,2021,2215,3.36,Sh,3,3,M,0.0,0.0,0.46,Sh,2.0,830
10152,2021,2215,3.36,Sh,3,3,V,,,3.98,Sh,3.0,830
10153,2021,2215,3.36,Sh,3,3,M,0.0,0.0,1.23,Sh,2.0,830
10154,2021,2215,3.36,Sh,3,3,V,,,3.38,Sh,2.0,830
10155,2021,2216,0.38,Sh,4,1,S,0.0,0.0,,,,830
10156,2021,2216,0.38,Sh,4,2,S,0.0,0.0,,,,830
10157,2021,2216,0.38,Sh,4,3,B,,,,,,830
10158,2021,2216,0.38,Sh,4,4,B,,,,,,830
10159,2021,2217,9.97,Me,5,1,V,,,,,,830
10160,2021,2217,9.97,Me,5,1,M,0.0,0.0,0.56,Sh,2.0,830
10161,2021,2217,9.97,Me,5,1,V,,,,,,830
10162,2021,2217,9.97,Me,5,1,V,,,2.49,Sh,3.0,830
10163,2021,2217,9.97,Me,5,2,B,,,,,,830
10164,2021,2217,9.97,Me,5,3,S,0.0,0.0,,,,830
10165,2021,2217,9.97,Me,5,4,S,0.0,0.0,,,,830
10166,2021,2217,9.97,Me,5,5,M,1.0,1.0,9.22,Me,7.0,830
10167,2021,2218,1.14,Sh,6,1,B,,,,,,830
10168,2021,2218,1.14,Sh,6,2,V,,,,,,830
10169,2021,2218,1.14,Sh,6,3,M,0.0,0.0,3.7,Sh,5.0,830
10170,2021,2218,1.14,Sh,6,4,S,0.0,0.0,,,,830
10171,2021,2218,1.14,Sh,6,5,V,,,1.68,Sh,1.0,830
10172,2021,2218,1.14,Sh,6,6,V,,,6.68,Me,8.0,830
10173,2021,2219,7.64,Me,8,1,V,,,,,,830
10174,2021,2219,7.64,Me,8,2,V,,,4.38,Sh,5.0,830
10175,2021,2219,7.64,Me,8,3,V,,,3.0,Sh,4.0,830
10176,2021,2219,7.64,Me,8,4,V,,,,,,830
10177,2021,2219,7.64,Me,8,5,S,0.0,0.0,,,,830
10178,2021,2219,7.64,Me,8,6,V,,,0.42,Sh,2.0,830
10179,2021,2219,7.64,Me,8,6,V,,,7.79,Me,5.0,830
10180,2021,2219,7.64,Me,8,6,V,,,4.33,Sh,3.0,830
10181,2021,2219,7.64,Me,8,7,M,1.0,1.0,1.94,Sh,3.0,830
10182,2021,2219,7.64,Me,8,8,V,,,11.55,Me,7.0,830
10183,2021,2220,3.28,Sh,4,1,M,,,,,,830
10184,2021,2220,3.28,Sh,4,2,S,0.0,0.0,,,,830
10185,2021,2220,3.28,Sh,4,3,B,,,,,,830
10186,2021,2220,3.28,Sh,4,4,S,0.0,0.0,,,,830
10187,2021,2220,3.16,Sh,2,1,B,,,,,,830
10188,2021,2220,3.16,Sh,2,2,M,0.0,0.0,0.19,Sh,1.0,830
10189,2021,2221,5.74,Me,4,1,B,,,,,,830
10190,2021,2221,5.74,Me,4,2,V,,,4.62,Sh,3.0,830
10191,2021,2221,5.74,Me,4,3,V,,,,,,830
10192,2021,2221,5.74,Me,4,3,M,0.0,0.0,3.35,Sh,5.0,830
10193,2021,2221,5.74,Me,4,3,V,,,0.09,Sh,1.0,830
10194,2021,2221,5.74,Me,4,3,V,,,2.88,Sh,2.0,830
10195,2021,2221,5.74,Me,4,4,M,,,,,,830
10196,2021,2226,2.59,Sh,4,1,B,,,,,,830
10197,2021,2226,2.59,Sh,4,2,V,,,0.66,Sh,1.0,830
10198,2021,2226,2.59,Sh,4,3,V,,,3.66,Sh,3.0,830
10199,2021,2226,2.59,Sh,4,4,S,0.0,0.0,,,,830
10200,2021,2227,1.89,Sh,8,1,B,,,,,,830
10201,2021,2227,1.89,Sh,8,2,B,,,,,,830
10202,2021,2227,1.89,Sh,8,3,V,,,,,,830
10203,2021,2227,1.89,Sh,8,4,S,0.0,0.0,,,,830
10204,2021,2227,1.89,Sh,8,5,M,0.0,0.0,3.71,Sh,3.0,830
10205,2021,2227,1.89,Sh,8,6,V,,,6.88,Me,8.0,830
10206,2021,2227,1.89,Sh,8,7,M,1.0,2.0,1.38,Sh,4.0,830
10207,2021,2227,1.89,Sh,8,8,S,0.0,0.0,,,,830
10208,2021,2229,1.14,Sh,3,1,M,,,,,,830
10209,2021,2229,1.14,Sh,3,2,B,,,,,,830
10210,2021,2229,1.14,Sh,3,3,V,,,5.07,Me,8.0,830
10211,2021,2229,2.21,Sh,3,1,V,,,,,,830
10212,2021,2229,2.21,Sh,3,2,S,0.0,0.0,,,,830
10213,2021,2229,2.21,Sh,3,3,V,,,4.7,Sh,5.0,830
10214,2021,2229,2.21,Sh,3,3,M,,,,,,830
10215,2021,2229,2.23,Sh,2,1,V,,,0.15,Sh,2.0,830
10216,2021,2229,2.23,Sh,2,2,B,,,,,,830
10217,2021,2229,0.97,Sh,2,1,V,,,,,,830
10218,2021,2229,0.97,Sh,2,1,V,,,1.77,Sh,4.0,830
10219,2021,2229,0.97,Sh,2,1,M,1.0,1.0,2.01,Sh,4.0,830
10220,2021,2229,0.97,Sh,2,2,B,,,,,,830
10221,2021,2230,2.38,Sh,2,1,V,,,2.06,Sh,4.0,830
10222,2021,2230,2.38,Sh,2,2,S,0.0,0.0,,,,830
10223,2021,2233,5.83,Me,3,1,B,,,,,,830
10224,2021,2233,5.83,Me,3,2,S,0.0,0.0,,,,830
10225,2021,2233,5.83,Me,3,3,V,,,2.78,Sh,3.0,830
10226,2021,2234,8.19,Me,6,1,M,,,,,,830
10227,2021,2234,8.19,Me,6,2,M,0.0,0.0,1.57,Sh,2.0,830
10228,2021,2234,8.19,Me,6,3,V,,,0.59,Sh,2.0,830
10229,2021,2234,8.19,Me,6,4,V,,,2.24,Sh,4.0,830
10230,2021,2234,8.19,Me,6,5,B,,,,,,830
10231,2021,2234,8.19,Me,6,6,M,,,,,,830
10232,2021,2235,3.03,Sh,4,1,B,,,,,,830
10233,2021,2235,3.03,Sh,4,2,V,,,7.88,Me,7.0,830
10234,2021,2235,3.03,Sh,4,3,B,,,,,,830
10235,2021,2235,3.03,Sh,4,4,S,0.0,0.0,,,,830
10236,2021,2236,7.69,Me,6,1,M,0.0,0.0,1.14,Sh,2.0,830
10237,2021,2236,7.69,Me,6,1,V,,,,,,830
10238,2021,2236,7.69,Me,6,1,M,,,,,,830
10239,2021,2236,7.69,Me,6,2,V,,,,,,830
10240,2021,2236,7.69,Me,6,2,V,,,1.45,Sh,2.0,830
10241,2021,2236,7.69,Me,6,2,V,,,,,,830
10242,2021,2236,7.69,Me,6,3,S,0.0,0.0,,,,830
10243,2021,2236,7.69,Me,6,4,V,,,3.56,Sh,5.0,830
10244,2021,2236,7.69,Me,6,4,V,,,3.25,Sh,4.0,830
10245,2021,2236,7.69,Me,6,5,M,1.0,2.0,7.15,Me,3.0,830
10246,2021,2236,7.69,Me,6,6,S,0.0,0.0,,,,830
10247,2021,2237,5.77,Me,1,1,B,,,,,,830
10248,2021,2238,6.32,Me,3,1,M,0.0,0.0,0.92,Sh,5.0,830
10249,2021,2238,6.32,Me,3,1,V,,,0.24,Sh,1.0,830
10250,2021,2238,6.32,Me,3,2,V,,,3.09,Sh,2.0,830
10251,2021,2238,6.32,Me,3,2,V,,,2.08,Sh,1.0,830
10252,2021,2238,6.32,Me,3,2,V,,,1.25,Sh,2.0,830
10253,2021,2238,6.32,Me,3,3,M,0.0,0.0,7.04,Me,2.0,830
10254,2021,2239,0.66,Sh,2,1,V,,,1.87,Sh,5.0,830
10255,2021,2239,0.66,Sh,2,1,M,0.0,0.0,0.09,Sh,2.0,830
10256,2021,2239,0.66,Sh,2,2,B,,,,,,830
10257,2021,2240,2.23,Sh,3,1,B,,,,,,830
10258,2021,2240,2.23,Sh,3,2,S,0.0,0.0,,,,830
10259,2021,2240,2.23,Sh,3,3,V,,,5.41,Me,3.0,830
10260,2021,2240,2.23,Sh,3,3,M,1.0,3.0,3.2,Sh,2.0,830
10261,2021,2242,6.46,Me,4,1,B,,,,,,830
10262,2021,2242,6.46,Me,4,2,V,,,0.76,Sh,2.0,830
10263,2021,2242,6.46,Me,4,3,M,0.0,0.0,2.99,Sh,2.0,830
10264,2021,2242,6.46,Me,4,4,M,0.0,0.0,1.23,Sh,3.0,830
10265,2021,2242,6.46,Me,4,4,M,0.0,0.0,3.59,Sh,3.0,830
10266,2021,2244,7.44,Me,7,1,B,,,,,,830
10267,2021,2244,7.44,Me,7,2,V,,,1.73,Sh,4.0,830
10268,2021,2244,7.44,Me,7,3,V,,,3.34,Sh,5.0,830
10269,2021,2244,7.44,Me,7,4,S,0.0,0.0,,,,830
10270,2021,2244,7.44,Me,7,5,V,,,7.56,Me,7.0,830
10271,2021,2244,7.44,Me,7,6,S,0.0,0.0,,,,830
10272,2021,2244,7.44,Me,7,7,V,,,6.35,Me,7.0,830
10273,2021,2244,7.44,Me,7,7,V,,,2.38,Sh,2.0,830
10274,2021,2245,5.95,Me,5,1,V,,,2.13,Sh,4.0,830
10275,2021,2245,5.95,Me,5,1,V,,,3.01,Sh,6.0,830
10276,2021,2245,5.95,Me,5,2,V,,,0.14,Sh,2.0,830
10277,2021,2245,5.95,Me,5,2,V,,,,,,830
10278,2021,2245,5.95,Me,5,3,M,0.0,0.0,1.57,Sh,3.0,830
10279,2021,2245,5.95,Me,5,4,B,,,,,,830
10280,2021,2245,5.95,Me,5,5,M,1.0,2.0,1.0,Sh,1.0,830
10281,2021,2245,5.95,Me,5,5,M,0.0,0.0,5.55,Me,6.0,830
10282,2021,2246,5.43,Me,2,1,V,,,0.66,Sh,2.0,830
10283,2021,2246,5.43,Me,2,2,B,,,,,,830
10284,2021,2247,1.76,Sh,4,1,V,,,0.58,Sh,2.0,830
10285,2021,2247,1.76,Sh,4,2,B,,,,,,830
10286,2021,2247,1.76,Sh,4,3,B,,,,,,830
10287,2021,2247,1.76,Sh,4,4,M,1.0,5.0,6.29,Me,1.0,830
10288,2021,2247,1.76,Sh,4,4,V,,,,,,830
10289,2021,2248,7.89,Me,6,1,V,,,,,,830
10290,2021,2248,7.89,Me,6,2,M,1.0,3.0,3.08,Sh,3.0,830
10291,2021,2248,7.89,Me,6,2,V,,,0.06,Sh,2.0,830
10292,2021,2248,7.89,Me,6,3,S,0.0,0.0,,,,830
10293,2021,2248,7.89,Me,6,4,S,0.0,0.0,,,,830
10294,2021,2248,7.89,Me,6,5,S,0.0,0.0,,,,830
10295,2021,2248,7.89,Me,6,6,M,0.0,0.0,8.82,Me,7.0,830
10296,2021,2248,7.89,Me,6,6,M,,,,,,830
10297,2021,2248,7.89,Me,6,6,M,0.0,0.0,6.59,Me,5.0,830
10298,2021,2249,8.46,Me,4,1,B,,,,,,830
10299,2021,2249,8.46,Me,4,2,M,,,,,,830
10300,2021,2249,8.46,Me,4,3,V,,,1.89,Sh,3.0,830
10301,2021,2249,8.46,Me,4,3,V,,,,,,830
10302,2021,2249,8.46,Me,4,4,V,,,5.45,Me,3.0,830
10303,2021,2249,8.46,Me,4,4,M,1.0,1.0,3.73,Sh,4.0,830
10304,2021,2250,7.01,Me,5,1,V,,,0.4,Sh,3.0,830
10305,2021,2250,7.01,Me,5,2,B,,,,,,830
10306,2021,2250,7.01,Me,5,3,S,0.0,0.0,,,,830
10307,2021,2250,7.01,Me,5,4,V,,,3.46,Sh,1.0,830
10308,2021,2250,7.01,Me,5,4,M,0.0,0.0,8.0,Me,7.0,830
10309,2021,2250,7.01,Me,5,4,V,,,4.56,Sh,4.0,830
10310,2021,2250,7.01,Me,5,4,V,,,4.2,Sh,2.0,830
10311,2021,2250,7.01,Me,5,5,V,,,7.75,Me,6.0,830
10312,2021,2250,7.01,Me,5,5,M,0.0,0.0,7.73,Me,2.0,830
10313,2021,2251,0.66,Sh,2,1,V,,,,,,830
10314,2021,2251,0.66,Sh,2,1,V,,,,,,830
10315,2021,2251,0.66,Sh,2,1,V,,,0.04,Sh,2.0,830
10316,2021,2251,0.66,Sh,2,1,M,,,,,,830
10317,2021,2251,0.66,Sh,2,2,V,,,9.55,Me,9.0,830
10318,2021,2251,0.66,Sh,2,2,V,,,1.2,Sh,1.0,830
10319,2021,2251,0.96,Sh,1,1,B,,,,,,830
10320,2021,2251,1.94,Sh,4,1,B,,,,,,830
10321,2021,2251,1.94,Sh,4,2,B,,,,,,830
10322,2021,2251,1.94,Sh,4,3,V,,,0.08,Sh,1.0,830
10323,2021,2251,1.94,Sh,4,4,V,,,7.47,Me,7.0,830
10324,2021,2251,1.94,Sh,4,4,V,,,1.71,Sh,5.0,830
10325,2021,2251,1.94,Sh,4,4,V,,,0.62,Sh,2.0,830
10326,2021,2252,6.26,Me,2,1,B,,,,,,830
10327,2021,2252,6.26,Me,2,2,S,0.0,0.0,,,,830
10328,2021,2253,8.84,Me,6,1,V,,,3.51,Sh,4.0,830
10329,2021,2253,8.84,Me,6,2,S,0.0,0.0,,,,830
10330,2021,2253,8.84,Me,6,3,V,,,4.1,Sh,4.0,830
10331,2021,2253,8.84,Me,6,3,M,0.0,0.0,4.28,Sh,4.0,830
10332,2021,2253,8.84,Me,6,4,S,0.0,0.0,,,,830
10333,2021,2253,8.84,Me,6,5,M,0.0,0.0,5.32,Me,6.0,830
10334,2021,2253,8.84,Me,6,6,M,0.0,0.0,6.47,Me,5.0,830
10335,2021,2254,1.53,Sh,1,1,S,0.0,0.0,,,,830
10336,2021,2255,5.22,Me,4,1,V,,,4.07,Sh,1.0,830
10337,2021,2255,5.22,Me,4,2,B,,,,,,830
10338,2021,2255,5.22,Me,4,3,V,,,6.42,Me,4.0,830
10339,2021,2255,5.22,Me,4,4,V,,,6.84,Me,2.0,830
10340,2021,2255,5.22,Me,4,4,M,0.0,0.0,3.09,Sh,3.0,830
10341,2021,2255,5.22,Me,4,4,M,0.0,0.0,1.74,Sh,3.0,830
