bud_id,year,shoot_id,length_cm,cat,nodes,rank,fate,clusters,nuts,new_length_cm,new_cat,new_nodes,simulation_nb
2068,2021,211,1.22,Sh,5,1,V,,,0.01,Sh,1.0,812
2069,2021,211,1.22,Sh,5,1,V,,,3.3,Sh,4.0,812
2070,2021,211,1.22,Sh,5,2,V,,,0.75,Sh,2.0,812
2071,2021,211,1.22,Sh,5,3,M,0.0,0.0,0.61,Sh,2.0,812
2072,2021,211,1.22,Sh,5,4,V,,,4.54,Sh,5.0,812
2073,2021,211,1.22,Sh,5,5,M,0.0,0.0,2.23,Sh,2.0,812
2074,2021,212,5.46,Me,5,1,B,,,,,,812
2075,2021,212,5.46,Me,5,2,V,,,,,,812
2076,2021,212,5.46,Me,5,3,S,0.0,0.0,,,,812
2077,2021,212,5.46,Me,5,4,M,0.0,0.0,2.98,Sh,2.0,812
2078,2021,212,5.46,Me,5,4,V,,,3.86,Sh,6.0,812
2079,2021,212,5.46,Me,5,5,M,0.0,0.0,2.79,Sh,4.0,812
2080,2021,212,5.46,Me,5,5,M,1.0,4.0,5.16,Me,3.0,812
2081,2021,214,2.51,Sh,7,1,V,,,2.27,Sh,3.0,812
2082,2021,214,2.51,Sh,7,2,V,,,,,,812
2083,2021,214,2.51,Sh,7,3,V,,,0.04,Sh,1.0,812
2084,2021,214,2.51,Sh,7,4,M,0.0,0.0,4.83,Sh,3.0,812
2085,2021,214,2.51,Sh,7,4,M,0.0,0.0,5.29,Me,2.0,812
2086,2021,214,2.51,Sh,7,4,V,,,0.16,Sh,1.0,812
2087,2021,214,2.51,Sh,7,4,M,0.0,0.0,2.11,Sh,3.0,812
2088,2021,214,2.51,Sh,7,4,M,0.0,0.0,3.98,Sh,6.0,812
2089,2021,214,2.51,Sh,7,5,S,0.0,0.0,,,,812
2090,2021,214,2.51,Sh,7,6,S,0.0,0.0,,,,812
2091,2021,214,2.51,Sh,7,7,M,0.0,0.0,4.38,Sh,6.0,812
2092,2021,215,1.23,Sh,2,1,B,,,,,,812
2093,2021,215,1.23,Sh,2,2,B,,,,,,812
2094,2021,216,3.97,Sh,6,1,M,,,,,,812
2095,2021,216,3.97,Sh,6,1,V,,,,,,812
2096,2021,216,3.97,Sh,6,1,V,,,1.74,Sh,2.0,812
2097,2021,216,3.97,Sh,6,2,V,,,,,,812
2098,2021,216,3.97,Sh,6,3,M,1.0,7.0,3.15,Sh,2.0,812
2099,2021,216,3.97,Sh,6,4,S,0.0,0.0,,,,812
2100,2021,216,3.97,Sh,6,5,M,0.0,0.0,2.38,Sh,2.0,812
2101,2021,216,3.97,Sh,6,5,V,,,4.82,Sh,5.0,812
2102,2021,216,3.97,Sh,6,5,V,,,1.44,Sh,2.0,812
2103,2021,216,3.97,Sh,6,6,M,1.0,4.0,3.8,Sh,6.0,812
2104,2021,222,4.54,Sh,6,1,V,,,,,,812
2105,2021,222,4.54,Sh,6,2,B,,,,,,812
2106,2021,222,4.54,Sh,6,3,S,0.0,0.0,,,,812
2107,2021,222,4.54,Sh,6,4,V,,,2.12,Sh,2.0,812
2108,2021,222,4.54,Sh,6,5,M,0.0,0.0,1.3,Sh,4.0,812
2109,2021,222,4.54,Sh,6,5,M,0.0,0.0,4.09,Sh,3.0,812
2110,2021,222,4.54,Sh,6,6,M,0.0,0.0,2.73,Sh,5.0,812
2111,2021,224,4.37,Sh,3,1,V,,,2.84,Sh,2.0,812
2112,2021,224,4.37,Sh,3,2,S,0.0,0.0,,,,812
2113,2021,224,4.37,Sh,3,3,V,,,,,,812
2114,2021,224,4.37,Sh,3,3,V,,,2.16,Sh,4.0,812
2115,2021,224,4.37,Sh,3,3,V,,,,,,812
2116,2021,226,1.5,Sh,1,1,S,0.0,0.0,,,,812
2117,2021,228,5.43,Me,5,1,V,,,1.71,Sh,2.0,812
2118,2021,228,5.43,Me,5,2,V,,,1.16,Sh,5.0,812
2119,2021,228,5.43,Me,5,3,M,1.0,2.0,2.21,Sh,4.0,812
2120,2021,228,5.43,Me,5,3,M,0.0,0.0,3.77,Sh,3.0,812
2121,2021,228,5.43,Me,5,3,V,,,4.36,Sh,4.0,812
2122,2021,228,5.43,Me,5,4,M,1.0,1.0,2.8,Sh,5.0,812
2123,2021,228,5.43,Me,5,5,M,1.0,3.0,3.65,Sh,4.0,812
2124,2021,230,1.85,Sh,1,1,M,0.0,0.0,4.04,Sh,3.0,812
2125,2021,231,7.04,Me,7,1,B,,,,,,812
2126,2021,231,7.04,Me,7,2,B,,,,,,812
2127,2021,231,7.04,Me,7,3,M,0.0,0.0,4.69,Sh,6.0,812
2128,2021,231,7.04,Me,7,4,S,0.0,0.0,,,,812
2129,2021,231,7.04,Me,7,5,V,,,4.02,Sh,6.0,812
2130,2021,231,7.04,Me,7,6,B,,,,,,812
2131,2021,231,7.04,Me,7,7,M,1.0,2.0,0.68,Sh,2.0,812
2132,2021,231,7.04,Me,7,7,M,1.0,5.0,4.42,Sh,3.0,812
2133,2021,232,1.8,Sh,5,1,M,,,,,,812
2134,2021,232,1.8,Sh,5,1,V,,,,,,812
2135,2021,232,1.8,Sh,5,2,V,,,2.26,Sh,2.0,812
2136,2021,232,1.8,Sh,5,3,S,0.0,0.0,,,,812
2137,2021,232,1.8,Sh,5,4,V,,,4.64,Sh,4.0,812
2138,2021,232,1.8,Sh,5,4,V,,,10.65,Me,7.0,812
2139,2021,232,1.8,Sh,5,4,M,0.0,0.0,0.23,Sh,2.0,812
2140,2021,232,1.8,Sh,5,5,M,0.0,0.0,5.0,Sh,4.0,812
2141,2021,233,1.3,Sh,4,1,V,,,1.26,Sh,2.0,812
2142,2021,233,1.3,Sh,4,2,S,0.0,0.0,,,,812
2143,2021,233,1.3,Sh,4,3,V,,,1.18,Sh,3.0,812
2144,2021,233,1.3,Sh,4,3,M,0.0,0.0,6.91,Me,5.0,812
2145,2021,233,1.3,Sh,4,3,M,,,,,,812
2146,2021,233,1.3,Sh,4,4,S,0.0,0.0,,,,812
2147,2021,235,0.25,Sh,4,1,B,,,,,,812
2148,2021,235,0.25,Sh,4,2,S,0.0,0.0,,,,812
2149,2021,235,0.25,Sh,4,3,V,,,2.6,Sh,4.0,812
2150,2021,235,0.25,Sh,4,4,M,0.0,0.0,1.93,Sh,3.0,812
2151,2021,235,0.25,Sh,4,4,M,0.0,0.0,3.49,Sh,5.0,812
2152,2021,236,0.45,Sh,2,1,B,,,,,,812
2153,2021,236,0.45,Sh,2,2,V,,,4.52,Sh,5.0,812
2154,2021,236,0.45,Sh,2,2,V,,,0.72,Sh,2.0,812
2155,2021,236,0.45,Sh,2,2,M,0.0,0.0,2.02,Sh,1.0,812
2156,2021,236,0.45,Sh,2,2,V,,,8.29,Me,8.0,812
2157,2021,237,1.9,Sh,7,1,V,,,,,,812
2158,2021,237,1.9,Sh,7,2,V,,,,,,812
2159,2021,237,1.9,Sh,7,2,M,0.0,0.0,2.67,Sh,5.0,812
2160,2021,237,1.9,Sh,7,2,M,0.0,0.0,4.55,Sh,5.0,812
2161,2021,237,1.9,Sh,7,3,V,,,1.51,Sh,4.0,812
2162,2021,237,1.9,Sh,7,3,V,,,,,,812
2163,2021,237,1.9,Sh,7,4,B,,,,,,812
2164,2021,237,1.9,Sh,7,5,V,,,8.18,Me,5.0,812
2165,2021,237,1.9,Sh,7,6,M,1.0,2.0,5.11,Me,5.0,812
2166,2021,237,1.9,Sh,7,7,M,0.0,0.0,2.46,Sh,4.0,812
2167,2021,237,1.9,Sh,7,7,M,0.0,0.0,0.06,Sh,1.0,812
2168,2021,237,1.53,Sh,2,1,V,,,0.04,Sh,2.0,812
2169,2021,237,1.53,Sh,2,2,B,,,,,,812
2170,2021,239,0.58,Sh,2,1,M,,,,,,812
2171,2021,239,0.58,Sh,2,1,V,,,,,,812
2172,2021,239,0.58,Sh,2,1,M,,,,,,812
2173,2021,239,0.58,Sh,2,1,M,0.0,0.0,3.64,Sh,6.0,812
2174,2021,239,0.58,Sh,2,1,V,,,,,,812
2175,2021,239,0.58,Sh,2,2,S,0.0,0.0,,,,812
2176,2021,239,0.89,Sh,3,1,B,,,,,,812
2177,2021,239,0.89,Sh,3,2,V,,,0.13,Sh,1.0,812
2178,2021,239,0.89,Sh,3,3,V,,,3.21,Sh,2.0,812
2179,2021,239,0.89,Sh,3,3,M,0.0,0.0,5.94,Me,3.0,812
2180,2021,240,12.39,Me,8,1,V,,,,,,812
2181,2021,240,12.39,Me,8,2,V,,,,,,812
2182,2021,240,12.39,Me,8,2,V,,,6.5,Me,3.0,812
2183,2021,240,12.39,Me,8,3,M,,,,,,812
2184,2021,240,12.39,Me,8,4,S,0.0,0.0,,,,812
2185,2021,240,12.39,Me,8,5,S,0.0,0.0,,,,812
2186,2021,240,12.39,Me,8,6,V,,,1.1,Sh,4.0,812
2187,2021,240,12.39,Me,8,6,M,0.0,0.0,4.43,Sh,9.0,812
2188,2021,240,12.39,Me,8,7,V,,,6.51,Me,5.0,812
2189,2021,240,12.39,Me,8,7,V,,,4.62,Sh,4.0,812
2190,2021,240,12.39,Me,8,8,M,0.0,0.0,10.64,Me,5.0,812
2191,2021,240,12.39,Me,8,8,M,0.0,0.0,3.01,Sh,2.0,812
2192,2021,240,12.39,Me,8,8,V,,,5.09,Me,4.0,812
2193,2021,240,12.39,Me,8,8,V,,,2.55,Sh,7.0,812
2194,2021,242,0.32,Sh,1,1,V,,,,,,812
2195,2021,242,0.32,Sh,1,1,V,,,3.23,Sh,3.0,812
2196,2021,243,0.97,Sh,5,1,B,,,,,,812
2197,2021,243,0.97,Sh,5,2,B,,,,,,812
2198,2021,243,0.97,Sh,5,3,S,0.0,0.0,,,,812
2199,2021,243,0.97,Sh,5,4,S,0.0,0.0,,,,812
2200,2021,243,0.97,Sh,5,5,V,,,9.2,Me,5.0,812
2201,2021,243,2.93,Sh,5,1,V,,,0.18,Sh,1.0,812
2202,2021,243,2.93,Sh,5,2,B,,,,,,812
2203,2021,243,2.93,Sh,5,3,B,,,,,,812
2204,2021,243,2.93,Sh,5,4,S,0.0,0.0,,,,812
2205,2021,243,2.93,Sh,5,5,S,0.0,0.0,,,,812
2206,2021,245,2.45,Sh,5,1,B,,,,,,812
2207,2021,245,2.45,Sh,5,2,S,0.0,0.0,,,,812
2208,2021,245,2.45,Sh,5,3,V,,,6.69,Me,6.0,812
2209,2021,245,2.45,Sh,5,4,M,1.0,1.0,2.82,Sh,5.0,812
2210,2021,245,2.45,Sh,5,5,V,,,1.31,Sh,2.0,812
2211,2021,246,5.79,Me,7,1,V,,,3.16,Sh,4.0,812
2212,2021,246,5.79,Me,7,2,V,,,1.78,Sh,3.0,812
2213,2021,246,5.79,Me,7,3,M,0.0,0.0,3.06,Sh,2.0,812
2214,2021,246,5.79,Me,7,4,S,0.0,0.0,,,,812
2215,2021,246,5.79,Me,7,5,V,,,,,,812
2216,2021,246,5.79,Me,7,6,V,,,3.67,Sh,6.0,812
2217,2021,246,5.79,Me,7,7,V,,,4.44,Sh,5.0,812
2218,2021,246,5.79,Me,7,7,M,0.0,0.0,4.7,Sh,3.0,812
2219,2021,248,1.6,Sh,2,1,B,,,,,,812
2220,2021,248,1.6,Sh,2,2,B,,,,,,812
2221,2021,249,3.37,Sh,2,1,M,0.0,0.0,0.69,Sh,3.0,812
2222,2021,249,3.37,Sh,2,2,V,,,0.27,Sh,4.0,812
2223,2021,249,3.37,Sh,2,2,V,,,1.03,Sh,2.0,812
2224,2021,250,3.45,Sh,2,1,V,,,0.65,Sh,1.0,812
2225,2021,250,3.45,Sh,2,2,S,0.0,0.0,,,,812
2226,2021,251,0.08,Sh,1,1,V,,,3.91,Sh,6.0,812
2227,2021,251,0.08,Sh,1,1,V,,,2.65,Sh,4.0,812
2228,2021,252,3.84,Sh,5,1,M,0.0,0.0,1.49,Sh,3.0,812
2229,2021,252,3.84,Sh,5,1,M,0.0,0.0,0.1,Sh,2.0,812
2230,2021,252,3.84,Sh,5,1,M,0.0,0.0,1.62,Sh,2.0,812
2231,2021,252,3.84,Sh,5,2,B,,,,,,812
2232,2021,252,3.84,Sh,5,3,V,,,,,,812
2233,2021,252,3.84,Sh,5,4,V,,,3.87,Sh,5.0,812
2234,2021,252,3.84,Sh,5,4,M,0.0,0.0,3.32,Sh,6.0,812
2235,2021,252,3.84,Sh,5,5,B,,,,,,812
2236,2021,253,1.76,Sh,3,1,V,,,1.3,Sh,3.0,812
2237,2021,253,1.76,Sh,3,2,M,0.0,0.0,2.17,Sh,8.0,812
2238,2021,253,1.76,Sh,3,2,V,,,5.79,Me,5.0,812
2239,2021,253,1.76,Sh,3,2,M,0.0,0.0,1.62,Sh,2.0,812
2240,2021,253,1.76,Sh,3,2,M,1.0,3.0,3.2,Sh,4.0,812
2241,2021,253,1.76,Sh,3,3,S,0.0,0.0,,,,812
2242,2021,254,1.19,Sh,3,1,V,,,2.54,Sh,3.0,812
2243,2021,254,1.19,Sh,3,2,S,0.0,0.0,,,,812
2244,2021,254,1.19,Sh,3,3,M,0.0,0.0,2.94,Sh,1.0,812
2245,2021,255,2.0,Sh,1,1,S,0.0,0.0,,,,812
2246,2021,256,0.5,Sh,2,1,B,,,,,,812
2247,2021,256,0.5,Sh,2,2,B,,,,,,812
2248,2021,257,4.69,Sh,2,1,B,,,,,,812
2249,2021,257,4.69,Sh,2,2,V,,,2.0,Sh,2.0,812
2250,2021,258,2.77,Sh,4,1,B,,,,,,812
2251,2021,258,2.77,Sh,4,2,S,0.0,0.0,,,,812
2252,2021,258,2.77,Sh,4,3,V,,,2.83,Sh,4.0,812
2253,2021,258,2.77,Sh,4,4,V,,,3.77,Sh,4.0,812
2254,2021,259,4.43,Sh,5,1,B,,,,,,812
2255,2021,259,4.43,Sh,5,2,S,0.0,0.0,,,,812
2256,2021,259,4.43,Sh,5,3,M,0.0,0.0,1.44,Sh,2.0,812
2257,2021,259,4.43,Sh,5,3,V,,,0.81,Sh,2.0,812
2258,2021,259,4.43,Sh,5,3,V,,,1.98,Sh,2.0,812
2259,2021,259,4.43,Sh,5,4,V,,,5.46,Me,3.0,812
2260,2021,259,4.43,Sh,5,5,B,,,,,,812
2261,2021,260,7.98,Me,4,1,V,,,,,,812
2262,2021,260,7.98,Me,4,2,M,0.0,0.0,3.39,Sh,2.0,812
2263,2021,260,7.98,Me,4,2,V,,,4.45,Sh,3.0,812
2264,2021,260,7.98,Me,4,2,V,,,2.11,Sh,4.0,812
2265,2021,260,7.98,Me,4,3,M,1.0,3.0,5.81,Me,7.0,812
2266,2021,260,7.98,Me,4,4,S,0.0,0.0,,,,812
2267,2021,261,4.05,Sh,5,1,M,0.0,0.0,0.31,Sh,4.0,812
2268,2021,261,4.05,Sh,5,2,S,0.0,0.0,,,,812
2269,2021,261,4.05,Sh,5,3,V,,,2.56,Sh,3.0,812
2270,2021,261,4.05,Sh,5,4,B,,,,,,812
2271,2021,261,4.05,Sh,5,5,M,0.0,0.0,7.31,Me,3.0,812
2272,2021,262,1.14,Sh,1,1,B,,,,,,812
2273,2021,263,1.4,Sh,4,1,B,,,,,,812
2274,2021,263,1.4,Sh,4,2,B,,,,,,812
2275,2021,263,1.4,Sh,4,3,V,,,0.13,Sh,4.0,812
2276,2021,263,1.4,Sh,4,4,M,1.0,1.0,2.69,Sh,4.0,812
2277,2021,265,5.87,Me,4,1,V,,,4.42,Sh,6.0,812
2278,2021,265,5.87,Me,4,1,M,0.0,0.0,4.38,Sh,6.0,812
2279,2021,265,5.87,Me,4,1,V,,,1.14,Sh,3.0,812
2280,2021,265,5.87,Me,4,2,S,0.0,0.0,,,,812
2281,2021,265,5.87,Me,4,3,S,0.0,0.0,,,,812
2282,2021,265,5.87,Me,4,4,M,0.0,0.0,0.25,Sh,2.0,812
2283,2021,265,5.87,Me,4,4,M,0.0,0.0,7.21,Me,5.0,812
2284,2021,267,0.84,Sh,1,1,B,,,,,,812
2285,2021,268,3.98,Sh,6,1,B,,,,,,812
2286,2021,268,3.98,Sh,6,2,B,,,,,,812
2287,2021,268,3.98,Sh,6,3,B,,,,,,812
2288,2021,268,3.98,Sh,6,4,M,0.0,0.0,0.45,Sh,3.0,812
2289,2021,268,3.98,Sh,6,5,M,0.0,0.0,3.71,Sh,2.0,812
2290,2021,268,3.98,Sh,6,6,M,0.0,0.0,0.56,Sh,2.0,812
2291,2021,269,0.01,Sh,1,1,B,,,,,,812
2292,2021,270,7.7,Me,3,1,S,0.0,0.0,,,,812
2293,2021,270,7.7,Me,3,2,S,0.0,0.0,,,,812
2294,2021,270,7.7,Me,3,3,B,,,,,,812
2295,2021,273,3.21,Sh,6,1,V,,,,,,812
2296,2021,273,3.21,Sh,6,2,V,,,2.84,Sh,4.0,812
2297,2021,273,3.21,Sh,6,2,M,,,,,,812
2298,2021,273,3.21,Sh,6,3,S,0.0,0.0,,,,812
2299,2021,273,3.21,Sh,6,4,S,0.0,0.0,,,,812
2300,2021,273,3.21,Sh,6,5,M,,,,,,812
2301,2021,273,3.21,Sh,6,5,M,0.0,0.0,2.9,Sh,1.0,812
2302,2021,273,3.21,Sh,6,5,M,0.0,0.0,1.55,Sh,6.0,812
2303,2021,273,3.21,Sh,6,6,M,0.0,0.0,5.1,Me,4.0,812
2304,2021,273,3.21,Sh,6,6,V,,,2.82,Sh,4.0,812
2305,2021,276,1.63,Sh,2,1,V,,,2.67,Sh,5.0,812
2306,2021,276,1.63,Sh,2,2,B,,,,,,812
2307,2021,277,3.38,Sh,4,1,V,,,,,,812
2308,2021,277,3.38,Sh,4,2,V,,,5.09,Me,5.0,812
2309,2021,277,3.38,Sh,4,3,M,0.0,0.0,2.43,Sh,5.0,812
2310,2021,277,3.38,Sh,4,4,M,0.0,0.0,8.0,Me,6.0,812
2311,2021,277,3.38,Sh,4,4,V,,,8.72,Me,8.0,812
2312,2021,278,1.79,Sh,1,1,B,,,,,,812
2313,2021,279,4.06,Sh,4,1,B,,,,,,812
2314,2021,279,4.06,Sh,4,2,B,,,,,,812
2315,2021,279,4.06,Sh,4,3,M,0.0,0.0,5.02,Me,5.0,812
2316,2021,279,4.06,Sh,4,3,V,,,10.09,Me,7.0,812
2317,2021,279,4.06,Sh,4,4,S,0.0,0.0,,,,812
2318,2021,280,3.05,Sh,3,1,B,,,,,,812
2319,2021,280,3.05,Sh,3,2,S,0.0,0.0,,,,812
2320,2021,280,3.05,Sh,3,3,V,,,7.08,Me,2.0,812
2321,2021,281,7.89,Me,6,1,V,,,0.08,Sh,2.0,812
2322,2021,281,7.89,Me,6,2,V,,,,,,812
2323,2021,281,7.89,Me,6,3,S,0.0,0.0,,,,812
2324,2021,281,7.89,Me,6,4,S,0.0,0.0,,,,812
2325,2021,281,7.89,Me,6,5,M,0.0,0.0,4.03,Sh,2.0,812
2326,2021,281,7.89,Me,6,6,M,1.0,7.0,5.07,Me,2.0,812
2327,2021,282,0.68,Sh,3,1,B,,,,,,812
2328,2021,282,0.68,Sh,3,2,M,1.0,2.0,1.11,Sh,5.0,812
2329,2021,282,0.68,Sh,3,3,S,0.0,0.0,,,,812
2330,2021,282,1.83,Sh,1,1,M,1.0,6.0,2.04,Sh,4.0,812
2331,2021,283,4.98,Sh,4,1,B,,,,,,812
2332,2021,283,4.98,Sh,4,2,B,,,,,,812
2333,2021,283,4.98,Sh,4,3,V,,,6.91,Me,6.0,812
2334,2021,283,4.98,Sh,4,3,M,0.0,0.0,3.15,Sh,3.0,812
2335,2021,283,4.98,Sh,4,4,M,,,,,,812
2336,2021,283,2.68,Sh,3,1,V,,,0.46,Sh,3.0,812
2337,2021,283,2.68,Sh,3,2,V,,,0.15,Sh,3.0,812
2338,2021,283,2.68,Sh,3,3,M,0.0,0.0,4.85,Sh,1.0,812
2339,2021,284,2.64,Sh,2,1,B,,,,,,812
2340,2021,284,2.64,Sh,2,2,B,,,,,,812
2341,2021,285,4.17,Sh,4,1,S,0.0,0.0,,,,812
2342,2021,285,4.17,Sh,4,2,B,,,,,,812
2343,2021,285,4.17,Sh,4,3,S,0.0,0.0,,,,812
2344,2021,285,4.17,Sh,4,4,V,,,1.4,Sh,4.0,812
2345,2021,286,2.11,Sh,3,1,B,,,,,,812
2346,2021,286,2.11,Sh,3,2,M,0.0,0.0,3.88,Sh,2.0,812
2347,2021,286,2.11,Sh,3,3,V,,,1.1,Sh,4.0,812
2348,2021,286,2.11,Sh,3,3,V,,,9.53,Me,4.0,812
2349,2021,287,2.13,Sh,5,1,B,,,,,,812
2350,2021,287,2.13,Sh,5,2,V,,,3.23,Sh,3.0,812
2351,2021,287,2.13,Sh,5,3,S,0.0,0.0,,,,812
2352,2021,287,2.13,Sh,5,4,B,,,,,,812
2353,2021,287,2.13,Sh,5,5,M,1.0,1.0,5.51,Me,4.0,812
2354,2021,288,4.37,Sh,3,1,V,,,,,,812
2355,2021,288,4.37,Sh,3,2,S,0.0,0.0,,,,812
2356,2021,288,4.37,Sh,3,3,B,,,,,,812
2357,2021,289,3.72,Sh,2,1,M,0.0,0.0,0.44,Sh,2.0,812
2358,2021,289,3.72,Sh,2,2,V,,,6.15,Me,1.0,812
2359,2021,289,3.72,Sh,2,2,V,,,5.44,Me,1.0,812
2360,2021,289,0.31,Sh,3,1,S,0.0,0.0,,,,812
2361,2021,289,0.31,Sh,3,2,B,,,,,,812
2362,2021,289,0.31,Sh,3,3,V,,,2.07,Sh,4.0,812
2363,2021,290,7.45,Me,5,1,B,,,,,,812
2364,2021,290,7.45,Me,5,2,B,,,,,,812
2365,2021,290,7.45,Me,5,3,S,0.0,0.0,,,,812
2366,2021,290,7.45,Me,5,4,S,0.0,0.0,,,,812
2367,2021,290,7.45,Me,5,5,B,,,,,,812
2368,2021,291,4.4,Sh,2,1,V,,,2.0,Sh,1.0,812
2369,2021,291,4.4,Sh,2,2,B,,,,,,812
2370,2021,292,8.12,Me,7,1,V,,,2.6,Sh,2.0,812
2371,2021,292,8.12,Me,7,2,B,,,,,,812
2372,2021,292,8.12,Me,7,3,S,0.0,0.0,,,,812
2373,2021,292,8.12,Me,7,4,S,0.0,0.0,,,,812
2374,2021,292,8.12,Me,7,5,S,0.0,0.0,,,,812
2375,2021,292,8.12,Me,7,6,V,,,5.02,Me,6.0,812
2376,2021,292,8.12,Me,7,7,V,,,,,,812
2377,2021,293,1.59,Sh,2,1,V,,,3.48,Sh,4.0,812
2378,2021,293,1.59,Sh,2,2,V,,,5.84,Me,4.0,812
2379,2021,294,3.62,Sh,1,1,B,,,,,,812
2380,2021,295,3.85,Sh,2,1,S,0.0,0.0,,,,812
2381,2021,295,3.85,Sh,2,2,S,0.0,0.0,,,,812
2382,2021,296,1.7,Sh,3,1,V,,,0.87,Sh,3.0,812
2383,2021,296,1.7,Sh,3,2,V,,,1.98,Sh,4.0,812
2384,2021,296,1.7,Sh,3,3,M,0.0,0.0,5.81,Me,4.0,812
2385,2021,298,2.62,Sh,5,1,V,,,4.14,Sh,3.0,812
2386,2021,298,2.62,Sh,5,2,B,,,,,,812
2387,2021,298,2.62,Sh,5,3,M,1.0,1.0,1.17,Sh,2.0,812
2388,2021,298,2.62,Sh,5,4,M,0.0,0.0,2.42,Sh,5.0,812
2389,2021,298,2.62,Sh,5,5,V,,,4.56,Sh,4.0,812
2390,2021,300,4.55,Sh,6,1,M,0.0,0.0,0.2,Sh,1.0,812
2391,2021,300,4.55,Sh,6,2,V,,,0.89,Sh,3.0,812
2392,2021,300,4.55,Sh,6,2,V,,,1.94,Sh,3.0,812
2393,2021,300,4.55,Sh,6,3,B,,,,,,812
2394,2021,300,4.55,Sh,6,4,B,,,,,,812
2395,2021,300,4.55,Sh,6,5,M,1.0,5.0,6.9,Me,5.0,812
2396,2021,300,4.55,Sh,6,5,M,0.0,0.0,0.03,Sh,3.0,812
2397,2021,300,4.55,Sh,6,6,V,,,2.06,Sh,6.0,812
2398,2021,300,4.55,Sh,6,6,V,,,9.15,Me,4.0,812
2399,2021,301,7.76,Me,4,1,M,1.0,5.0,0.58,Sh,3.0,812
2400,2021,301,7.76,Me,4,2,S,0.0,0.0,,,,812
2401,2021,301,7.76,Me,4,3,V,,,6.34,Me,4.0,812
2402,2021,301,7.76,Me,4,4,M,0.0,0.0,2.08,Sh,4.0,812
2403,2021,301,7.76,Me,4,4,M,1.0,6.0,6.7,Me,4.0,812
2404,2021,302,1.47,Sh,3,1,S,0.0,0.0,,,,812
2405,2021,302,1.47,Sh,3,2,B,,,,,,812
2406,2021,302,1.47,Sh,3,3,V,,,2.26,Sh,3.0,812
2407,2021,302,2.31,Sh,3,1,V,,,1.8,Sh,3.0,812
2408,2021,302,2.31,Sh,3,1,V,,,6.5,Me,7.0,812
2409,2021,302,2.31,Sh,3,2,S,0.0,0.0,,,,812
2410,2021,302,2.31,Sh,3,3,B,,,,,,812
2411,2021,303,3.47,Sh,2,1,B,,,,,,812
2412,2021,303,3.47,Sh,2,2,M,,,,,,812
2413,2021,303,3.47,Sh,2,2,V,,,8.99,Me,5.0,812
2414,2021,304,3.32,Sh,3,1,V,,,1.21,Sh,1.0,812
2415,2021,304,3.32,Sh,3,1,M,0.0,0.0,0.88,Sh,1.0,812
2416,2021,304,3.32,Sh,3,2,S,0.0,0.0,,,,812
2417,2021,304,3.32,Sh,3,3,B,,,,,,812
2418,2021,305,7.69,Me,5,1,B,,,,,,812
2419,2021,305,7.69,Me,5,2,S,0.0,0.0,,,,812
2420,2021,305,7.69,Me,5,3,V,,,6.65,Me,5.0,812
2421,2021,305,7.69,Me,5,4,V,,,,,,812
2422,2021,305,7.69,Me,5,5,S,0.0,0.0,,,,812
2423,2021,306,1.83,Sh,5,1,B,,,,,,812
2424,2021,306,1.83,Sh,5,2,M,,,,,,812
2425,2021,306,1.83,Sh,5,3,B,,,,,,812
2426,2021,306,1.83,Sh,5,4,B,,,,,,812
2427,2021,306,1.83,Sh,5,5,M,0.0,0.0,1.36,Sh,1.0,812
2428,2021,306,1.27,Sh,4,1,M,1.0,3.0,2.86,Sh,4.0,812
2429,2021,306,1.27,Sh,4,2,V,,,4.4,Sh,5.0,812
2430,2021,306,1.27,Sh,4,3,S,0.0,0.0,,,,812
2431,2021,306,1.27,Sh,4,4,M,0.0,0.0,2.21,Sh,1.0,812
2432,2021,306,5.54,Me,2,1,B,,,,,,812
2433,2021,306,5.54,Me,2,2,B,,,,,,812
2434,2021,307,0.03,Sh,2,1,M,,,,,,812
2435,2021,307,0.03,Sh,2,1,V,,,1.39,Sh,2.0,812
2436,2021,307,0.03,Sh,2,2,S,0.0,0.0,,,,812
2437,2021,308,1.35,Sh,1,1,B,,,,,,812
2438,2021,309,2.62,Sh,4,1,V,,,2.33,Sh,4.0,812
2439,2021,309,2.62,Sh,4,2,B,,,,,,812
2440,2021,309,2.62,Sh,4,3,B,,,,,,812
2441,2021,309,2.62,Sh,4,4,M,0.0,0.0,4.54,Sh,4.0,812
2442,2021,310,1.74,Sh,6,1,V,,,,,,812
2443,2021,310,1.74,Sh,6,1,V,,,0.75,Sh,1.0,812
2444,2021,310,1.74,Sh,6,2,B,,,,,,812
2445,2021,310,1.74,Sh,6,3,M,,,,,,812
2446,2021,310,1.74,Sh,6,3,V,,,1.73,Sh,2.0,812
2447,2021,310,1.74,Sh,6,3,V,,,1.93,Sh,3.0,812
2448,2021,310,1.74,Sh,6,4,M,1.0,4.0,1.1,Sh,1.0,812
2449,2021,310,1.74,Sh,6,5,V,,,3.22,Sh,4.0,812
2450,2021,310,1.74,Sh,6,5,M,0.0,0.0,5.03,Me,4.0,812
2451,2021,310,1.74,Sh,6,6,M,1.0,5.0,0.08,Sh,1.0,812
2452,2021,311,6.99,Me,5,1,V,,,1.07,Sh,1.0,812
2453,2021,311,6.99,Me,5,1,M,1.0,1.0,2.72,Sh,7.0,812
2454,2021,311,6.99,Me,5,2,B,,,,,,812
2455,2021,311,6.99,Me,5,3,S,0.0,0.0,,,,812
2456,2021,311,6.99,Me,5,4,V,,,6.56,Me,6.0,812
2457,2021,311,6.99,Me,5,4,M,0.0,0.0,3.6,Sh,2.0,812
2458,2021,311,6.99,Me,5,5,B,,,,,,812
2459,2021,312,0.92,Sh,2,1,B,,,,,,812
2460,2021,312,0.92,Sh,2,2,B,,,,,,812
2461,2021,313,3.35,Sh,4,1,M,,,,,,812
2462,2021,313,3.35,Sh,4,2,M,0.0,0.0,1.38,Sh,1.0,812
2463,2021,313,3.35,Sh,4,3,M,0.0,0.0,3.92,Sh,5.0,812
2464,2021,313,3.35,Sh,4,3,V,,,4.7,Sh,4.0,812
2465,2021,313,3.35,Sh,4,4,S,0.0,0.0,,,,812
2466,2021,314,6.85,Me,6,1,V,,,0.18,Sh,2.0,812
2467,2021,314,6.85,Me,6,2,V,,,4.77,Sh,3.0,812
2468,2021,314,6.85,Me,6,3,S,0.0,0.0,,,,812
2469,2021,314,6.85,Me,6,4,B,,,,,,812
2470,2021,314,6.85,Me,6,5,S,0.0,0.0,,,,812
2471,2021,314,6.85,Me,6,6,V,,,10.13,Me,9.0,812
2472,2021,316,8.81,Me,9,1,B,,,,,,812
2473,2021,316,8.81,Me,9,2,M,,,,,,812
2474,2021,316,8.81,Me,9,3,B,,,,,,812
2475,2021,316,8.81,Me,9,4,V,,,4.21,Sh,2.0,812
2476,2021,316,8.81,Me,9,5,M,1.0,5.0,1.57,Sh,3.0,812
2477,2021,316,8.81,Me,9,5,V,,,2.58,Sh,6.0,812
2478,2021,316,8.81,Me,9,6,S,0.0,0.0,,,,812
2479,2021,316,8.81,Me,9,7,M,,,,,,812
2480,2021,316,8.81,Me,9,7,M,0.0,0.0,0.03,Sh,1.0,812
2481,2021,316,8.81,Me,9,7,V,,,7.5,Me,6.0,812
2482,2021,316,8.81,Me,9,7,M,0.0,0.0,9.87,Me,8.0,812
2483,2021,316,8.81,Me,9,7,M,0.0,0.0,4.91,Sh,6.0,812
2484,2021,316,8.81,Me,9,8,V,,,2.63,Sh,1.0,812
2485,2021,316,8.81,Me,9,9,V,,,7.88,Me,6.0,812
2486,2021,316,8.81,Me,9,9,M,0.0,0.0,0.27,Sh,3.0,812
2487,2021,320,2.74,Sh,3,1,B,,,,,,812
2488,2021,320,2.74,Sh,3,2,S,0.0,0.0,,,,812
2489,2021,320,2.74,Sh,3,3,B,,,,,,812
2490,2021,321,2.74,Sh,8,1,V,,,,,,812
2491,2021,321,2.74,Sh,8,2,V,,,,,,812
2492,2021,321,2.74,Sh,8,3,V,,,3.87,Sh,2.0,812
2493,2021,321,2.74,Sh,8,4,M,0.0,0.0,0.36,Sh,4.0,812
2494,2021,321,2.74,Sh,8,5,M,,,,,,812
2495,2021,321,2.74,Sh,8,6,M,0.0,0.0,1.95,Sh,4.0,812
2496,2021,321,2.74,Sh,8,7,S,0.0,0.0,,,,812
2497,2021,321,2.74,Sh,8,8,M,0.0,0.0,1.54,Sh,3.0,812
2498,2021,323,9.75,Me,4,1,B,,,,,,812
2499,2021,323,9.75,Me,4,2,S,0.0,0.0,,,,812
2500,2021,323,9.75,Me,4,3,V,,,2.15,Sh,1.0,812
2501,2021,323,9.75,Me,4,3,M,0.0,0.0,0.88,Sh,1.0,812
2502,2021,323,9.75,Me,4,3,M,0.0,0.0,1.55,Sh,3.0,812
2503,2021,323,9.75,Me,4,4,V,,,3.41,Sh,3.0,812
2504,2021,324,2.68,Sh,6,1,V,,,3.02,Sh,2.0,812
2505,2021,324,2.68,Sh,6,2,B,,,,,,812
2506,2021,324,2.68,Sh,6,3,V,,,,,,812
2507,2021,324,2.68,Sh,6,4,M,0.0,0.0,4.71,Sh,5.0,812
2508,2021,324,2.68,Sh,6,5,M,1.0,2.0,7.18,Me,4.0,812
2509,2021,324,2.68,Sh,6,6,M,1.0,8.0,11.2,Me,9.0,812
2510,2021,324,1.14,Sh,2,1,V,,,1.0,Sh,3.0,812
2511,2021,324,1.14,Sh,2,2,M,0.0,0.0,3.68,Sh,2.0,812
2512,2021,324,1.14,Sh,2,2,M,1.0,1.0,1.83,Sh,4.0,812
2513,2021,325,7.36,Me,5,1,V,,,1.51,Sh,1.0,812
2514,2021,325,7.36,Me,5,2,V,,,0.64,Sh,1.0,812
2515,2021,325,7.36,Me,5,3,S,0.0,0.0,,,,812
2516,2021,325,7.36,Me,5,4,S,0.0,0.0,,,,812
2517,2021,325,7.36,Me,5,5,B,,,,,,812
2518,2021,326,5.11,Me,4,1,S,0.0,0.0,,,,812
2519,2021,326,5.11,Me,4,2,V,,,5.09,Me,4.0,812
2520,2021,326,5.11,Me,4,2,V,,,0.24,Sh,5.0,812
2521,2021,326,5.11,Me,4,2,V,,,2.53,Sh,6.0,812
2522,2021,326,5.11,Me,4,3,B,,,,,,812
2523,2021,326,5.11,Me,4,4,S,0.0,0.0,,,,812
2524,2021,328,2.1,Sh,4,1,B,,,,,,812
2525,2021,328,2.1,Sh,4,2,S,0.0,0.0,,,,812
2526,2021,328,2.1,Sh,4,3,M,1.0,8.0,1.85,Sh,6.0,812
2527,2021,328,2.1,Sh,4,4,V,,,7.21,Me,7.0,812
2528,2021,328,2.1,Sh,4,4,V,,,1.5,Sh,2.0,812
2529,2021,329,4.58,Sh,6,1,B,,,,,,812
2530,2021,329,4.58,Sh,6,2,V,,,0.57,Sh,2.0,812
2531,2021,329,4.58,Sh,6,3,V,,,8.29,Me,8.0,812
2532,2021,329,4.58,Sh,6,4,M,0.0,0.0,5.47,Me,4.0,812
2533,2021,329,4.58,Sh,6,4,M,1.0,4.0,0.92,Sh,3.0,812
2534,2021,329,4.58,Sh,6,5,S,0.0,0.0,,,,812
2535,2021,329,4.58,Sh,6,6,V,,,1.73,Sh,3.0,812
2536,2021,330,2.0,Sh,4,1,V,,,,,,812
2537,2021,330,2.0,Sh,4,1,V,,,,,,812
2538,2021,330,2.0,Sh,4,2,S,0.0,0.0,,,,812
2539,2021,330,2.0,Sh,4,3,S,0.0,0.0,,,,812
2540,2021,330,2.0,Sh,4,4,V,,,3.28,Sh,6.0,812
2541,2021,331,1.29,Sh,3,1,V,,,3.19,Sh,6.0,812
2542,2021,331,1.29,Sh,3,2,S,0.0,0.0,,,,812
2543,2021,331,1.29,Sh,3,3,B,,,,,,812
2544,2021,332,3.83,Sh,4,1,V,,,,,,812
2545,2021,332,3.83,Sh,4,1,V,,,2.86,Sh,4.0,812
2546,2021,332,3.83,Sh,4,2,M,0.0,0.0,2.71,Sh,3.0,812
2547,2021,332,3.83,Sh,4,3,V,,,2.47,Sh,5.0,812
2548,2021,332,3.83,Sh,4,4,M,0.0,0.0,3.1,Sh,1.0,812
2549,2021,334,0.49,Sh,3,1,S,0.0,0.0,,,,812
2550,2021,334,0.49,Sh,3,2,B,,,,,,812
2551,2021,334,0.49,Sh,3,3,B,,,,,,812
2552,2021,334,1.22,Sh,5,1,B,,,,,,812
2553,2021,334,1.22,Sh,5,2,V,,,2.38,Sh,3.0,812
2554,2021,334,1.22,Sh,5,3,S,0.0,0.0,,,,812
2555,2021,334,1.22,Sh,5,4,B,,,,,,812
2556,2021,334,1.22,Sh,5,5,M,0.0,0.0,7.37,Me,3.0,812
2557,2021,335,5.18,Me,2,1,B,,,,,,812
2558,2021,335,5.18,Me,2,2,S,0.0,0.0,,,,812
2559,2021,336,3.64,Sh,6,1,B,,,,,,812
2560,2021,336,3.64,Sh,6,2,B,,,,,,812
2561,2021,336,3.64,Sh,6,3,S,0.0,0.0,,,,812
2562,2021,336,3.64,Sh,6,4,M,,,,,,812
2563,2021,336,3.64,Sh,6,5,M,1.0,3.0,5.98,Me,3.0,812
2564,2021,336,3.64,Sh,6,6,M,0.0,0.0,1.69,Sh,4.0,812
2565,2021,337,5.18,Me,9,1,M,0.0,0.0,3.56,Sh,3.0,812
2566,2021,337,5.18,Me,9,2,V,,,1.56,Sh,1.0,812
2567,2021,337,5.18,Me,9,3,S,0.0,0.0,,,,812
2568,2021,337,5.18,Me,9,4,V,,,1.98,Sh,2.0,812
2569,2021,337,5.18,Me,9,5,V,,,1.72,Sh,2.0,812
2570,2021,337,5.18,Me,9,5,M,0.0,0.0,4.18,Sh,2.0,812
2571,2021,337,5.18,Me,9,6,S,0.0,0.0,,,,812
2572,2021,337,5.18,Me,9,7,M,1.0,3.0,4.38,Sh,5.0,812
2573,2021,337,5.18,Me,9,8,S,0.0,0.0,,,,812
2574,2021,337,5.18,Me,9,9,M,0.0,0.0,11.76,Me,8.0,812
2575,2021,338,8.23,Me,6,1,B,,,,,,812
2576,2021,338,8.23,Me,6,2,B,,,,,,812
2577,2021,338,8.23,Me,6,3,S,0.0,0.0,,,,812
2578,2021,338,8.23,Me,6,4,S,0.0,0.0,,,,812
2579,2021,338,8.23,Me,6,5,V,,,8.99,Me,7.0,812
2580,2021,338,8.23,Me,6,6,M,1.0,2.0,4.13,Sh,1.0,812
2581,2021,339,8.95,Me,7,1,B,,,,,,812
2582,2021,339,8.95,Me,7,2,V,,,3.51,Sh,2.0,812
2583,2021,339,8.95,Me,7,2,V,,,2.69,Sh,6.0,812
2584,2021,339,8.95,Me,7,3,S,0.0,0.0,,,,812
2585,2021,339,8.95,Me,7,4,S,0.0,0.0,,,,812
2586,2021,339,8.95,Me,7,5,M,1.0,2.0,3.23,Sh,1.0,812
2587,2021,339,8.95,Me,7,6,M,0.0,0.0,3.81,Sh,3.0,812
2588,2021,339,8.95,Me,7,6,M,0.0,0.0,4.19,Sh,2.0,812
2589,2021,339,8.95,Me,7,7,M,1.0,1.0,2.85,Sh,4.0,812
2590,2021,340,2.94,Sh,5,1,B,,,,,,812
2591,2021,340,2.94,Sh,5,2,S,0.0,0.0,,,,812
2592,2021,340,2.94,Sh,5,3,V,,,1.64,Sh,2.0,812
2593,2021,340,2.94,Sh,5,4,S,0.0,0.0,,,,812
2594,2021,340,2.94,Sh,5,5,M,1.0,5.0,6.47,Me,5.0,812
2595,2021,341,4.1,Sh,5,1,V,,,1.63,Sh,5.0,812
2596,2021,341,4.1,Sh,5,1,V,,,,,,812
2597,2021,341,4.1,Sh,5,2,B,,,,,,812
2598,2021,341,4.1,Sh,5,3,S,0.0,0.0,,,,812
2599,2021,341,4.1,Sh,5,4,S,0.0,0.0,,,,812
2600,2021,341,4.1,Sh,5,5,M,1.0,3.0,3.98,Sh,4.0,812
2601,2021,343,7.25,Me,5,1,M,0.0,0.0,1.63,Sh,2.0,812
2602,2021,343,7.25,Me,5,2,B,,,,,,812
2603,2021,343,7.25,Me,5,3,B,,,,,,812
2604,2021,343,7.25,Me,5,4,V,,,5.33,Me,3.0,812
2605,2021,343,7.25,Me,5,4,V,,,4.32,Sh,7.0,812
2606,2021,343,7.25,Me,5,4,M,1.0,3.0,1.02,Sh,3.0,812
2607,2021,343,7.25,Me,5,5,V,,,1.31,Sh,1.0,812
2608,2021,344,2.82,Sh,4,1,V,,,0.51,Sh,1.0,812
2609,2021,344,2.82,Sh,4,2,M,0.0,0.0,2.77,Sh,5.0,812
2610,2021,344,2.82,Sh,4,2,V,,,2.32,Sh,5.0,812
2611,2021,344,2.82,Sh,4,3,V,,,,,,812
2612,2021,344,2.82,Sh,4,4,M,0.0,0.0,0.47,Sh,3.0,812
2613,2021,344,2.82,Sh,4,4,V,,,,,,812
2614,2021,345,6.13,Me,3,1,M,1.0,3.0,6.94,Me,7.0,812
2615,2021,345,6.13,Me,3,2,V,,,0.98,Sh,2.0,812
2616,2021,345,6.13,Me,3,3,V,,,3.39,Sh,3.0,812
2617,2021,345,6.13,Me,3,3,V,,,3.05,Sh,4.0,812
2618,2021,346,0.79,Sh,5,1,V,,,1.85,Sh,2.0,812
2619,2021,346,0.79,Sh,5,1,V,,,3.34,Sh,3.0,812
2620,2021,346,0.79,Sh,5,2,M,,,,,,812
2621,2021,346,0.79,Sh,5,2,M,,,,,,812
2622,2021,346,0.79,Sh,5,3,S,0.0,0.0,,,,812
2623,2021,346,0.79,Sh,5,4,S,0.0,0.0,,,,812
2624,2021,346,0.79,Sh,5,5,M,0.0,0.0,9.03,Me,8.0,812
2625,2021,346,0.79,Sh,5,5,V,,,4.9,Sh,5.0,812
2626,2021,346,0.79,Sh,5,5,V,,,6.17,Me,5.0,812
2627,2021,347,15.4,Me,7,1,V,,,,,,812
2628,2021,347,15.4,Me,7,2,V,,,1.94,Sh,1.0,812
2629,2021,347,15.4,Me,7,3,V,,,,,,812
2630,2021,347,15.4,Me,7,4,M,1.0,3.0,5.25,Me,3.0,812
2631,2021,347,15.4,Me,7,5,V,,,2.38,Sh,6.0,812
2632,2021,347,15.4,Me,7,5,V,,,,,,812
2633,2021,347,15.4,Me,7,6,M,1.0,3.0,0.9,Sh,4.0,812
2634,2021,347,15.4,Me,7,7,M,0.0,0.0,5.48,Me,6.0,812
2635,2021,347,15.4,Me,7,7,M,0.0,0.0,5.29,Me,3.0,812
2636,2021,349,0.17,Sh,1,1,S,0.0,0.0,,,,812
2637,2021,351,1.01,Sh,3,1,S,0.0,0.0,,,,812
2638,2021,351,1.01,Sh,3,2,S,0.0,0.0,,,,812
2639,2021,351,1.01,Sh,3,3,B,,,,,,812
2640,2021,352,6.77,Me,6,1,B,,,,,,812
2641,2021,352,6.77,Me,6,2,M,0.0,0.0,3.32,Sh,1.0,812
2642,2021,352,6.77,Me,6,2,V,,,2.8,Sh,4.0,812
2643,2021,352,6.77,Me,6,3,M,,,,,,812
2644,2021,352,6.77,Me,6,3,M,,,,,,812
2645,2021,352,6.77,Me,6,3,M,0.0,0.0,1.61,Sh,5.0,812
2646,2021,352,6.77,Me,6,4,M,0.0,0.0,4.48,Sh,3.0,812
2647,2021,352,6.77,Me,6,4,M,0.0,0.0,2.94,Sh,5.0,812
2648,2021,352,6.77,Me,6,4,M,0.0,0.0,3.65,Sh,4.0,812
2649,2021,352,6.77,Me,6,5,M,0.0,0.0,6.85,Me,6.0,812
2650,2021,352,6.77,Me,6,6,V,,,3.7,Sh,1.0,812
2651,2021,353,3.25,Sh,3,1,B,,,,,,812
2652,2021,353,3.25,Sh,3,2,S,0.0,0.0,,,,812
2653,2021,353,3.25,Sh,3,3,V,,,6.14,Me,8.0,812
2654,2021,354,3.95,Sh,1,1,M,,,,,,812
2655,2021,355,0.86,Sh,2,1,M,1.0,1.0,1.3,Sh,2.0,812
2656,2021,355,0.86,Sh,2,2,M,0.0,0.0,8.84,Me,9.0,812
2657,2021,357,6.63,Me,6,1,B,,,,,,812
2658,2021,357,6.63,Me,6,2,V,,,1.32,Sh,5.0,812
2659,2021,357,6.63,Me,6,3,V,,,2.68,Sh,2.0,812
2660,2021,357,6.63,Me,6,4,M,0.0,0.0,5.43,Me,5.0,812
2661,2021,357,6.63,Me,6,4,M,1.0,3.0,0.57,Sh,1.0,812
2662,2021,357,6.63,Me,6,5,B,,,,,,812
2663,2021,357,6.63,Me,6,6,M,0.0,0.0,4.59,Sh,1.0,812
2664,2021,358,5.77,Me,5,1,B,,,,,,812
2665,2021,358,5.77,Me,5,2,V,,,,,,812
2666,2021,358,5.77,Me,5,3,S,0.0,0.0,,,,812
2667,2021,358,5.77,Me,5,4,S,0.0,0.0,,,,812
2668,2021,358,5.77,Me,5,5,V,,,6.62,Me,2.0,812
2669,2021,358,5.77,Me,5,5,V,,,1.11,Sh,2.0,812
2670,2021,358,5.77,Me,5,5,M,0.0,0.0,4.19,Sh,6.0,812
2671,2021,360,1.65,Sh,4,1,B,,,,,,812
2672,2021,360,1.65,Sh,4,2,B,,,,,,812
2673,2021,360,1.65,Sh,4,3,M,0.0,0.0,2.96,Sh,4.0,812
2674,2021,360,1.65,Sh,4,3,V,,,0.99,Sh,3.0,812
2675,2021,360,1.65,Sh,4,4,V,,,0.09,Sh,1.0,812
2676,2021,361,2.83,Sh,4,1,B,,,,,,812
2677,2021,361,2.83,Sh,4,2,V,,,5.67,Me,3.0,812
2678,2021,361,2.83,Sh,4,3,S,0.0,0.0,,,,812
2679,2021,361,2.83,Sh,4,4,M,0.0,0.0,6.42,Me,3.0,812
2680,2021,363,2.31,Sh,2,1,V,,,3.09,Sh,4.0,812
2681,2021,363,2.31,Sh,2,1,V,,,4.46,Sh,2.0,812
2682,2021,363,2.31,Sh,2,2,B,,,,,,812
2683,2021,364,3.17,Sh,5,1,B,,,,,,812
2684,2021,364,3.17,Sh,5,2,V,,,,,,812
2685,2021,364,3.17,Sh,5,3,S,0.0,0.0,,,,812
2686,2021,364,3.17,Sh,5,4,M,0.0,0.0,7.72,Me,6.0,812
2687,2021,364,3.17,Sh,5,4,M,0.0,0.0,3.21,Sh,6.0,812
2688,2021,364,3.17,Sh,5,4,M,1.0,1.0,2.57,Sh,4.0,812
2689,2021,364,3.17,Sh,5,5,M,0.0,0.0,6.19,Me,7.0,812
2690,2021,364,3.17,Sh,5,5,M,0.0,0.0,2.5,Sh,4.0,812
2691,2021,365,2.41,Sh,4,1,V,,,1.52,Sh,3.0,812
2692,2021,365,2.41,Sh,4,2,B,,,,,,812
2693,2021,365,2.41,Sh,4,3,B,,,,,,812
2694,2021,365,2.41,Sh,4,4,S,0.0,0.0,,,,812
2695,2021,367,0.95,Sh,1,1,M,0.0,0.0,4.82,Sh,5.0,812
2696,2021,367,0.95,Sh,1,1,V,,,5.27,Me,7.0,812
2697,2021,368,0.31,Sh,1,1,S,0.0,0.0,,,,812
2698,2021,368,1.14,Sh,4,1,S,0.0,0.0,,,,812
2699,2021,368,1.14,Sh,4,2,M,0.0,0.0,3.47,Sh,3.0,812
2700,2021,368,1.14,Sh,4,3,S,0.0,0.0,,,,812
2701,2021,368,1.14,Sh,4,4,M,0.0,0.0,2.72,Sh,4.0,812
2702,2021,369,1.78,Sh,5,1,V,,,,,,812
2703,2021,369,1.78,Sh,5,2,B,,,,,,812
2704,2021,369,1.78,Sh,5,3,S,0.0,0.0,,,,812
2705,2021,369,1.78,Sh,5,4,M,1.0,3.0,2.13,Sh,4.0,812
2706,2021,369,1.78,Sh,5,5,V,,,,,,812
2707,2021,369,0.7,Sh,1,1,M,0.0,0.0,3.57,Sh,2.0,812
2708,2021,369,0.29,Sh,2,1,M,1.0,5.0,1.55,Sh,2.0,812
2709,2021,369,0.29,Sh,2,2,B,,,,,,812
2710,2021,370,5.24,Me,1,1,S,0.0,0.0,,,,812
2711,2021,371,7.01,Me,5,1,B,,,,,,812
2712,2021,371,7.01,Me,5,2,B,,,,,,812
2713,2021,371,7.01,Me,5,3,B,,,,,,812
2714,2021,371,7.01,Me,5,4,B,,,,,,812
2715,2021,371,7.01,Me,5,5,V,,,3.65,Sh,4.0,812
2716,2021,372,9.35,Me,3,1,V,,,1.47,Sh,1.0,812
2717,2021,372,9.35,Me,3,2,S,0.0,0.0,,,,812
2718,2021,372,9.35,Me,3,3,B,,,,,,812
2719,2021,373,4.12,Sh,2,1,S,0.0,0.0,,,,812
2720,2021,373,4.12,Sh,2,2,V,,,2.19,Sh,2.0,812
2721,2021,373,4.12,Sh,2,2,V,,,3.88,Sh,1.0,812
2722,2021,373,4.12,Sh,2,2,M,0.0,0.0,4.37,Sh,5.0,812
2723,2021,373,4.12,Sh,2,2,V,,,6.33,Me,8.0,812
2724,2021,374,6.63,Me,8,1,B,,,,,,812
2725,2021,374,6.63,Me,8,2,S,0.0,0.0,,,,812
2726,2021,374,6.63,Me,8,3,S,0.0,0.0,,,,812
2727,2021,374,6.63,Me,8,4,S,0.0,0.0,,,,812
2728,2021,374,6.63,Me,8,5,S,0.0,0.0,,,,812
2729,2021,374,6.63,Me,8,6,M,0.0,0.0,1.42,Sh,4.0,812
2730,2021,374,6.63,Me,8,7,B,,,,,,812
2731,2021,374,6.63,Me,8,8,M,0.0,0.0,2.31,Sh,2.0,812
2732,2021,374,6.63,Me,8,8,M,0.0,0.0,2.86,Sh,2.0,812
2733,2021,375,6.19,Me,4,1,M,0.0,0.0,3.06,Sh,6.0,812
2734,2021,375,6.19,Me,4,2,M,1.0,2.0,1.76,Sh,2.0,812
2735,2021,375,6.19,Me,4,3,S,0.0,0.0,,,,812
2736,2021,375,6.19,Me,4,4,V,,,3.93,Sh,5.0,812
2737,2021,380,0.71,Sh,3,1,B,,,,,,812
2738,2021,380,0.71,Sh,3,2,S,0.0,0.0,,,,812
2739,2021,380,0.71,Sh,3,3,S,0.0,0.0,,,,812
2740,2021,381,0.76,Sh,2,1,V,,,2.66,Sh,5.0,812
2741,2021,381,0.76,Sh,2,2,V,,,0.44,Sh,3.0,812
2742,2021,382,6.03,Me,5,1,V,,,3.02,Sh,5.0,812
2743,2021,382,6.03,Me,5,2,B,,,,,,812
2744,2021,382,6.03,Me,5,3,V,,,2.93,Sh,2.0,812
2745,2021,382,6.03,Me,5,4,S,0.0,0.0,,,,812
2746,2021,382,6.03,Me,5,5,V,,,2.57,Sh,4.0,812
2747,2021,383,2.58,Sh,6,1,M,,,,,,812
2748,2021,383,2.58,Sh,6,1,V,,,2.35,Sh,6.0,812
2749,2021,383,2.58,Sh,6,1,V,,,1.19,Sh,1.0,812
2750,2021,383,2.58,Sh,6,2,B,,,,,,812
2751,2021,383,2.58,Sh,6,3,V,,,6.3,Me,3.0,812
2752,2021,383,2.58,Sh,6,4,S,0.0,0.0,,,,812
2753,2021,383,2.58,Sh,6,5,S,0.0,0.0,,,,812
2754,2021,383,2.58,Sh,6,6,M,1.0,4.0,2.23,Sh,1.0,812
2755,2021,383,2.58,Sh,6,6,M,0.0,0.0,3.12,Sh,2.0,812
2756,2021,384,1.55,Sh,2,1,B,,,,,,812
2757,2021,384,1.55,Sh,2,2,V,,,2.59,Sh,4.0,812
2758,2021,385,4.52,Sh,4,1,V,,,,,,812
2759,2021,385,4.52,Sh,4,1,M,1.0,2.0,0.85,Sh,5.0,812
2760,2021,385,4.52,Sh,4,2,V,,,3.8,Sh,4.0,812
2761,2021,385,4.52,Sh,4,3,S,0.0,0.0,,,,812
2762,2021,385,4.52,Sh,4,4,M,0.0,0.0,5.26,Me,5.0,812
2763,2021,385,0.9,Sh,2,1,B,,,,,,812
2764,2021,385,0.9,Sh,2,2,V,,,0.27,Sh,2.0,812
2765,2021,387,4.15,Sh,2,1,B,,,,,,812
2766,2021,387,4.15,Sh,2,2,S,0.0,0.0,,,,812
2767,2021,388,6.47,Me,7,1,B,,,,,,812
2768,2021,388,6.47,Me,7,2,M,,,,,,812
2769,2021,388,6.47,Me,7,3,V,,,5.13,Me,7.0,812
2770,2021,388,6.47,Me,7,4,M,0.0,0.0,2.05,Sh,4.0,812
2771,2021,388,6.47,Me,7,5,V,,,7.7,Me,6.0,812
2772,2021,388,6.47,Me,7,6,B,,,,,,812
2773,2021,388,6.47,Me,7,7,V,,,8.11,Me,7.0,812
2774,2021,388,6.47,Me,7,7,M,0.0,0.0,9.62,Me,7.0,812
2775,2021,389,7.39,Me,6,1,B,,,,,,812
2776,2021,389,7.39,Me,6,2,B,,,,,,812
2777,2021,389,7.39,Me,6,3,V,,,2.45,Sh,2.0,812
2778,2021,389,7.39,Me,6,4,S,0.0,0.0,,,,812
2779,2021,389,7.39,Me,6,5,M,0.0,0.0,0.01,Sh,3.0,812
2780,2021,389,7.39,Me,6,6,M,0.0,0.0,4.72,Sh,3.0,812
2781,2021,390,1.34,Sh,4,1,V,,,,,,812
2782,2021,390,1.34,Sh,4,1,V,,,0.84,Sh,2.0,812
2783,2021,390,1.34,Sh,4,1,V,,,0.29,Sh,1.0,812
2784,2021,390,1.34,Sh,4,1,V,,,,,,812
2785,2021,390,1.34,Sh,4,2,V,,,1.6,Sh,7.0,812
2786,2021,390,1.34,Sh,4,3,M,,,,,,812
2787,2021,390,1.34,Sh,4,4,V,,,4.76,Sh,3.0,812
2788,2021,391,2.99,Sh,1,1,B,,,,,,812
2789,2021,392,3.16,Sh,3,1,B,,,,,,812
2790,2021,392,3.16,Sh,3,2,S,0.0,0.0,,,,812
2791,2021,392,3.16,Sh,3,3,M,1.0,4.0,2.76,Sh,3.0,812
2792,2021,393,9.63,Me,4,1,V,,,2.19,Sh,5.0,812
2793,2021,393,9.63,Me,4,2,S,0.0,0.0,,,,812
2794,2021,393,9.63,Me,4,3,V,,,6.08,Me,4.0,812
2795,2021,393,9.63,Me,4,4,V,,,7.86,Me,5.0,812
2796,2021,394,7.48,Me,4,1,B,,,,,,812
2797,2021,394,7.48,Me,4,2,S,0.0,0.0,,,,812
2798,2021,394,7.48,Me,4,3,B,,,,,,812
2799,2021,394,7.48,Me,4,4,M,0.0,0.0,3.36,Sh,2.0,812
2800,2021,394,7.48,Me,4,4,V,,,5.44,Me,1.0,812
2801,2021,394,7.48,Me,4,4,M,0.0,0.0,1.74,Sh,4.0,812
2802,2021,395,8.11,Me,10,1,V,,,1.26,Sh,4.0,812
2803,2021,395,8.11,Me,10,1,V,,,,,,812
2804,2021,395,8.11,Me,10,2,S,0.0,0.0,,,,812
2805,2021,395,8.11,Me,10,3,S,0.0,0.0,,,,812
2806,2021,395,8.11,Me,10,4,S,0.0,0.0,,,,812
2807,2021,395,8.11,Me,10,5,V,,,2.49,Sh,3.0,812
2808,2021,395,8.11,Me,10,6,S,0.0,0.0,,,,812
2809,2021,395,8.11,Me,10,7,B,,,,,,812
2810,2021,395,8.11,Me,10,8,M,1.0,5.0,10.3,Me,8.0,812
2811,2021,395,8.11,Me,10,9,M,0.0,0.0,5.51,Me,6.0,812
2812,2021,395,8.11,Me,10,9,M,0.0,0.0,9.2,Me,8.0,812
2813,2021,395,8.11,Me,10,10,M,1.0,1.0,7.71,Me,6.0,812
2814,2021,396,6.45,Me,2,1,B,,,,,,812
2815,2021,396,6.45,Me,2,2,M,1.0,3.0,0.51,Sh,1.0,812
2816,2021,397,3.3,Sh,6,1,M,0.0,0.0,1.62,Sh,2.0,812
2817,2021,397,3.3,Sh,6,2,B,,,,,,812
2818,2021,397,3.3,Sh,6,3,M,0.0,0.0,0.43,Sh,3.0,812
2819,2021,397,3.3,Sh,6,4,S,0.0,0.0,,,,812
2820,2021,397,3.3,Sh,6,5,V,,,4.54,Sh,5.0,812
2821,2021,397,3.3,Sh,6,6,M,0.0,0.0,2.84,Sh,3.0,812
2822,2021,398,9.25,Me,4,1,B,,,,,,812
2823,2021,398,9.25,Me,4,2,V,,,2.88,Sh,1.0,812
2824,2021,398,9.25,Me,4,3,M,0.0,0.0,1.88,Sh,3.0,812
2825,2021,398,9.25,Me,4,4,M,0.0,0.0,4.04,Sh,4.0,812
2826,2021,399,5.94,Me,3,1,B,,,,,,812
2827,2021,399,5.94,Me,3,2,S,0.0,0.0,,,,812
2828,2021,399,5.94,Me,3,3,M,0.0,0.0,0.34,Sh,2.0,812
2829,2021,399,5.94,Me,3,3,M,1.0,5.0,4.75,Sh,3.0,812
2830,2021,400,8.74,Me,8,1,B,,,,,,812
2831,2021,400,8.74,Me,8,2,V,,,0.1,Sh,1.0,812
2832,2021,400,8.74,Me,8,2,V,,,6.49,Me,5.0,812
2833,2021,400,8.74,Me,8,2,V,,,,,,812
2834,2021,400,8.74,Me,8,3,V,,,0.47,Sh,2.0,812
2835,2021,400,8.74,Me,8,4,S,0.0,0.0,,,,812
2836,2021,400,8.74,Me,8,5,S,0.0,0.0,,,,812
2837,2021,400,8.74,Me,8,6,S,0.0,0.0,,,,812
2838,2021,400,8.74,Me,8,7,M,1.0,2.0,3.09,Sh,3.0,812
2839,2021,400,8.74,Me,8,8,V,,,5.89,Me,6.0,812
2840,2021,400,8.74,Me,8,8,M,0.0,0.0,7.42,Me,6.0,812
2841,2021,401,2.29,Sh,6,1,V,,,0.04,Sh,3.0,812
2842,2021,401,2.29,Sh,6,2,S,0.0,0.0,,,,812
2843,2021,401,2.29,Sh,6,3,B,,,,,,812
2844,2021,401,2.29,Sh,6,4,S,0.0,0.0,,,,812
2845,2021,401,2.29,Sh,6,5,S,0.0,0.0,,,,812
2846,2021,401,2.29,Sh,6,6,M,0.0,0.0,4.16,Sh,5.0,812
2847,2021,401,2.29,Sh,6,6,V,,,5.88,Me,5.0,812
2848,2021,403,2.68,Sh,4,1,V,,,1.75,Sh,4.0,812
2849,2021,403,2.68,Sh,4,2,M,0.0,0.0,0.07,Sh,1.0,812
2850,2021,403,2.68,Sh,4,2,V,,,1.34,Sh,3.0,812
2851,2021,403,2.68,Sh,4,3,B,,,,,,812
2852,2021,403,2.68,Sh,4,4,V,,,3.75,Sh,4.0,812
2853,2021,404,1.19,Sh,6,1,V,,,0.71,Sh,2.0,812
2854,2021,404,1.19,Sh,6,2,B,,,,,,812
2855,2021,404,1.19,Sh,6,3,V,,,0.04,Sh,1.0,812
2856,2021,404,1.19,Sh,6,4,V,,,2.84,Sh,6.0,812
2857,2021,404,1.19,Sh,6,5,V,,,,,,812
2858,2021,404,1.19,Sh,6,6,V,,,5.29,Me,1.0,812
2859,2021,405,0.63,Sh,1,1,M,1.0,3.0,0.17,Sh,4.0,812
2860,2021,405,0.25,Sh,1,1,B,,,,,,812
2861,2021,406,2.26,Sh,3,1,V,,,8.78,Me,7.0,812
2862,2021,406,2.26,Sh,3,2,V,,,1.52,Sh,5.0,812
2863,2021,406,2.26,Sh,3,3,V,,,2.89,Sh,1.0,812
2864,2021,406,2.26,Sh,3,3,M,0.0,0.0,6.96,Me,7.0,812
2865,2021,406,2.26,Sh,3,3,V,,,11.73,Me,6.0,812
2866,2021,406,2.26,Sh,3,3,V,,,3.62,Sh,3.0,812
2867,2021,407,5.87,Me,5,1,B,,,,,,812
2868,2021,407,5.87,Me,5,2,M,0.0,0.0,1.27,Sh,1.0,812
2869,2021,407,5.87,Me,5,3,S,0.0,0.0,,,,812
2870,2021,407,5.87,Me,5,4,S,0.0,0.0,,,,812
2871,2021,407,5.87,Me,5,5,M,0.0,0.0,4.47,Sh,6.0,812
2872,2021,408,2.69,Sh,5,1,B,,,,,,812
2873,2021,408,2.69,Sh,5,2,M,0.0,0.0,0.58,Sh,1.0,812
2874,2021,408,2.69,Sh,5,2,V,,,2.62,Sh,2.0,812
2875,2021,408,2.69,Sh,5,3,V,,,3.38,Sh,2.0,812
2876,2021,408,2.69,Sh,5,4,S,0.0,0.0,,,,812
2877,2021,408,2.69,Sh,5,5,M,0.0,0.0,7.46,Me,4.0,812
2878,2021,411,1.95,Sh,1,1,M,1.0,2.0,4.26,Sh,5.0,812
2879,2021,413,3.07,Sh,3,1,V,,,3.64,Sh,2.0,812
2880,2021,413,3.07,Sh,3,1,V,,,0.96,Sh,3.0,812
2881,2021,413,3.07,Sh,3,2,S,0.0,0.0,,,,812
2882,2021,413,3.07,Sh,3,3,B,,,,,,812
2883,2021,415,3.54,Sh,4,1,B,,,,,,812
2884,2021,415,3.54,Sh,4,2,S,0.0,0.0,,,,812
2885,2021,415,3.54,Sh,4,3,M,1.0,4.0,4.74,Sh,3.0,812
2886,2021,415,3.54,Sh,4,4,V,,,6.67,Me,5.0,812
2887,2021,416,4.51,Sh,4,1,S,0.0,0.0,,,,812
2888,2021,416,4.51,Sh,4,2,B,,,,,,812
2889,2021,416,4.51,Sh,4,3,V,,,1.05,Sh,1.0,812
2890,2021,416,4.51,Sh,4,3,V,,,1.68,Sh,3.0,812
2891,2021,416,4.51,Sh,4,4,B,,,,,,812
2892,2021,417,3.89,Sh,4,1,V,,,,,,812
2893,2021,417,3.89,Sh,4,2,B,,,,,,812
2894,2021,417,3.89,Sh,4,3,V,,,2.44,Sh,1.0,812
2895,2021,417,3.89,Sh,4,4,V,,,3.8,Sh,2.0,812
2896,2021,418,2.74,Sh,4,1,V,,,,,,812
2897,2021,418,2.74,Sh,4,1,V,,,,,,812
2898,2021,418,2.74,Sh,4,1,V,,,,,,812
2899,2021,418,2.74,Sh,4,2,B,,,,,,812
2900,2021,418,2.74,Sh,4,3,M,1.0,2.0,1.6,Sh,2.0,812
2901,2021,418,2.74,Sh,4,3,M,0.0,0.0,0.1,Sh,1.0,812
2902,2021,418,2.74,Sh,4,4,V,,,5.27,Me,4.0,812
2903,2021,419,6.89,Me,4,1,V,,,0.62,Sh,2.0,812
2904,2021,419,6.89,Me,4,2,M,,,,,,812
2905,2021,419,6.89,Me,4,3,B,,,,,,812
2906,2021,419,6.89,Me,4,4,B,,,,,,812
2907,2021,423,0.97,Sh,1,1,S,0.0,0.0,,,,812
2908,2021,423,1.61,Sh,4,1,B,,,,,,812
2909,2021,423,1.61,Sh,4,2,V,,,,,,812
2910,2021,423,1.61,Sh,4,3,V,,,0.81,Sh,3.0,812
2911,2021,423,1.61,Sh,4,4,M,1.0,2.0,0.89,Sh,2.0,812
2912,2021,423,1.61,Sh,4,4,M,0.0,0.0,0.89,Sh,3.0,812
2913,2021,424,4.71,Sh,4,1,B,,,,,,812
2914,2021,424,4.71,Sh,4,2,S,0.0,0.0,,,,812
2915,2021,424,4.71,Sh,4,3,V,,,,,,812
2916,2021,424,4.71,Sh,4,4,V,,,6.02,Me,5.0,812
2917,2021,424,4.71,Sh,4,4,M,0.0,0.0,1.76,Sh,1.0,812
2918,2021,425,0.83,Sh,2,1,B,,,,,,812
2919,2021,425,0.83,Sh,2,2,B,,,,,,812
2920,2021,426,2.27,Sh,4,1,S,0.0,0.0,,,,812
2921,2021,426,2.27,Sh,4,2,V,,,1.83,Sh,3.0,812
2922,2021,426,2.27,Sh,4,3,S,0.0,0.0,,,,812
2923,2021,426,2.27,Sh,4,4,B,,,,,,812
2924,2021,426,3.58,Sh,2,1,B,,,,,,812
2925,2021,426,3.58,Sh,2,2,B,,,,,,812
2926,2021,427,4.46,Sh,2,1,B,,,,,,812
2927,2021,427,4.46,Sh,2,2,M,1.0,1.0,3.31,Sh,3.0,812
2928,2021,428,3.29,Sh,6,1,V,,,2.43,Sh,2.0,812
2929,2021,428,3.29,Sh,6,2,B,,,,,,812
2930,2021,428,3.29,Sh,6,3,V,,,0.81,Sh,4.0,812
2931,2021,428,3.29,Sh,6,4,V,,,0.52,Sh,1.0,812
2932,2021,428,3.29,Sh,6,4,V,,,,,,812
2933,2021,428,3.29,Sh,6,5,M,0.0,0.0,0.41,Sh,3.0,812
2934,2021,428,3.29,Sh,6,5,M,0.0,0.0,3.67,Sh,4.0,812
2935,2021,428,3.29,Sh,6,5,V,,,6.66,Me,5.0,812
2936,2021,428,3.29,Sh,6,6,M,1.0,4.0,2.03,Sh,4.0,812
2937,2021,428,3.29,Sh,6,6,M,0.0,0.0,5.92,Me,6.0,812
2938,2021,429,4.21,Sh,4,1,V,,,2.46,Sh,3.0,812
2939,2021,429,4.21,Sh,4,1,V,,,4.68,Sh,4.0,812
2940,2021,429,4.21,Sh,4,2,B,,,,,,812
2941,2021,429,4.21,Sh,4,3,S,0.0,0.0,,,,812
2942,2021,429,4.21,Sh,4,4,M,0.0,0.0,2.95,Sh,5.0,812
2943,2021,429,4.21,Sh,4,4,V,,,3.49,Sh,6.0,812
2944,2021,430,3.65,Sh,5,1,V,,,5.58,Me,7.0,812
2945,2021,430,3.65,Sh,5,2,S,0.0,0.0,,,,812
2946,2021,430,3.65,Sh,5,3,S,0.0,0.0,,,,812
2947,2021,430,3.65,Sh,5,4,B,,,,,,812
2948,2021,430,3.65,Sh,5,5,M,1.0,1.0,3.27,Sh,5.0,812
2949,2021,430,3.65,Sh,5,5,M,0.0,0.0,1.83,Sh,2.0,812
2950,2021,432,1.42,Sh,2,1,V,,,1.35,Sh,4.0,812
2951,2021,432,1.42,Sh,2,2,V,,,0.97,Sh,5.0,812
2952,2021,433,1.77,Sh,4,1,B,,,,,,812
2953,2021,433,1.77,Sh,4,2,B,,,,,,812
2954,2021,433,1.77,Sh,4,3,V,,,0.56,Sh,2.0,812
2955,2021,433,1.77,Sh,4,4,M,0.0,0.0,7.61,Me,5.0,812
2956,2021,433,0.94,Sh,3,1,M,0.0,0.0,1.98,Sh,3.0,812
2957,2021,433,0.94,Sh,3,2,S,0.0,0.0,,,,812
2958,2021,433,0.94,Sh,3,3,V,,,3.5,Sh,3.0,812
2959,2021,434,0.3,Sh,5,1,B,,,,,,812
2960,2021,434,0.3,Sh,5,2,B,,,,,,812
2961,2021,434,0.3,Sh,5,3,S,0.0,0.0,,,,812
2962,2021,434,0.3,Sh,5,4,S,0.0,0.0,,,,812
2963,2021,434,0.3,Sh,5,5,V,,,,,,812
2964,2021,437,7.53,Me,6,1,S,0.0,0.0,,,,812
2965,2021,437,7.53,Me,6,2,M,,,,,,812
2966,2021,437,7.53,Me,6,2,M,,,,,,812
2967,2021,437,7.53,Me,6,3,S,0.0,0.0,,,,812
2968,2021,437,7.53,Me,6,4,M,1.0,3.0,0.83,Sh,4.0,812
2969,2021,437,7.53,Me,6,4,V,,,1.45,Sh,4.0,812
2970,2021,437,7.53,Me,6,4,V,,,2.26,Sh,4.0,812
2971,2021,437,7.53,Me,6,5,V,,,3.34,Sh,3.0,812
2972,2021,437,7.53,Me,6,6,M,0.0,0.0,4.23,Sh,5.0,812
2973,2021,438,1.55,Sh,1,1,V,,,1.27,Sh,1.0,812
2974,2021,438,1.55,Sh,1,1,M,1.0,3.0,0.37,Sh,1.0,812
2975,2021,439,3.84,Sh,2,1,V,,,0.84,Sh,3.0,812
2976,2021,439,3.84,Sh,2,2,V,,,5.31,Me,7.0,812
2977,2021,441,1.3,Sh,3,1,V,,,,,,812
2978,2021,441,1.3,Sh,3,1,V,,,0.88,Sh,1.0,812
2979,2021,441,1.3,Sh,3,2,S,0.0,0.0,,,,812
2980,2021,441,1.3,Sh,3,3,B,,,,,,812
2981,2021,442,1.2,Sh,1,1,M,1.0,1.0,0.63,Sh,3.0,812
2982,2021,443,1.52,Sh,1,1,S,0.0,0.0,,,,812
2983,2021,444,3.92,Sh,2,1,V,,,4.63,Sh,7.0,812
2984,2021,444,3.92,Sh,2,1,V,,,4.43,Sh,5.0,812
2985,2021,444,3.92,Sh,2,1,V,,,,,,812
2986,2021,444,3.92,Sh,2,2,B,,,,,,812
2987,2021,445,8.37,Me,4,1,V,,,,,,812
2988,2021,445,8.37,Me,4,2,B,,,,,,812
2989,2021,445,8.37,Me,4,3,S,0.0,0.0,,,,812
2990,2021,445,8.37,Me,4,4,M,0.0,0.0,6.78,Me,6.0,812
2991,2021,446,2.98,Sh,1,1,S,0.0,0.0,,,,812
2992,2021,447,3.97,Sh,5,1,V,,,,,,812
2993,2021,447,3.97,Sh,5,2,B,,,,,,812
2994,2021,447,3.97,Sh,5,3,M,0.0,0.0,3.4,Sh,6.0,812
2995,2021,447,3.97,Sh,5,4,B,,,,,,812
2996,2021,447,3.97,Sh,5,5,M,0.0,0.0,3.86,Sh,4.0,812
2997,2021,447,3.97,Sh,5,5,V,,,,,,812
2998,2021,448,3.01,Sh,6,1,V,,,,,,812
2999,2021,448,3.01,Sh,6,1,V,,,0.29,Sh,1.0,812
3000,2021,448,3.01,Sh,6,2,B,,,,,,812
3001,2021,448,3.01,Sh,6,3,M,0.0,0.0,4.02,Sh,1.0,812
3002,2021,448,3.01,Sh,6,3,V,,,3.34,Sh,5.0,812
3003,2021,448,3.01,Sh,6,4,S,0.0,0.0,,,,812
3004,2021,448,3.01,Sh,6,5,M,1.0,3.0,1.49,Sh,1.0,812
3005,2021,448,3.01,Sh,6,6,M,0.0,0.0,4.13,Sh,2.0,812
3006,2021,450,6.76,Me,7,1,V,,,2.01,Sh,2.0,812
3007,2021,450,6.76,Me,7,1,V,,,,,,812
3008,2021,450,6.76,Me,7,2,M,1.0,3.0,6.37,Me,4.0,812
3009,2021,450,6.76,Me,7,3,V,,,1.52,Sh,1.0,812
3010,2021,450,6.76,Me,7,4,S,0.0,0.0,,,,812
3011,2021,450,6.76,Me,7,5,S,0.0,0.0,,,,812
3012,2021,450,6.76,Me,7,6,M,1.0,5.0,4.2,Sh,4.0,812
3013,2021,450,6.76,Me,7,7,M,1.0,3.0,10.69,Me,6.0,812
3014,2021,451,7.57,Me,7,1,M,1.0,2.0,0.87,Sh,1.0,812
3015,2021,451,7.57,Me,7,2,B,,,,,,812
3016,2021,451,7.57,Me,7,3,V,,,3.62,Sh,4.0,812
3017,2021,451,7.57,Me,7,4,M,0.0,0.0,4.99,Sh,6.0,812
3018,2021,451,7.57,Me,7,5,S,0.0,0.0,,,,812
3019,2021,451,7.57,Me,7,6,V,,,5.04,Me,5.0,812
3020,2021,451,7.57,Me,7,7,M,0.0,0.0,2.6,Sh,4.0,812
3021,2021,452,1.3,Sh,1,1,M,1.0,6.0,1.98,Sh,2.0,812
3022,2021,453,5.62,Me,5,1,V,,,0.18,Sh,2.0,812
3023,2021,453,5.62,Me,5,2,S,0.0,0.0,,,,812
3024,2021,453,5.62,Me,5,3,S,0.0,0.0,,,,812
3025,2021,453,5.62,Me,5,4,V,,,6.26,Me,8.0,812
3026,2021,453,5.62,Me,5,5,M,0.0,0.0,0.53,Sh,1.0,812
3027,2021,456,5.04,Me,5,1,V,,,,,,812
3028,2021,456,5.04,Me,5,2,B,,,,,,812
3029,2021,456,5.04,Me,5,3,B,,,,,,812
3030,2021,456,5.04,Me,5,4,M,1.0,2.0,4.9,Sh,4.0,812
3031,2021,456,5.04,Me,5,5,M,1.0,1.0,2.03,Sh,4.0,812
3032,2021,456,5.04,Me,5,5,M,1.0,1.0,3.2,Sh,3.0,812
3033,2021,457,1.67,Sh,3,1,M,0.0,0.0,0.39,Sh,2.0,812
3034,2021,457,1.67,Sh,3,2,V,,,0.96,Sh,2.0,812
3035,2021,457,1.67,Sh,3,3,V,,,0.91,Sh,2.0,812
3036,2021,458,1.66,Sh,4,1,B,,,,,,812
3037,2021,458,1.66,Sh,4,2,M,0.0,0.0,0.97,Sh,2.0,812
3038,2021,458,1.66,Sh,4,2,V,,,2.13,Sh,4.0,812
3039,2021,458,1.66,Sh,4,3,M,0.0,0.0,1.98,Sh,4.0,812
3040,2021,458,1.66,Sh,4,3,V,,,2.16,Sh,6.0,812
3041,2021,458,1.66,Sh,4,4,S,0.0,0.0,,,,812
3042,2021,458,2.45,Sh,3,1,B,,,,,,812
3043,2021,458,2.45,Sh,3,2,V,,,3.1,Sh,3.0,812
3044,2021,458,2.45,Sh,3,3,V,,,1.16,Sh,2.0,812
3045,2021,458,2.45,Sh,3,3,V,,,8.26,Me,6.0,812
3046,2021,459,5.35,Me,4,1,V,,,0.38,Sh,5.0,812
3047,2021,459,5.35,Me,4,2,S,0.0,0.0,,,,812
3048,2021,459,5.35,Me,4,3,M,1.0,3.0,6.89,Me,3.0,812
3049,2021,459,5.35,Me,4,4,V,,,0.95,Sh,4.0,812
3050,2021,460,2.78,Sh,2,1,B,,,,,,812
3051,2021,460,2.78,Sh,2,2,M,0.0,0.0,6.09,Me,3.0,812
3052,2021,461,3.28,Sh,6,1,V,,,,,,812
3053,2021,461,3.28,Sh,6,2,V,,,,,,812
3054,2021,461,3.28,Sh,6,2,V,,,0.48,Sh,5.0,812
3055,2021,461,3.28,Sh,6,2,V,,,1.46,Sh,1.0,812
3056,2021,461,3.28,Sh,6,3,V,,,5.06,Me,5.0,812
3057,2021,461,3.28,Sh,6,4,B,,,,,,812
3058,2021,461,3.28,Sh,6,5,M,0.0,0.0,1.63,Sh,3.0,812
3059,2021,461,3.28,Sh,6,6,M,0.0,0.0,5.72,Me,6.0,812
3060,2021,462,5.04,Me,5,1,B,,,,,,812
3061,2021,462,5.04,Me,5,2,V,,,2.43,Sh,3.0,812
3062,2021,462,5.04,Me,5,2,M,1.0,1.0,0.51,Sh,2.0,812
3063,2021,462,5.04,Me,5,3,M,1.0,3.0,5.42,Me,3.0,812
3064,2021,462,5.04,Me,5,4,M,1.0,1.0,10.8,Me,2.0,812
3065,2021,462,5.04,Me,5,5,S,0.0,0.0,,,,812
3066,2021,463,5.39,Me,4,1,B,,,,,,812
3067,2021,463,5.39,Me,4,2,S,0.0,0.0,,,,812
3068,2021,463,5.39,Me,4,3,B,,,,,,812
3069,2021,463,5.39,Me,4,4,V,,,3.96,Sh,3.0,812
3070,2021,464,0.25,Sh,2,1,S,0.0,0.0,,,,812
3071,2021,464,0.25,Sh,2,2,M,1.0,1.0,4.52,Sh,2.0,812
3072,2021,468,3.48,Sh,4,1,S,0.0,0.0,,,,812
3073,2021,468,3.48,Sh,4,2,V,,,4.09,Sh,4.0,812
3074,2021,468,3.48,Sh,4,2,V,,,1.08,Sh,3.0,812
3075,2021,468,3.48,Sh,4,3,M,0.0,0.0,1.27,Sh,3.0,812
3076,2021,468,3.48,Sh,4,4,V,,,0.59,Sh,1.0,812
3077,2021,470,0.86,Sh,1,1,V,,,2.1,Sh,3.0,812
3078,2021,470,1.67,Sh,1,1,S,0.0,0.0,,,,812
3079,2021,471,1.76,Sh,4,1,V,,,2.41,Sh,3.0,812
3080,2021,471,1.76,Sh,4,2,M,0.0,0.0,3.29,Sh,4.0,812
3081,2021,471,1.76,Sh,4,2,V,,,0.84,Sh,1.0,812
3082,2021,471,1.76,Sh,4,3,M,0.0,0.0,2.33,Sh,6.0,812
3083,2021,471,1.76,Sh,4,3,V,,,,,,812
3084,2021,471,1.76,Sh,4,4,V,,,3.36,Sh,1.0,812
3085,2021,472,5.26,Me,5,1,B,,,,,,812
3086,2021,472,5.26,Me,5,2,S,0.0,0.0,,,,812
3087,2021,472,5.26,Me,5,3,S,0.0,0.0,,,,812
3088,2021,472,5.26,Me,5,4,B,,,,,,812
3089,2021,472,5.26,Me,5,5,V,,,0.1,Sh,2.0,812
3090,2021,473,5.15,Me,6,1,V,,,2.21,Sh,4.0,812
3091,2021,473,5.15,Me,6,1,V,,,7.1,Me,6.0,812
3092,2021,473,5.15,Me,6,1,V,,,,,,812
3093,2021,473,5.15,Me,6,1,V,,,,,,812
3094,2021,473,5.15,Me,6,2,B,,,,,,812
3095,2021,473,5.15,Me,6,3,V,,,3.63,Sh,3.0,812
3096,2021,473,5.15,Me,6,4,M,0.0,0.0,1.03,Sh,1.0,812
3097,2021,473,5.15,Me,6,5,M,0.0,0.0,6.43,Me,4.0,812
3098,2021,473,5.15,Me,6,5,M,1.0,1.0,2.33,Sh,3.0,812
3099,2021,473,5.15,Me,6,6,M,0.0,0.0,1.4,Sh,1.0,812
3100,2021,474,0.84,Sh,6,1,B,,,,,,812
3101,2021,474,0.84,Sh,6,2,V,,,3.03,Sh,4.0,812
3102,2021,474,0.84,Sh,6,2,M,0.0,0.0,0.3,Sh,3.0,812
3103,2021,474,0.84,Sh,6,2,V,,,,,,812
3104,2021,474,0.84,Sh,6,3,V,,,1.64,Sh,1.0,812
3105,2021,474,0.84,Sh,6,4,V,,,2.24,Sh,3.0,812
3106,2021,474,0.84,Sh,6,4,M,0.0,0.0,0.23,Sh,1.0,812
3107,2021,474,0.84,Sh,6,4,M,0.0,0.0,7.71,Me,5.0,812
3108,2021,474,0.84,Sh,6,5,M,0.0,0.0,5.28,Me,4.0,812
3109,2021,474,0.84,Sh,6,6,M,1.0,1.0,3.11,Sh,6.0,812
3110,2021,474,3.28,Sh,3,1,V,,,2.59,Sh,3.0,812
3111,2021,474,3.28,Sh,3,1,V,,,0.7,Sh,1.0,812
3112,2021,474,3.28,Sh,3,2,S,0.0,0.0,,,,812
3113,2021,474,3.28,Sh,3,3,B,,,,,,812
3114,2021,475,6.71,Me,5,1,B,,,,,,812
3115,2021,475,6.71,Me,5,2,V,,,,,,812
3116,2021,475,6.71,Me,5,3,V,,,3.84,Sh,5.0,812
3117,2021,475,6.71,Me,5,3,V,,,4.82,Sh,2.0,812
3118,2021,475,6.71,Me,5,4,B,,,,,,812
3119,2021,475,6.71,Me,5,5,S,0.0,0.0,,,,812
3120,2021,477,5.33,Me,7,1,B,,,,,,812
3121,2021,477,5.33,Me,7,2,V,,,1.15,Sh,2.0,812
3122,2021,477,5.33,Me,7,2,V,,,1.36,Sh,1.0,812
3123,2021,477,5.33,Me,7,2,V,,,,,,812
3124,2021,477,5.33,Me,7,3,M,0.0,0.0,0.98,Sh,3.0,812
3125,2021,477,5.33,Me,7,3,V,,,6.4,Me,5.0,812
3126,2021,477,5.33,Me,7,3,M,0.0,0.0,2.6,Sh,4.0,812
3127,2021,477,5.33,Me,7,4,S,0.0,0.0,,,,812
3128,2021,477,5.33,Me,7,5,V,,,1.29,Sh,1.0,812
3129,2021,477,5.33,Me,7,5,V,,,4.65,Sh,5.0,812
3130,2021,477,5.33,Me,7,5,M,0.0,0.0,6.44,Me,4.0,812
3131,2021,477,5.33,Me,7,6,V,,,6.1,Me,6.0,812
3132,2021,477,5.33,Me,7,7,M,1.0,4.0,6.82,Me,7.0,812
3133,2021,481,0.96,Sh,3,1,V,,,3.99,Sh,4.0,812
3134,2021,481,0.96,Sh,3,2,B,,,,,,812
3135,2021,481,0.96,Sh,3,3,B,,,,,,812
3136,2021,482,0.69,Sh,1,1,S,0.0,0.0,,,,812
3137,2021,484,0.53,Sh,5,1,M,,,,,,812
3138,2021,484,0.53,Sh,5,2,B,,,,,,812
3139,2021,484,0.53,Sh,5,3,S,0.0,0.0,,,,812
3140,2021,484,0.53,Sh,5,4,M,0.0,0.0,1.1,Sh,4.0,812
3141,2021,484,0.53,Sh,5,5,M,0.0,0.0,1.3,Sh,1.0,812
3142,2021,484,0.53,Sh,5,5,M,0.0,0.0,6.33,Me,1.0,812
3143,2021,485,0.97,Sh,2,1,B,,,,,,812
3144,2021,485,0.97,Sh,2,2,V,,,,,,812
3145,2021,485,1.77,Sh,2,1,V,,,1.3,Sh,2.0,812
3146,2021,485,1.77,Sh,2,2,B,,,,,,812
3147,2021,486,1.99,Sh,2,1,B,,,,,,812
3148,2021,486,1.99,Sh,2,2,B,,,,,,812
3149,2021,486,1.17,Sh,2,1,B,,,,,,812
3150,2021,486,1.17,Sh,2,2,V,,,6.9,Me,6.0,812
3151,2021,486,1.17,Sh,2,2,M,1.0,2.0,5.77,Me,6.0,812
3152,2021,486,1.59,Sh,2,1,B,,,,,,812
3153,2021,486,1.59,Sh,2,2,V,,,6.97,Me,9.0,812
3154,2021,487,2.01,Sh,2,1,S,0.0,0.0,,,,812
3155,2021,487,2.01,Sh,2,2,S,0.0,0.0,,,,812
3156,2021,488,4.62,Sh,3,1,M,1.0,5.0,2.03,Sh,5.0,812
3157,2021,488,4.62,Sh,3,2,S,0.0,0.0,,,,812
3158,2021,488,4.62,Sh,3,3,S,0.0,0.0,,,,812
3159,2021,489,7.17,Me,4,1,V,,,1.35,Sh,2.0,812
3160,2021,489,7.17,Me,4,1,V,,,,,,812
3161,2021,489,7.17,Me,4,2,S,0.0,0.0,,,,812
3162,2021,489,7.17,Me,4,3,S,0.0,0.0,,,,812
3163,2021,489,7.17,Me,4,4,M,0.0,0.0,4.72,Sh,7.0,812
3164,2021,490,3.91,Sh,6,1,B,,,,,,812
3165,2021,490,3.91,Sh,6,2,V,,,,,,812
3166,2021,490,3.91,Sh,6,3,M,0.0,0.0,0.27,Sh,1.0,812
3167,2021,490,3.91,Sh,6,3,V,,,4.45,Sh,6.0,812
3168,2021,490,3.91,Sh,6,3,V,,,5.08,Me,4.0,812
3169,2021,490,3.91,Sh,6,4,S,0.0,0.0,,,,812
3170,2021,490,3.91,Sh,6,5,V,,,2.07,Sh,5.0,812
3171,2021,490,3.91,Sh,6,6,V,,,3.09,Sh,1.0,812
3172,2021,491,5.47,Me,2,1,V,,,,,,812
3173,2021,491,5.47,Me,2,1,V,,,,,,812
3174,2021,491,5.47,Me,2,2,V,,,7.61,Me,4.0,812
3175,2021,492,9.82,Me,7,1,V,,,1.88,Sh,2.0,812
3176,2021,492,9.82,Me,7,2,S,0.0,0.0,,,,812
3177,2021,492,9.82,Me,7,3,B,,,,,,812
3178,2021,492,9.82,Me,7,4,S,0.0,0.0,,,,812
3179,2021,492,9.82,Me,7,5,V,,,5.51,Me,6.0,812
3180,2021,492,9.82,Me,7,6,M,1.0,5.0,7.28,Me,7.0,812
3181,2021,492,9.82,Me,7,7,S,0.0,0.0,,,,812
3182,2021,493,4.18,Sh,2,1,M,1.0,5.0,3.54,Sh,5.0,812
3183,2021,493,4.18,Sh,2,1,M,0.0,0.0,3.92,Sh,7.0,812
3184,2021,493,4.18,Sh,2,2,M,,,,,,812
3185,2021,495,4.88,Sh,2,1,B,,,,,,812
3186,2021,495,4.88,Sh,2,2,V,,,5.93,Me,4.0,812
3187,2021,495,4.88,Sh,2,2,V,,,2.72,Sh,5.0,812
3188,2021,496,0.74,Sh,1,1,V,,,1.17,Sh,2.0,812
3189,2021,497,3.71,Sh,2,1,S,0.0,0.0,,,,812
3190,2021,497,3.71,Sh,2,2,V,,,6.44,Me,7.0,812
3191,2021,499,1.49,Sh,1,1,B,,,,,,812
3192,2021,499,2.18,Sh,7,1,V,,,1.66,Sh,1.0,812
3193,2021,499,2.18,Sh,7,2,V,,,1.64,Sh,3.0,812
3194,2021,499,2.18,Sh,7,2,V,,,4.65,Sh,5.0,812
3195,2021,499,2.18,Sh,7,3,B,,,,,,812
3196,2021,499,2.18,Sh,7,4,S,0.0,0.0,,,,812
3197,2021,499,2.18,Sh,7,5,M,0.0,0.0,6.43,Me,2.0,812
3198,2021,499,2.18,Sh,7,6,S,0.0,0.0,,,,812
3199,2021,499,2.18,Sh,7,7,M,0.0,0.0,0.96,Sh,3.0,812
3200,2021,500,2.16,Sh,5,1,S,0.0,0.0,,,,812
3201,2021,500,2.16,Sh,5,2,V,,,0.75,Sh,3.0,812
3202,2021,500,2.16,Sh,5,3,S,0.0,0.0,,,,812
3203,2021,500,2.16,Sh,5,4,M,0.0,0.0,7.05,Me,6.0,812
3204,2021,500,2.16,Sh,5,5,M,1.0,2.0,6.35,Me,4.0,812
3205,2021,501,4.65,Sh,3,1,B,,,,,,812
3206,2021,501,4.65,Sh,3,2,V,,,2.97,Sh,3.0,812
3207,2021,501,4.65,Sh,3,2,M,1.0,3.0,0.8,Sh,2.0,812
3208,2021,501,4.65,Sh,3,3,V,,,,,,812
3209,2021,502,1.43,Sh,1,1,B,,,,,,812
3210,2021,502,1.2,Sh,4,1,B,,,,,,812
3211,2021,502,1.2,Sh,4,2,M,0.0,0.0,0.36,Sh,2.0,812
3212,2021,502,1.2,Sh,4,3,S,0.0,0.0,,,,812
3213,2021,502,1.2,Sh,4,4,M,0.0,0.0,5.05,Me,4.0,812
3214,2021,502,1.2,Sh,4,4,M,0.0,0.0,3.02,Sh,4.0,812
3215,2021,502,1.2,Sh,4,4,M,0.0,0.0,4.83,Sh,1.0,812
3216,2021,503,5.2,Me,4,1,V,,,0.76,Sh,2.0,812
3217,2021,503,5.2,Me,4,2,B,,,,,,812
3218,2021,503,5.2,Me,4,3,M,1.0,2.0,0.32,Sh,3.0,812
3219,2021,503,5.2,Me,4,4,V,,,0.55,Sh,1.0,812
3220,2021,504,9.57,Me,6,1,S,0.0,0.0,,,,812
3221,2021,504,9.57,Me,6,2,M,,,,,,812
3222,2021,504,9.57,Me,6,2,M,,,,,,812
3223,2021,504,9.57,Me,6,2,M,1.0,3.0,2.38,Sh,1.0,812
3224,2021,504,9.57,Me,6,3,S,0.0,0.0,,,,812
3225,2021,504,9.57,Me,6,4,S,0.0,0.0,,,,812
3226,2021,504,9.57,Me,6,5,S,0.0,0.0,,,,812
3227,2021,504,9.57,Me,6,6,M,,,,,,812
3228,2021,505,6.49,Me,6,1,B,,,,,,812
3229,2021,505,6.49,Me,6,2,S,0.0,0.0,,,,812
3230,2021,505,6.49,Me,6,3,V,,,0.51,Sh,2.0,812
3231,2021,505,6.49,Me,6,3,V,,,0.89,Sh,3.0,812
3232,2021,505,6.49,Me,6,3,V,,,,,,812
3233,2021,505,6.49,Me,6,4,S,0.0,0.0,,,,812
3234,2021,505,6.49,Me,6,5,M,0.0,0.0,0.66,Sh,1.0,812
3235,2021,505,6.49,Me,6,5,M,0.0,0.0,4.31,Sh,1.0,812
3236,2021,505,6.49,Me,6,6,M,,,,,,812
3237,2021,505,6.49,Me,6,6,M,0.0,0.0,5.0,Sh,6.0,812
3238,2021,505,6.49,Me,6,6,M,0.0,0.0,3.44,Sh,5.0,812
3239,2021,505,6.49,Me,6,6,M,0.0,0.0,3.52,Sh,6.0,812
3240,2021,506,1.92,Sh,6,1,V,,,0.13,Sh,1.0,812
3241,2021,506,1.92,Sh,6,2,V,,,5.49,Me,5.0,812
3242,2021,506,1.92,Sh,6,3,S,0.0,0.0,,,,812
3243,2021,506,1.92,Sh,6,4,M,0.0,0.0,2.21,Sh,3.0,812
3244,2021,506,1.92,Sh,6,5,M,0.0,0.0,4.24,Sh,6.0,812
3245,2021,506,1.92,Sh,6,6,M,1.0,3.0,0.67,Sh,2.0,812
3246,2021,506,1.26,Sh,4,1,M,,,,,,812
3247,2021,506,1.26,Sh,4,2,B,,,,,,812
3248,2021,506,1.26,Sh,4,3,S,0.0,0.0,,,,812
3249,2021,506,1.26,Sh,4,4,V,,,3.79,Sh,4.0,812
3250,2021,506,1.88,Sh,2,1,B,,,,,,812
3251,2021,506,1.88,Sh,2,2,M,0.0,0.0,5.67,Me,5.0,812
3252,2021,506,1.88,Sh,2,2,M,0.0,0.0,6.56,Me,4.0,812
3253,2021,506,1.88,Sh,2,2,V,,,8.06,Me,6.0,812
3254,2021,507,2.2,Sh,7,1,S,0.0,0.0,,,,812
3255,2021,507,2.2,Sh,7,2,V,,,4.19,Sh,5.0,812
3256,2021,507,2.2,Sh,7,3,V,,,0.24,Sh,3.0,812
3257,2021,507,2.2,Sh,7,4,S,0.0,0.0,,,,812
3258,2021,507,2.2,Sh,7,5,M,1.0,2.0,2.94,Sh,3.0,812
3259,2021,507,2.2,Sh,7,6,M,1.0,4.0,2.93,Sh,6.0,812
3260,2021,507,2.2,Sh,7,7,M,1.0,3.0,4.81,Sh,1.0,812
3261,2021,508,11.04,Me,7,1,V,,,3.57,Sh,2.0,812
3262,2021,508,11.04,Me,7,2,M,0.0,0.0,1.2,Sh,1.0,812
3263,2021,508,11.04,Me,7,3,V,,,5.09,Me,5.0,812
3264,2021,508,11.04,Me,7,4,S,0.0,0.0,,,,812
3265,2021,508,11.04,Me,7,5,M,0.0,0.0,5.25,Me,3.0,812
3266,2021,508,11.04,Me,7,5,V,,,3.9,Sh,7.0,812
3267,2021,508,11.04,Me,7,5,M,0.0,0.0,1.92,Sh,3.0,812
3268,2021,508,11.04,Me,7,6,S,0.0,0.0,,,,812
3269,2021,508,11.04,Me,7,7,V,,,5.95,Me,3.0,812
3270,2021,509,9.37,Me,7,1,M,0.0,0.0,2.45,Sh,4.0,812
3271,2021,509,9.37,Me,7,2,B,,,,,,812
3272,2021,509,9.37,Me,7,3,S,0.0,0.0,,,,812
3273,2021,509,9.37,Me,7,4,S,0.0,0.0,,,,812
3274,2021,509,9.37,Me,7,5,V,,,7.98,Me,7.0,812
3275,2021,509,9.37,Me,7,6,B,,,,,,812
3276,2021,509,9.37,Me,7,7,M,0.0,0.0,9.04,Me,4.0,812
3277,2021,509,9.37,Me,7,7,M,0.0,0.0,2.04,Sh,4.0,812
3278,2021,510,5.38,Me,3,1,M,0.0,0.0,1.2,Sh,3.0,812
3279,2021,510,5.38,Me,3,2,S,0.0,0.0,,,,812
3280,2021,510,5.38,Me,3,3,S,0.0,0.0,,,,812
3281,2021,514,1.91,Sh,4,1,B,,,,,,812
3282,2021,514,1.91,Sh,4,2,M,1.0,2.0,3.06,Sh,4.0,812
3283,2021,514,1.91,Sh,4,3,S,0.0,0.0,,,,812
3284,2021,514,1.91,Sh,4,4,V,,,1.31,Sh,3.0,812
3285,2021,515,6.54,Me,7,1,B,,,,,,812
3286,2021,515,6.54,Me,7,2,V,,,4.51,Sh,4.0,812
3287,2021,515,6.54,Me,7,3,M,1.0,5.0,1.54,Sh,1.0,812
3288,2021,515,6.54,Me,7,3,V,,,3.5,Sh,3.0,812
3289,2021,515,6.54,Me,7,4,S,0.0,0.0,,,,812
3290,2021,515,6.54,Me,7,5,M,0.0,0.0,3.65,Sh,5.0,812
3291,2021,515,6.54,Me,7,5,M,0.0,0.0,3.16,Sh,4.0,812
3292,2021,515,6.54,Me,7,5,M,0.0,0.0,2.7,Sh,6.0,812
3293,2021,515,6.54,Me,7,5,M,,,,,,812
3294,2021,515,6.54,Me,7,5,V,,,3.19,Sh,2.0,812
3295,2021,515,6.54,Me,7,6,M,0.0,0.0,7.71,Me,5.0,812
3296,2021,515,6.54,Me,7,6,M,1.0,8.0,5.24,Me,5.0,812
3297,2021,515,6.54,Me,7,7,S,0.0,0.0,,,,812
3298,2021,516,0.65,Sh,3,1,M,1.0,1.0,0.77,Sh,1.0,812
3299,2021,516,0.65,Sh,3,2,B,,,,,,812
3300,2021,516,0.65,Sh,3,3,V,,,2.15,Sh,2.0,812
3301,2021,517,0.41,Sh,1,1,S,0.0,0.0,,,,812
3302,2021,517,2.91,Sh,5,1,M,0.0,0.0,0.23,Sh,2.0,812
3303,2021,517,2.91,Sh,5,1,M,1.0,6.0,2.51,Sh,3.0,812
3304,2021,517,2.91,Sh,5,2,V,,,2.19,Sh,3.0,812
3305,2021,517,2.91,Sh,5,3,V,,,1.2,Sh,4.0,812
3306,2021,517,2.91,Sh,5,3,V,,,7.38,Me,3.0,812
3307,2021,517,2.91,Sh,5,4,V,,,8.12,Me,6.0,812
3308,2021,517,2.91,Sh,5,5,B,,,,,,812
3309,2021,517,4.36,Sh,3,1,M,0.0,0.0,4.34,Sh,5.0,812
3310,2021,517,4.36,Sh,3,2,M,0.0,0.0,4.88,Sh,6.0,812
3311,2021,517,4.36,Sh,3,2,V,,,,,,812
3312,2021,517,4.36,Sh,3,2,V,,,0.66,Sh,1.0,812
3313,2021,517,4.36,Sh,3,3,B,,,,,,812
3314,2021,518,4.93,Sh,8,1,B,,,,,,812
3315,2021,518,4.93,Sh,8,2,S,0.0,0.0,,,,812
3316,2021,518,4.93,Sh,8,3,S,0.0,0.0,,,,812
3317,2021,518,4.93,Sh,8,4,S,0.0,0.0,,,,812
3318,2021,518,4.93,Sh,8,5,S,0.0,0.0,,,,812
3319,2021,518,4.93,Sh,8,6,V,,,3.38,Sh,4.0,812
3320,2021,518,4.93,Sh,8,7,M,0.0,0.0,8.41,Me,6.0,812
3321,2021,518,4.93,Sh,8,8,V,,,7.12,Me,8.0,812
3322,2021,521,2.43,Sh,1,1,B,,,,,,812
3323,2021,522,1.97,Sh,5,1,B,,,,,,812
3324,2021,522,1.97,Sh,5,2,S,0.0,0.0,,,,812
3325,2021,522,1.97,Sh,5,3,V,,,6.26,Me,3.0,812
3326,2021,522,1.97,Sh,5,3,V,,,2.53,Sh,2.0,812
3327,2021,522,1.97,Sh,5,3,V,,,3.51,Sh,2.0,812
3328,2021,522,1.97,Sh,5,3,V,,,2.88,Sh,3.0,812
3329,2021,522,1.97,Sh,5,4,M,1.0,3.0,9.14,Me,6.0,812
3330,2021,522,1.97,Sh,5,5,V,,,11.75,Me,11.0,812
3331,2021,522,1.97,Sh,5,5,M,1.0,3.0,3.15,Sh,3.0,812
3332,2021,522,2.56,Sh,1,1,S,0.0,0.0,,,,812
3333,2021,523,7.93,Me,8,1,S,0.0,0.0,,,,812
3334,2021,523,7.93,Me,8,2,M,0.0,0.0,3.36,Sh,3.0,812
3335,2021,523,7.93,Me,8,3,S,0.0,0.0,,,,812
3336,2021,523,7.93,Me,8,4,B,,,,,,812
3337,2021,523,7.93,Me,8,5,B,,,,,,812
3338,2021,523,7.93,Me,8,6,V,,,0.44,Sh,1.0,812
3339,2021,523,7.93,Me,8,6,M,0.0,0.0,6.69,Me,3.0,812
3340,2021,523,7.93,Me,8,6,M,0.0,0.0,0.27,Sh,2.0,812
3341,2021,523,7.93,Me,8,7,M,1.0,6.0,4.63,Sh,2.0,812
3342,2021,523,7.93,Me,8,8,M,0.0,0.0,3.07,Sh,1.0,812
3343,2021,524,7.7,Me,4,1,M,0.0,0.0,2.0,Sh,3.0,812
3344,2021,524,7.7,Me,4,1,V,,,,,,812
3345,2021,524,7.7,Me,4,2,M,0.0,0.0,2.62,Sh,4.0,812
3346,2021,524,7.7,Me,4,3,V,,,4.86,Sh,4.0,812
3347,2021,524,7.7,Me,4,4,M,0.0,0.0,6.67,Me,6.0,812
3348,2021,525,0.85,Sh,2,1,B,,,,,,812
3349,2021,525,0.85,Sh,2,2,V,,,,,,812
3350,2021,525,0.85,Sh,2,2,M,0.0,0.0,8.14,Me,7.0,812
3351,2021,526,0.45,Sh,1,1,S,0.0,0.0,,,,812
3352,2021,526,1.16,Sh,4,1,B,,,,,,812
3353,2021,526,1.16,Sh,4,2,M,1.0,3.0,3.18,Sh,2.0,812
3354,2021,526,1.16,Sh,4,2,V,,,,,,812
3355,2021,526,1.16,Sh,4,3,S,0.0,0.0,,,,812
3356,2021,526,1.16,Sh,4,4,M,0.0,0.0,2.24,Sh,1.0,812
3357,2021,527,4.21,Sh,4,1,V,,,0.14,Sh,1.0,812
3358,2021,527,4.21,Sh,4,2,B,,,,,,812
3359,2021,527,4.21,Sh,4,3,S,0.0,0.0,,,,812
3360,2021,527,4.21,Sh,4,4,M,0.0,0.0,6.67,Me,5.0,812
3361,2021,528,0.82,Sh,1,1,S,0.0,0.0,,,,812
3362,2021,528,0.75,Sh,5,1,V,,,3.77,Sh,6.0,812
3363,2021,528,0.75,Sh,5,2,S,0.0,0.0,,,,812
3364,2021,528,0.75,Sh,5,3,M,0.0,0.0,4.69,Sh,5.0,812
3365,2021,528,0.75,Sh,5,4,V,,,4.92,Sh,3.0,812
3366,2021,528,0.75,Sh,5,5,V,,,1.45,Sh,1.0,812
3367,2021,531,1.3,Sh,3,1,V,,,4.2,Sh,3.0,812
3368,2021,531,1.3,Sh,3,2,S,0.0,0.0,,,,812
3369,2021,531,1.3,Sh,3,3,M,1.0,7.0,7.37,Me,5.0,812
3370,2021,531,1.3,Sh,3,3,V,,,2.57,Sh,4.0,812
3371,2021,535,2.36,Sh,3,1,V,,,0.65,Sh,1.0,812
3372,2021,535,2.36,Sh,3,2,S,0.0,0.0,,,,812
3373,2021,535,2.36,Sh,3,3,V,,,1.55,Sh,1.0,812
3374,2021,536,4.74,Sh,5,1,S,0.0,0.0,,,,812
3375,2021,536,4.74,Sh,5,2,M,1.0,3.0,1.59,Sh,3.0,812
3376,2021,536,4.74,Sh,5,3,M,1.0,2.0,2.84,Sh,2.0,812
3377,2021,536,4.74,Sh,5,4,M,0.0,0.0,6.5,Me,5.0,812
3378,2021,536,4.74,Sh,5,4,M,0.0,0.0,0.88,Sh,1.0,812
3379,2021,536,4.74,Sh,5,5,S,0.0,0.0,,,,812
3380,2021,543,2.24,Sh,4,1,V,,,0.9,Sh,3.0,812
3381,2021,543,2.24,Sh,4,1,V,,,2.22,Sh,2.0,812
3382,2021,543,2.24,Sh,4,2,B,,,,,,812
3383,2021,543,2.24,Sh,4,3,S,0.0,0.0,,,,812
3384,2021,543,2.24,Sh,4,4,M,1.0,3.0,1.74,Sh,3.0,812
3385,2021,544,3.88,Sh,6,1,M,,,,,,812
3386,2021,544,3.88,Sh,6,1,V,,,,,,812
3387,2021,544,3.88,Sh,6,1,V,,,5.07,Me,3.0,812
3388,2021,544,3.88,Sh,6,2,M,,,,,,812
3389,2021,544,3.88,Sh,6,3,V,,,3.43,Sh,1.0,812
3390,2021,544,3.88,Sh,6,3,V,,,1.35,Sh,2.0,812
3391,2021,544,3.88,Sh,6,4,M,1.0,4.0,4.09,Sh,5.0,812
3392,2021,544,3.88,Sh,6,4,V,,,,,,812
3393,2021,544,3.88,Sh,6,4,M,0.0,0.0,5.45,Me,7.0,812
3394,2021,544,3.88,Sh,6,5,M,1.0,1.0,4.75,Sh,3.0,812
3395,2021,544,3.88,Sh,6,6,M,0.0,0.0,5.68,Me,7.0,812
3396,2021,544,3.88,Sh,6,6,M,0.0,0.0,2.15,Sh,4.0,812
3397,2021,546,2.34,Sh,4,1,V,,,0.51,Sh,6.0,812
3398,2021,546,2.34,Sh,4,1,M,0.0,0.0,0.39,Sh,3.0,812
3399,2021,546,2.34,Sh,4,2,S,0.0,0.0,,,,812
3400,2021,546,2.34,Sh,4,3,M,0.0,0.0,2.2,Sh,4.0,812
3401,2021,546,2.34,Sh,4,4,V,,,4.48,Sh,6.0,812
3402,2021,546,2.34,Sh,4,4,M,0.0,0.0,0.15,Sh,3.0,812
3403,2021,546,2.34,Sh,4,4,V,,,0.66,Sh,4.0,812
3404,2021,547,3.59,Sh,2,1,V,,,,,,812
3405,2021,547,3.59,Sh,2,1,V,,,3.65,Sh,5.0,812
3406,2021,547,3.59,Sh,2,2,V,,,8.2,Me,5.0,812
3407,2021,548,4.31,Sh,3,1,B,,,,,,812
3408,2021,548,4.31,Sh,3,2,B,,,,,,812
3409,2021,548,4.31,Sh,3,3,M,0.0,0.0,2.92,Sh,7.0,812
3410,2021,549,3.09,Sh,3,1,V,,,0.32,Sh,3.0,812
3411,2021,549,3.09,Sh,3,2,M,1.0,1.0,2.25,Sh,4.0,812
3412,2021,549,3.09,Sh,3,3,V,,,0.19,Sh,4.0,812
3413,2021,550,8.07,Me,3,1,V,,,1.93,Sh,3.0,812
3414,2021,550,8.07,Me,3,1,V,,,0.01,Sh,6.0,812
3415,2021,550,8.07,Me,3,1,V,,,,,,812
3416,2021,550,8.07,Me,3,2,S,0.0,0.0,,,,812
3417,2021,550,8.07,Me,3,3,S,0.0,0.0,,,,812
3418,2021,551,3.27,Sh,1,1,B,,,,,,812
3419,2021,552,10.18,Me,5,1,V,,,0.1,Sh,1.0,812
3420,2021,552,10.18,Me,5,2,B,,,,,,812
3421,2021,552,10.18,Me,5,3,S,0.0,0.0,,,,812
3422,2021,552,10.18,Me,5,4,M,0.0,0.0,0.98,Sh,1.0,812
3423,2021,552,10.18,Me,5,5,V,,,1.8,Sh,4.0,812
3424,2021,557,8.39,Me,7,1,V,,,3.54,Sh,4.0,812
3425,2021,557,8.39,Me,7,2,B,,,,,,812
3426,2021,557,8.39,Me,7,3,B,,,,,,812
3427,2021,557,8.39,Me,7,4,B,,,,,,812
3428,2021,557,8.39,Me,7,5,S,0.0,0.0,,,,812
3429,2021,557,8.39,Me,7,6,M,0.0,0.0,8.14,Me,6.0,812
3430,2021,557,8.39,Me,7,7,M,0.0,0.0,5.31,Me,3.0,812
3431,2021,558,9.4,Me,7,1,S,0.0,0.0,,,,812
3432,2021,558,9.4,Me,7,2,V,,,2.34,Sh,1.0,812
3433,2021,558,9.4,Me,7,2,V,,,1.53,Sh,3.0,812
3434,2021,558,9.4,Me,7,3,S,0.0,0.0,,,,812
3435,2021,558,9.4,Me,7,4,S,0.0,0.0,,,,812
3436,2021,558,9.4,Me,7,5,B,,,,,,812
3437,2021,558,9.4,Me,7,6,M,0.0,0.0,0.29,Sh,1.0,812
3438,2021,558,9.4,Me,7,7,S,0.0,0.0,,,,812
3439,2021,559,6.07,Me,8,1,V,,,3.21,Sh,2.0,812
3440,2021,559,6.07,Me,8,1,V,,,0.42,Sh,3.0,812
3441,2021,559,6.07,Me,8,1,V,,,,,,812
3442,2021,559,6.07,Me,8,2,V,,,1.44,Sh,2.0,812
3443,2021,559,6.07,Me,8,2,M,0.0,0.0,2.9,Sh,3.0,812
3444,2021,559,6.07,Me,8,2,M,0.0,0.0,3.52,Sh,5.0,812
3445,2021,559,6.07,Me,8,2,V,,,3.86,Sh,6.0,812
3446,2021,559,6.07,Me,8,3,S,0.0,0.0,,,,812
3447,2021,559,6.07,Me,8,4,M,0.0,0.0,0.04,Sh,2.0,812
3448,2021,559,6.07,Me,8,5,M,0.0,0.0,0.48,Sh,1.0,812
3449,2021,559,6.07,Me,8,6,M,1.0,6.0,7.71,Me,2.0,812
3450,2021,559,6.07,Me,8,7,V,,,2.67,Sh,2.0,812
3451,2021,559,6.07,Me,8,7,M,0.0,0.0,6.45,Me,4.0,812
3452,2021,559,6.07,Me,8,8,M,0.0,0.0,5.17,Me,6.0,812
3453,2021,560,5.87,Me,9,1,V,,,0.8,Sh,1.0,812
3454,2021,560,5.87,Me,9,2,V,,,8.29,Me,5.0,812
3455,2021,560,5.87,Me,9,2,V,,,1.0,Sh,2.0,812
3456,2021,560,5.87,Me,9,2,V,,,3.58,Sh,2.0,812
3457,2021,560,5.87,Me,9,3,V,,,5.11,Me,5.0,812
3458,2021,560,5.87,Me,9,4,M,1.0,6.0,2.23,Sh,2.0,812
3459,2021,560,5.87,Me,9,4,M,1.0,5.0,0.38,Sh,2.0,812
3460,2021,560,5.87,Me,9,5,S,0.0,0.0,,,,812
3461,2021,560,5.87,Me,9,6,M,1.0,2.0,2.55,Sh,5.0,812
3462,2021,560,5.87,Me,9,7,S,0.0,0.0,,,,812
3463,2021,560,5.87,Me,9,8,V,,,5.03,Me,5.0,812
3464,2021,560,5.87,Me,9,8,M,,,,,,812
3465,2021,560,5.87,Me,9,9,S,0.0,0.0,,,,812
3466,2021,568,3.57,Sh,5,1,V,,,5.54,Me,2.0,812
3467,2021,568,3.57,Sh,5,1,M,,,,,,812
3468,2021,568,3.57,Sh,5,1,V,,,2.9,Sh,3.0,812
3469,2021,568,3.57,Sh,5,2,B,,,,,,812
3470,2021,568,3.57,Sh,5,3,V,,,,,,812
3471,2021,568,3.57,Sh,5,4,V,,,5.74,Me,5.0,812
3472,2021,568,3.57,Sh,5,5,S,0.0,0.0,,,,812
3473,2021,569,5.94,Me,4,1,V,,,4.73,Sh,2.0,812
3474,2021,569,5.94,Me,4,2,S,0.0,0.0,,,,812
3475,2021,569,5.94,Me,4,3,B,,,,,,812
3476,2021,569,5.94,Me,4,4,V,,,6.85,Me,3.0,812
3477,2021,569,5.94,Me,4,4,M,0.0,0.0,0.06,Sh,1.0,812
3478,2021,570,7.3,Me,5,1,S,0.0,0.0,,,,812
3479,2021,570,7.3,Me,5,2,B,,,,,,812
3480,2021,570,7.3,Me,5,3,V,,,2.51,Sh,1.0,812
3481,2021,570,7.3,Me,5,4,V,,,6.44,Me,6.0,812
3482,2021,570,7.3,Me,5,4,V,,,0.07,Sh,3.0,812
3483,2021,570,7.3,Me,5,5,M,1.0,1.0,5.6,Me,5.0,812
3484,2021,571,5.47,Me,4,1,B,,,,,,812
3485,2021,571,5.47,Me,4,2,V,,,2.34,Sh,2.0,812
3486,2021,571,5.47,Me,4,3,B,,,,,,812
3487,2021,571,5.47,Me,4,4,V,,,7.6,Me,6.0,812
3488,2021,572,5.32,Me,5,1,M,1.0,7.0,0.64,Sh,1.0,812
3489,2021,572,5.32,Me,5,2,S,0.0,0.0,,,,812
3490,2021,572,5.32,Me,5,3,S,0.0,0.0,,,,812
3491,2021,572,5.32,Me,5,4,S,0.0,0.0,,,,812
3492,2021,572,5.32,Me,5,5,M,0.0,0.0,5.96,Me,4.0,812
3493,2021,573,4.83,Sh,2,1,V,,,1.9,Sh,2.0,812
3494,2021,573,4.83,Sh,2,2,M,1.0,4.0,4.6,Sh,5.0,812
3495,2021,574,7.7,Me,3,1,M,1.0,1.0,5.0,Sh,4.0,812
3496,2021,574,7.7,Me,3,2,V,,,5.21,Me,3.0,812
3497,2021,574,7.7,Me,3,3,V,,,5.79,Me,6.0,812
3498,2021,575,1.92,Sh,7,1,V,,,1.97,Sh,4.0,812
3499,2021,575,1.92,Sh,7,1,V,,,5.23,Me,4.0,812
3500,2021,575,1.92,Sh,7,1,V,,,0.97,Sh,2.0,812
3501,2021,575,1.92,Sh,7,2,B,,,,,,812
3502,2021,575,1.92,Sh,7,3,B,,,,,,812
3503,2021,575,1.92,Sh,7,4,V,,,1.26,Sh,4.0,812
3504,2021,575,1.92,Sh,7,5,V,,,1.43,Sh,1.0,812
3505,2021,575,1.92,Sh,7,6,S,0.0,0.0,,,,812
3506,2021,575,1.92,Sh,7,7,B,,,,,,812
3507,2021,576,2.28,Sh,6,1,V,,,0.54,Sh,1.0,812
3508,2021,576,2.28,Sh,6,1,M,0.0,0.0,0.29,Sh,2.0,812
3509,2021,576,2.28,Sh,6,1,V,,,0.74,Sh,3.0,812
3510,2021,576,2.28,Sh,6,2,B,,,,,,812
3511,2021,576,2.28,Sh,6,3,B,,,,,,812
3512,2021,576,2.28,Sh,6,4,M,0.0,0.0,1.33,Sh,2.0,812
3513,2021,576,2.28,Sh,6,5,V,,,4.62,Sh,5.0,812
3514,2021,576,2.28,Sh,6,6,M,0.0,0.0,3.11,Sh,3.0,812
3515,2021,578,4.63,Sh,3,1,B,,,,,,812
3516,2021,578,4.63,Sh,3,2,B,,,,,,812
3517,2021,578,4.63,Sh,3,3,V,,,4.44,Sh,4.0,812
3518,2021,579,6.77,Me,7,1,S,0.0,0.0,,,,812
3519,2021,579,6.77,Me,7,2,V,,,0.44,Sh,1.0,812
3520,2021,579,6.77,Me,7,2,M,0.0,0.0,0.6,Sh,4.0,812
3521,2021,579,6.77,Me,7,3,M,0.0,0.0,4.86,Sh,4.0,812
3522,2021,579,6.77,Me,7,3,M,0.0,0.0,1.24,Sh,2.0,812
3523,2021,579,6.77,Me,7,4,S,0.0,0.0,,,,812
3524,2021,579,6.77,Me,7,5,S,0.0,0.0,,,,812
3525,2021,579,6.77,Me,7,6,M,0.0,0.0,0.01,Sh,1.0,812
3526,2021,579,6.77,Me,7,7,M,1.0,6.0,5.22,Me,8.0,812
3527,2021,580,5.94,Me,7,1,M,,,,,,812
3528,2021,580,5.94,Me,7,2,B,,,,,,812
3529,2021,580,5.94,Me,7,3,M,0.0,0.0,3.16,Sh,5.0,812
3530,2021,580,5.94,Me,7,4,S,0.0,0.0,,,,812
3531,2021,580,5.94,Me,7,5,M,1.0,3.0,4.6,Sh,4.0,812
3532,2021,580,5.94,Me,7,6,M,,,,,,812
3533,2021,580,5.94,Me,7,7,V,,,6.39,Me,6.0,812
3534,2021,580,5.94,Me,7,7,M,0.0,0.0,9.33,Me,7.0,812
3535,2021,582,2.55,Sh,5,1,B,,,,,,812
3536,2021,582,2.55,Sh,5,2,M,1.0,3.0,3.15,Sh,5.0,812
3537,2021,582,2.55,Sh,5,3,S,0.0,0.0,,,,812
3538,2021,582,2.55,Sh,5,4,S,0.0,0.0,,,,812
3539,2021,582,2.55,Sh,5,5,V,,,2.28,Sh,2.0,812
3540,2021,583,10.32,Me,7,1,B,,,,,,812
3541,2021,583,10.32,Me,7,2,V,,,,,,812
3542,2021,583,10.32,Me,7,3,M,1.0,1.0,1.62,Sh,1.0,812
3543,2021,583,10.32,Me,7,4,S,0.0,0.0,,,,812
3544,2021,583,10.32,Me,7,5,M,1.0,1.0,2.08,Sh,2.0,812
3545,2021,583,10.32,Me,7,5,V,,,0.19,Sh,1.0,812
3546,2021,583,10.32,Me,7,5,V,,,4.97,Sh,3.0,812
3547,2021,583,10.32,Me,7,5,M,0.0,0.0,6.53,Me,4.0,812
3548,2021,583,10.32,Me,7,6,M,0.0,0.0,2.77,Sh,2.0,812
3549,2021,583,10.32,Me,7,7,M,1.0,3.0,5.55,Me,2.0,812
3550,2021,583,10.32,Me,7,7,M,0.0,0.0,2.62,Sh,1.0,812
3551,2021,585,9.96,Me,6,1,V,,,,,,812
3552,2021,585,9.96,Me,6,2,M,,,,,,812
3553,2021,585,9.96,Me,6,3,V,,,2.49,Sh,3.0,812
3554,2021,585,9.96,Me,6,4,M,1.0,3.0,4.96,Sh,2.0,812
3555,2021,585,9.96,Me,6,5,V,,,0.39,Sh,3.0,812
3556,2021,585,9.96,Me,6,5,V,,,3.5,Sh,4.0,812
3557,2021,585,9.96,Me,6,6,M,0.0,0.0,4.5,Sh,5.0,812
3558,2021,586,4.03,Sh,2,1,M,,,,,,812
3559,2021,586,4.03,Sh,2,2,S,0.0,0.0,,,,812
3560,2021,587,4.99,Sh,6,1,V,,,,,,812
3561,2021,587,4.99,Sh,6,1,V,,,1.38,Sh,2.0,812
3562,2021,587,4.99,Sh,6,2,B,,,,,,812
3563,2021,587,4.99,Sh,6,3,M,0.0,0.0,4.9,Sh,3.0,812
3564,2021,587,4.99,Sh,6,3,V,,,0.59,Sh,1.0,812
3565,2021,587,4.99,Sh,6,4,S,0.0,0.0,,,,812
3566,2021,587,4.99,Sh,6,5,M,1.0,3.0,6.35,Me,3.0,812
3567,2021,587,4.99,Sh,6,6,S,0.0,0.0,,,,812
3568,2021,588,7.73,Me,7,1,S,0.0,0.0,,,,812
3569,2021,588,7.73,Me,7,2,M,0.0,0.0,3.02,Sh,4.0,812
3570,2021,588,7.73,Me,7,2,M,1.0,4.0,1.82,Sh,1.0,812
3571,2021,588,7.73,Me,7,3,M,1.0,1.0,2.1,Sh,2.0,812
3572,2021,588,7.73,Me,7,4,S,0.0,0.0,,,,812
3573,2021,588,7.73,Me,7,5,M,,,,,,812
3574,2021,588,7.73,Me,7,6,M,,,,,,812
3575,2021,588,7.73,Me,7,7,M,1.0,2.0,2.65,Sh,1.0,812
3576,2021,589,7.88,Me,4,1,M,0.0,0.0,2.77,Sh,2.0,812
3577,2021,589,7.88,Me,4,2,B,,,,,,812
3578,2021,589,7.88,Me,4,3,V,,,9.97,Me,5.0,812
3579,2021,589,7.88,Me,4,4,M,1.0,1.0,5.39,Me,4.0,812
3580,2021,589,7.88,Me,4,4,V,,,2.66,Sh,2.0,812
3581,2021,589,7.88,Me,4,4,M,0.0,0.0,3.7,Sh,8.0,812
3582,2021,590,5.31,Me,5,1,V,,,2.33,Sh,4.0,812
3583,2021,590,5.31,Me,5,2,V,,,2.24,Sh,2.0,812
3584,2021,590,5.31,Me,5,2,V,,,1.53,Sh,2.0,812
3585,2021,590,5.31,Me,5,3,S,0.0,0.0,,,,812
3586,2021,590,5.31,Me,5,4,M,,,,,,812
3587,2021,590,5.31,Me,5,5,M,0.0,0.0,4.03,Sh,5.0,812
3588,2021,591,6.11,Me,6,1,V,,,1.6,Sh,5.0,812
3589,2021,591,6.11,Me,6,2,V,,,,,,812
3590,2021,591,6.11,Me,6,2,V,,,,,,812
3591,2021,591,6.11,Me,6,3,S,0.0,0.0,,,,812
3592,2021,591,6.11,Me,6,4,M,0.0,0.0,5.16,Me,7.0,812
3593,2021,591,6.11,Me,6,4,M,0.0,0.0,4.37,Sh,4.0,812
3594,2021,591,6.11,Me,6,5,M,0.0,0.0,4.81,Sh,2.0,812
3595,2021,591,6.11,Me,6,6,M,0.0,0.0,6.77,Me,10.0,812
3596,2021,591,6.11,Me,6,6,M,0.0,0.0,7.0,Me,4.0,812
3597,2021,592,8.04,Me,6,1,M,0.0,0.0,2.93,Sh,6.0,812
3598,2021,592,8.04,Me,6,1,V,,,,,,812
3599,2021,592,8.04,Me,6,2,V,,,2.41,Sh,7.0,812
3600,2021,592,8.04,Me,6,2,V,,,,,,812
3601,2021,592,8.04,Me,6,3,B,,,,,,812
3602,2021,592,8.04,Me,6,4,V,,,1.85,Sh,2.0,812
3603,2021,592,8.04,Me,6,4,M,0.0,0.0,2.11,Sh,4.0,812
3604,2021,592,8.04,Me,6,5,V,,,0.32,Sh,2.0,812
3605,2021,592,8.04,Me,6,6,B,,,,,,812
3606,2021,593,10.3,Me,5,1,B,,,,,,812
3607,2021,593,10.3,Me,5,2,B,,,,,,812
3608,2021,593,10.3,Me,5,3,V,,,0.56,Sh,1.0,812
3609,2021,593,10.3,Me,5,4,V,,,1.63,Sh,2.0,812
3610,2021,593,10.3,Me,5,4,V,,,7.14,Me,3.0,812
3611,2021,593,10.3,Me,5,5,V,,,4.51,Sh,3.0,812
3612,2021,594,8.41,Me,5,1,B,,,,,,812
3613,2021,594,8.41,Me,5,2,S,0.0,0.0,,,,812
3614,2021,594,8.41,Me,5,3,V,,,1.39,Sh,2.0,812
3615,2021,594,8.41,Me,5,4,V,,,,,,812
3616,2021,594,8.41,Me,5,4,V,,,4.43,Sh,3.0,812
3617,2021,594,8.41,Me,5,4,V,,,5.97,Me,5.0,812
3618,2021,594,8.41,Me,5,5,M,1.0,3.0,8.84,Me,1.0,812
3619,2021,596,8.98,Me,8,1,B,,,,,,812
3620,2021,596,8.98,Me,8,2,B,,,,,,812
3621,2021,596,8.98,Me,8,3,M,,,,,,812
3622,2021,596,8.98,Me,8,4,S,0.0,0.0,,,,812
3623,2021,596,8.98,Me,8,5,S,0.0,0.0,,,,812
3624,2021,596,8.98,Me,8,6,V,,,6.65,Me,6.0,812
3625,2021,596,8.98,Me,8,7,V,,,0.92,Sh,3.0,812
3626,2021,596,8.98,Me,8,7,M,1.0,2.0,6.05,Me,8.0,812
3627,2021,596,8.98,Me,8,7,V,,,,,,812
3628,2021,596,8.98,Me,8,7,M,1.0,3.0,1.36,Sh,1.0,812
3629,2021,596,8.98,Me,8,8,M,0.0,0.0,2.92,Sh,2.0,812
3630,2021,596,8.98,Me,8,8,V,,,6.77,Me,5.0,812
3631,2021,596,8.98,Me,8,8,M,0.0,0.0,7.41,Me,6.0,812
3632,2021,596,8.98,Me,8,8,M,0.0,0.0,10.55,Me,6.0,812
3633,2021,597,9.23,Me,5,1,V,,,3.24,Sh,5.0,812
3634,2021,597,9.23,Me,5,2,V,,,,,,812
3635,2021,597,9.23,Me,5,3,B,,,,,,812
3636,2021,597,9.23,Me,5,4,M,0.0,0.0,0.85,Sh,1.0,812
3637,2021,597,9.23,Me,5,5,S,0.0,0.0,,,,812
3638,2021,598,3.47,Sh,5,1,B,,,,,,812
3639,2021,598,3.47,Sh,5,2,S,0.0,0.0,,,,812
3640,2021,598,3.47,Sh,5,3,S,0.0,0.0,,,,812
3641,2021,598,3.47,Sh,5,4,B,,,,,,812
3642,2021,598,3.47,Sh,5,5,S,0.0,0.0,,,,812
3643,2021,598,3.15,Sh,6,1,B,,,,,,812
3644,2021,598,3.15,Sh,6,2,V,,,1.62,Sh,3.0,812
3645,2021,598,3.15,Sh,6,3,V,,,0.76,Sh,2.0,812
3646,2021,598,3.15,Sh,6,4,V,,,0.41,Sh,4.0,812
3647,2021,598,3.15,Sh,6,5,S,0.0,0.0,,,,812
3648,2021,598,3.15,Sh,6,6,V,,,2.28,Sh,5.0,812
3649,2021,601,2.28,Sh,1,1,S,0.0,0.0,,,,812
3650,2021,602,1.26,Sh,2,1,B,,,,,,812
3651,2021,602,1.26,Sh,2,2,S,0.0,0.0,,,,812
3652,2021,603,0.18,Sh,3,1,V,,,1.56,Sh,1.0,812
3653,2021,603,0.18,Sh,3,1,M,0.0,0.0,2.04,Sh,5.0,812
3654,2021,603,0.18,Sh,3,2,V,,,3.28,Sh,5.0,812
3655,2021,603,0.18,Sh,3,2,V,,,,,,812
3656,2021,603,0.18,Sh,3,2,V,,,5.23,Me,3.0,812
3657,2021,603,0.18,Sh,3,3,V,,,6.56,Me,2.0,812
3658,2021,604,2.68,Sh,6,1,B,,,,,,812
3659,2021,604,2.68,Sh,6,2,B,,,,,,812
3660,2021,604,2.68,Sh,6,3,V,,,4.96,Sh,3.0,812
3661,2021,604,2.68,Sh,6,4,V,,,0.79,Sh,1.0,812
3662,2021,604,2.68,Sh,6,5,B,,,,,,812
3663,2021,604,2.68,Sh,6,6,M,1.0,2.0,7.13,Me,4.0,812
3664,2021,604,1.0,Sh,7,1,S,0.0,0.0,,,,812
3665,2021,604,1.0,Sh,7,2,V,,,3.21,Sh,2.0,812
3666,2021,604,1.0,Sh,7,2,V,,,4.41,Sh,4.0,812
3667,2021,604,1.0,Sh,7,2,M,0.0,0.0,2.59,Sh,4.0,812
3668,2021,604,1.0,Sh,7,3,S,0.0,0.0,,,,812
3669,2021,604,1.0,Sh,7,4,V,,,0.62,Sh,2.0,812
3670,2021,604,1.0,Sh,7,5,S,0.0,0.0,,,,812
3671,2021,604,1.0,Sh,7,6,M,0.0,0.0,4.0,Sh,3.0,812
3672,2021,604,1.0,Sh,7,7,V,,,4.71,Sh,5.0,812
3673,2021,605,3.34,Sh,4,1,B,,,,,,812
3674,2021,605,3.34,Sh,4,2,B,,,,,,812
3675,2021,605,3.34,Sh,4,3,S,0.0,0.0,,,,812
3676,2021,605,3.34,Sh,4,4,B,,,,,,812
3677,2021,606,1.47,Sh,1,1,S,0.0,0.0,,,,812
3678,2021,607,6.18,Me,4,1,V,,,0.89,Sh,1.0,812
3679,2021,607,6.18,Me,4,1,V,,,,,,812
3680,2021,607,6.18,Me,4,2,V,,,,,,812
3681,2021,607,6.18,Me,4,3,M,1.0,1.0,8.07,Me,6.0,812
3682,2021,607,6.18,Me,4,4,V,,,5.26,Me,7.0,812
3683,2021,608,4.25,Sh,7,1,S,0.0,0.0,,,,812
3684,2021,608,4.25,Sh,7,2,B,,,,,,812
3685,2021,608,4.25,Sh,7,3,S,0.0,0.0,,,,812
3686,2021,608,4.25,Sh,7,4,V,,,5.06,Me,7.0,812
3687,2021,608,4.25,Sh,7,4,V,,,2.48,Sh,4.0,812
3688,2021,608,4.25,Sh,7,5,V,,,3.54,Sh,5.0,812
3689,2021,608,4.25,Sh,7,5,M,1.0,4.0,2.03,Sh,4.0,812
3690,2021,608,4.25,Sh,7,6,M,1.0,3.0,5.01,Me,3.0,812
3691,2021,608,4.25,Sh,7,7,M,,,,,,812
3692,2021,608,4.25,Sh,7,7,M,0.0,0.0,1.6,Sh,2.0,812
3693,2021,609,5.93,Me,6,1,M,,,,,,812
3694,2021,609,5.93,Me,6,2,B,,,,,,812
3695,2021,609,5.93,Me,6,3,S,0.0,0.0,,,,812
3696,2021,609,5.93,Me,6,4,S,0.0,0.0,,,,812
3697,2021,609,5.93,Me,6,5,S,0.0,0.0,,,,812
3698,2021,609,5.93,Me,6,6,V,,,3.62,Sh,3.0,812
3699,2021,609,5.93,Me,6,6,M,0.0,0.0,7.7,Me,8.0,812
3700,2021,611,4.3,Sh,2,1,V,,,2.84,Sh,6.0,812
3701,2021,611,4.3,Sh,2,1,V,,,,,,812
3702,2021,611,4.3,Sh,2,2,S,0.0,0.0,,,,812
3703,2021,612,1.85,Sh,7,1,V,,,1.69,Sh,3.0,812
3704,2021,612,1.85,Sh,7,2,V,,,5.56,Me,5.0,812
3705,2021,612,1.85,Sh,7,3,B,,,,,,812
3706,2021,612,1.85,Sh,7,4,M,0.0,0.0,4.6,Sh,4.0,812
3707,2021,612,1.85,Sh,7,5,V,,,1.54,Sh,2.0,812
3708,2021,612,1.85,Sh,7,6,M,1.0,4.0,4.92,Sh,3.0,812
3709,2021,612,1.85,Sh,7,7,M,0.0,0.0,7.26,Me,7.0,812
3710,2021,612,1.85,Sh,7,7,M,0.0,0.0,4.21,Sh,6.0,812
3711,2021,613,0.63,Sh,2,1,V,,,,,,812
3712,2021,613,0.63,Sh,2,2,V,,,6.98,Me,4.0,812
3713,2021,613,0.63,Sh,2,2,V,,,3.67,Sh,7.0,812
3714,2021,613,0.63,Sh,2,2,M,0.0,0.0,3.32,Sh,1.0,812
3715,2021,614,2.71,Sh,2,1,S,0.0,0.0,,,,812
3716,2021,614,2.71,Sh,2,2,M,,,,,,812
3717,2021,614,2.71,Sh,2,2,V,,,5.18,Me,2.0,812
3718,2021,614,2.71,Sh,2,2,V,,,3.68,Sh,2.0,812
3719,2021,614,1.75,Sh,6,1,B,,,,,,812
3720,2021,614,1.75,Sh,6,2,V,,,0.92,Sh,5.0,812
3721,2021,614,1.75,Sh,6,3,S,0.0,0.0,,,,812
3722,2021,614,1.75,Sh,6,4,V,,,0.39,Sh,5.0,812
3723,2021,614,1.75,Sh,6,5,M,0.0,0.0,7.18,Me,3.0,812
3724,2021,614,1.75,Sh,6,5,M,1.0,4.0,5.28,Me,7.0,812
3725,2021,614,1.75,Sh,6,6,M,1.0,1.0,3.12,Sh,3.0,812
3726,2021,615,8.68,Me,3,1,S,0.0,0.0,,,,812
3727,2021,615,8.68,Me,3,2,S,0.0,0.0,,,,812
3728,2021,615,8.68,Me,3,3,V,,,8.48,Me,6.0,812
3729,2021,615,8.68,Me,3,3,M,0.0,0.0,3.61,Sh,1.0,812
3730,2021,617,2.35,Sh,4,1,S,0.0,0.0,,,,812
3731,2021,617,2.35,Sh,4,2,M,1.0,1.0,0.91,Sh,1.0,812
3732,2021,617,2.35,Sh,4,3,B,,,,,,812
3733,2021,617,2.35,Sh,4,4,B,,,,,,812
3734,2021,618,0.58,Sh,2,1,S,0.0,0.0,,,,812
3735,2021,618,0.58,Sh,2,2,B,,,,,,812
3736,2021,619,0.92,Sh,4,1,B,,,,,,812
3737,2021,619,0.92,Sh,4,2,S,0.0,0.0,,,,812
3738,2021,619,0.92,Sh,4,3,V,,,4.71,Sh,4.0,812
3739,2021,619,0.92,Sh,4,4,V,,,0.74,Sh,2.0,812
3740,2021,620,2.83,Sh,4,1,V,,,,,,812
3741,2021,620,2.83,Sh,4,1,M,0.0,0.0,1.66,Sh,2.0,812
3742,2021,620,2.83,Sh,4,2,V,,,0.01,Sh,1.0,812
3743,2021,620,2.83,Sh,4,3,V,,,3.22,Sh,4.0,812
3744,2021,620,2.83,Sh,4,4,V,,,4.3,Sh,7.0,812
3745,2021,621,1.12,Sh,1,1,V,,,0.61,Sh,4.0,812
3746,2021,621,1.12,Sh,1,1,V,,,,,,812
3747,2021,622,1.19,Sh,2,1,B,,,,,,812
3748,2021,622,1.19,Sh,2,2,V,,,2.78,Sh,4.0,812
3749,2021,623,2.27,Sh,4,1,V,,,0.07,Sh,4.0,812
3750,2021,623,2.27,Sh,4,1,V,,,,,,812
3751,2021,623,2.27,Sh,4,2,V,,,2.39,Sh,3.0,812
3752,2021,623,2.27,Sh,4,3,B,,,,,,812
3753,2021,623,2.27,Sh,4,4,M,0.0,0.0,0.4,Sh,1.0,812
3754,2021,623,2.27,Sh,4,4,M,0.0,0.0,5.95,Me,6.0,812
3755,2021,623,2.27,Sh,4,4,M,0.0,0.0,5.63,Me,1.0,812
3756,2021,623,2.27,Sh,4,4,V,,,2.83,Sh,3.0,812
3757,2021,623,2.27,Sh,4,4,M,0.0,0.0,4.55,Sh,2.0,812
3758,2021,625,4.58,Sh,4,1,B,,,,,,812
3759,2021,625,4.58,Sh,4,2,V,,,6.59,Me,2.0,812
3760,2021,625,4.58,Sh,4,3,B,,,,,,812
3761,2021,625,4.58,Sh,4,4,B,,,,,,812
3762,2021,626,3.13,Sh,4,1,B,,,,,,812
3763,2021,626,3.13,Sh,4,2,B,,,,,,812
3764,2021,626,3.13,Sh,4,3,M,0.0,0.0,2.84,Sh,4.0,812
3765,2021,626,3.13,Sh,4,4,S,0.0,0.0,,,,812
3766,2021,628,2.79,Sh,2,1,V,,,1.63,Sh,3.0,812
3767,2021,628,2.79,Sh,2,2,V,,,3.25,Sh,5.0,812
3768,2021,630,1.45,Sh,2,1,B,,,,,,812
3769,2021,630,1.45,Sh,2,2,B,,,,,,812
3770,2021,631,0.49,Sh,3,1,V,,,3.04,Sh,1.0,812
3771,2021,631,0.49,Sh,3,1,M,,,,,,812
3772,2021,631,0.49,Sh,3,2,V,,,0.19,Sh,2.0,812
3773,2021,631,0.49,Sh,3,2,V,,,2.81,Sh,1.0,812
3774,2021,631,0.49,Sh,3,3,B,,,,,,812
3775,2021,633,5.57,Me,1,1,S,0.0,0.0,,,,812
3776,2021,635,2.87,Sh,4,1,B,,,,,,812
3777,2021,635,2.87,Sh,4,2,B,,,,,,812
3778,2021,635,2.87,Sh,4,3,S,0.0,0.0,,,,812
3779,2021,635,2.87,Sh,4,4,M,0.0,0.0,3.1,Sh,5.0,812
3780,2021,637,6.52,Me,8,1,B,,,,,,812
3781,2021,637,6.52,Me,8,2,M,0.0,0.0,4.39,Sh,4.0,812
3782,2021,637,6.52,Me,8,2,V,,,0.32,Sh,3.0,812
3783,2021,637,6.52,Me,8,2,M,0.0,0.0,1.37,Sh,3.0,812
3784,2021,637,6.52,Me,8,3,V,,,,,,812
3785,2021,637,6.52,Me,8,4,S,0.0,0.0,,,,812
3786,2021,637,6.52,Me,8,5,M,0.0,0.0,0.18,Sh,2.0,812
3787,2021,637,6.52,Me,8,6,B,,,,,,812
3788,2021,637,6.52,Me,8,7,S,0.0,0.0,,,,812
3789,2021,637,6.52,Me,8,8,M,0.0,0.0,4.05,Sh,4.0,812
3790,2021,637,6.52,Me,8,8,M,0.0,0.0,10.59,Me,9.0,812
3791,2021,638,9.0,Me,7,1,V,,,,,,812
3792,2021,638,9.0,Me,7,2,M,0.0,0.0,0.81,Sh,4.0,812
3793,2021,638,9.0,Me,7,2,M,0.0,0.0,1.55,Sh,4.0,812
3794,2021,638,9.0,Me,7,2,M,0.0,0.0,0.67,Sh,2.0,812
3795,2021,638,9.0,Me,7,3,S,0.0,0.0,,,,812
3796,2021,638,9.0,Me,7,4,B,,,,,,812
3797,2021,638,9.0,Me,7,5,B,,,,,,812
3798,2021,638,9.0,Me,7,6,S,0.0,0.0,,,,812
3799,2021,638,9.0,Me,7,7,V,,,3.0,Sh,4.0,812
3800,2021,639,8.33,Me,8,1,B,,,,,,812
3801,2021,639,8.33,Me,8,2,V,,,1.08,Sh,3.0,812
3802,2021,639,8.33,Me,8,2,V,,,0.01,Sh,2.0,812
3803,2021,639,8.33,Me,8,3,M,1.0,4.0,2.89,Sh,3.0,812
3804,2021,639,8.33,Me,8,4,M,,,,,,812
3805,2021,639,8.33,Me,8,5,M,1.0,6.0,4.9,Sh,5.0,812
3806,2021,639,8.33,Me,8,6,M,1.0,2.0,5.84,Me,4.0,812
3807,2021,639,8.33,Me,8,7,M,1.0,3.0,4.21,Sh,3.0,812
3808,2021,639,8.33,Me,8,8,M,0.0,0.0,7.98,Me,4.0,812
3809,2021,639,8.33,Me,8,8,M,0.0,0.0,5.76,Me,7.0,812
3810,2021,641,0.06,Sh,4,1,B,,,,,,812
3811,2021,641,0.06,Sh,4,2,M,0.0,0.0,0.79,Sh,1.0,812
3812,2021,641,0.06,Sh,4,3,V,,,,,,812
3813,2021,641,0.06,Sh,4,3,V,,,2.83,Sh,2.0,812
3814,2021,641,0.06,Sh,4,3,V,,,0.83,Sh,1.0,812
3815,2021,641,0.06,Sh,4,4,M,0.0,0.0,3.39,Sh,5.0,812
3816,2021,643,2.3,Sh,2,1,B,,,,,,812
3817,2021,643,2.3,Sh,2,2,B,,,,,,812
3818,2021,644,1.43,Sh,3,1,B,,,,,,812
3819,2021,644,1.43,Sh,3,2,V,,,5.26,Me,3.0,812
3820,2021,644,1.43,Sh,3,3,M,1.0,3.0,4.01,Sh,1.0,812
3821,2021,644,1.43,Sh,3,3,V,,,7.43,Me,7.0,812
3822,2021,647,0.26,Sh,2,1,B,,,,,,812
3823,2021,647,0.26,Sh,2,2,S,0.0,0.0,,,,812
3824,2021,648,1.36,Sh,3,1,B,,,,,,812
3825,2021,648,1.36,Sh,3,2,M,1.0,1.0,3.53,Sh,6.0,812
3826,2021,648,1.36,Sh,3,3,M,0.0,0.0,7.08,Me,5.0,812
3827,2021,649,0.19,Sh,3,1,M,0.0,0.0,1.98,Sh,7.0,812
3828,2021,649,0.19,Sh,3,2,S,0.0,0.0,,,,812
3829,2021,649,0.19,Sh,3,3,M,0.0,0.0,0.45,Sh,2.0,812
3830,2021,649,0.19,Sh,3,3,M,0.0,0.0,4.09,Sh,3.0,812
3831,2021,650,6.55,Me,4,1,B,,,,,,812
3832,2021,650,6.55,Me,4,2,S,0.0,0.0,,,,812
3833,2021,650,6.55,Me,4,3,S,0.0,0.0,,,,812
3834,2021,650,6.55,Me,4,4,M,0.0,0.0,6.85,Me,4.0,812
3835,2021,652,3.77,Sh,2,1,M,0.0,0.0,4.15,Sh,3.0,812
3836,2021,652,3.77,Sh,2,1,V,,,3.59,Sh,5.0,812
3837,2021,652,3.77,Sh,2,2,S,0.0,0.0,,,,812
3838,2021,653,2.06,Sh,4,1,V,,,,,,812
3839,2021,653,2.06,Sh,4,1,V,,,,,,812
3840,2021,653,2.06,Sh,4,2,V,,,2.54,Sh,4.0,812
3841,2021,653,2.06,Sh,4,2,M,0.0,0.0,1.08,Sh,2.0,812
3842,2021,653,2.06,Sh,4,2,M,1.0,1.0,0.05,Sh,2.0,812
3843,2021,653,2.06,Sh,4,3,S,0.0,0.0,,,,812
3844,2021,653,2.06,Sh,4,4,V,,,5.5,Me,1.0,812
3845,2021,653,2.06,Sh,4,4,M,0.0,0.0,5.0,Sh,7.0,812
3846,2021,655,4.18,Sh,4,1,B,,,,,,812
3847,2021,655,4.18,Sh,4,2,M,0.0,0.0,3.39,Sh,4.0,812
3848,2021,655,4.18,Sh,4,3,V,,,5.16,Me,2.0,812
3849,2021,655,4.18,Sh,4,4,V,,,5.21,Me,5.0,812
3850,2021,655,4.18,Sh,4,4,M,0.0,0.0,4.31,Sh,6.0,812
3851,2021,656,0.7,Sh,2,1,V,,,0.5,Sh,1.0,812
3852,2021,656,0.7,Sh,2,2,M,0.0,0.0,4.09,Sh,3.0,812
3853,2021,658,0.68,Sh,2,1,M,1.0,2.0,0.84,Sh,4.0,812
3854,2021,658,0.68,Sh,2,2,M,1.0,2.0,4.43,Sh,2.0,812
3855,2021,659,2.93,Sh,3,1,B,,,,,,812
3856,2021,659,2.93,Sh,3,2,B,,,,,,812
3857,2021,659,2.93,Sh,3,3,M,0.0,0.0,5.99,Me,5.0,812
3858,2021,659,2.93,Sh,3,3,V,,,1.5,Sh,2.0,812
3859,2021,659,2.93,Sh,3,3,V,,,2.04,Sh,2.0,812
3860,2021,659,0.39,Sh,2,1,B,,,,,,812
3861,2021,659,0.39,Sh,2,2,V,,,0.74,Sh,1.0,812
3862,2021,660,5.82,Me,7,1,V,,,3.52,Sh,6.0,812
3863,2021,660,5.82,Me,7,2,S,0.0,0.0,,,,812
3864,2021,660,5.82,Me,7,3,B,,,,,,812
3865,2021,660,5.82,Me,7,4,V,,,4.32,Sh,7.0,812
3866,2021,660,5.82,Me,7,5,M,1.0,1.0,1.44,Sh,5.0,812
3867,2021,660,5.82,Me,7,6,V,,,,,,812
3868,2021,660,5.82,Me,7,7,M,0.0,0.0,5.06,Me,3.0,812
3869,2021,660,5.82,Me,7,7,V,,,,,,812
3870,2021,661,0.44,Sh,2,1,V,,,1.6,Sh,3.0,812
3871,2021,661,0.44,Sh,2,2,S,0.0,0.0,,,,812
3872,2021,662,7.53,Me,8,1,V,,,5.52,Me,4.0,812
3873,2021,662,7.53,Me,8,2,M,,,,,,812
3874,2021,662,7.53,Me,8,3,M,1.0,4.0,1.62,Sh,1.0,812
3875,2021,662,7.53,Me,8,4,M,1.0,2.0,3.67,Sh,4.0,812
3876,2021,662,7.53,Me,8,5,S,0.0,0.0,,,,812
3877,2021,662,7.53,Me,8,6,M,1.0,1.0,2.18,Sh,5.0,812
3878,2021,662,7.53,Me,8,7,V,,,1.85,Sh,4.0,812
3879,2021,662,7.53,Me,8,7,V,,,6.31,Me,3.0,812
3880,2021,662,7.53,Me,8,8,M,0.0,0.0,0.44,Sh,2.0,812
3881,2021,666,5.54,Me,3,1,V,,,5.6,Me,8.0,812
3882,2021,666,5.54,Me,3,2,V,,,0.84,Sh,6.0,812
3883,2021,666,5.54,Me,3,2,M,0.0,0.0,1.46,Sh,3.0,812
3884,2021,666,5.54,Me,3,2,M,0.0,0.0,1.45,Sh,5.0,812
3885,2021,666,5.54,Me,3,3,M,1.0,3.0,5.15,Me,4.0,812
3886,2021,667,5.27,Me,2,1,V,,,4.46,Sh,3.0,812
3887,2021,667,5.27,Me,2,2,V,,,6.08,Me,5.0,812
3888,2021,668,8.11,Me,2,1,B,,,,,,812
3889,2021,668,8.11,Me,2,2,M,0.0,0.0,5.8,Me,6.0,812
3890,2021,669,4.69,Sh,4,1,B,,,,,,812
3891,2021,669,4.69,Sh,4,2,B,,,,,,812
3892,2021,669,4.69,Sh,4,3,S,0.0,0.0,,,,812
3893,2021,669,4.69,Sh,4,4,V,,,6.94,Me,6.0,812
3894,2021,669,4.69,Sh,4,4,V,,,3.55,Sh,3.0,812
3895,2021,670,7.32,Me,5,1,B,,,,,,812
3896,2021,670,7.32,Me,5,2,M,0.0,0.0,2.58,Sh,1.0,812
3897,2021,670,7.32,Me,5,3,S,0.0,0.0,,,,812
3898,2021,670,7.32,Me,5,4,S,0.0,0.0,,,,812
3899,2021,670,7.32,Me,5,5,V,,,,,,812
3900,2021,671,2.07,Sh,2,1,V,,,3.89,Sh,4.0,812
3901,2021,671,2.07,Sh,2,2,B,,,,,,812
3902,2021,672,1.13,Sh,1,1,S,0.0,0.0,,,,812
3903,2021,673,6.71,Me,9,1,V,,,,,,812
3904,2021,673,6.71,Me,9,1,M,,,,,,812
3905,2021,673,6.71,Me,9,1,V,,,0.03,Sh,3.0,812
3906,2021,673,6.71,Me,9,2,B,,,,,,812
3907,2021,673,6.71,Me,9,3,S,0.0,0.0,,,,812
3908,2021,673,6.71,Me,9,4,S,0.0,0.0,,,,812
3909,2021,673,6.71,Me,9,5,S,0.0,0.0,,,,812
3910,2021,673,6.71,Me,9,6,V,,,1.11,Sh,3.0,812
3911,2021,673,6.71,Me,9,7,M,0.0,0.0,3.53,Sh,2.0,812
3912,2021,673,6.71,Me,9,7,M,1.0,3.0,4.42,Sh,6.0,812
3913,2021,673,6.71,Me,9,8,M,0.0,0.0,2.54,Sh,4.0,812
3914,2021,673,6.71,Me,9,9,M,0.0,0.0,2.27,Sh,5.0,812
3915,2021,674,0.8,Sh,1,1,S,0.0,0.0,,,,812
3916,2021,675,6.57,Me,4,1,V,,,0.39,Sh,1.0,812
3917,2021,675,6.57,Me,4,2,B,,,,,,812
3918,2021,675,6.57,Me,4,3,V,,,,,,812
3919,2021,675,6.57,Me,4,4,V,,,4.54,Sh,4.0,812
3920,2021,676,1.65,Sh,2,1,S,0.0,0.0,,,,812
3921,2021,676,1.65,Sh,2,2,V,,,3.35,Sh,3.0,812
3922,2021,677,3.14,Sh,6,1,M,,,,,,812
3923,2021,677,3.14,Sh,6,1,M,0.0,0.0,2.67,Sh,6.0,812
3924,2021,677,3.14,Sh,6,2,S,0.0,0.0,,,,812
3925,2021,677,3.14,Sh,6,3,S,0.0,0.0,,,,812
3926,2021,677,3.14,Sh,6,4,M,,,,,,812
3927,2021,677,3.14,Sh,6,5,S,0.0,0.0,,,,812
3928,2021,677,3.14,Sh,6,6,M,0.0,0.0,1.57,Sh,1.0,812
3929,2021,677,3.14,Sh,6,6,V,,,6.2,Me,9.0,812
3930,2021,677,3.14,Sh,6,6,M,0.0,0.0,7.48,Me,4.0,812
3931,2021,677,3.14,Sh,6,6,V,,,6.14,Me,6.0,812
3932,2021,677,1.56,Sh,4,1,V,,,0.06,Sh,1.0,812
3933,2021,677,1.56,Sh,4,2,S,0.0,0.0,,,,812
3934,2021,677,1.56,Sh,4,3,S,0.0,0.0,,,,812
3935,2021,677,1.56,Sh,4,4,B,,,,,,812
3936,2021,677,0.31,Sh,1,1,S,0.0,0.0,,,,812
3937,2021,680,1.75,Sh,2,1,B,,,,,,812
3938,2021,680,1.75,Sh,2,2,V,,,5.31,Me,6.0,812
3939,2021,681,1.42,Sh,1,1,S,0.0,0.0,,,,812
3940,2021,683,0.26,Sh,1,1,S,0.0,0.0,,,,812
3941,2021,684,4.47,Sh,4,1,B,,,,,,812
3942,2021,684,4.47,Sh,4,2,V,,,,,,812
3943,2021,684,4.47,Sh,4,2,M,0.0,0.0,1.98,Sh,5.0,812
3944,2021,684,4.47,Sh,4,3,M,1.0,2.0,1.02,Sh,6.0,812
3945,2021,684,4.47,Sh,4,4,S,0.0,0.0,,,,812
3946,2021,685,1.95,Sh,4,1,V,,,4.83,Sh,5.0,812
3947,2021,685,1.95,Sh,4,1,V,,,1.72,Sh,3.0,812
3948,2021,685,1.95,Sh,4,2,S,0.0,0.0,,,,812
3949,2021,685,1.95,Sh,4,3,M,1.0,2.0,3.98,Sh,7.0,812
3950,2021,685,1.95,Sh,4,4,M,0.0,0.0,0.78,Sh,3.0,812
3951,2021,685,1.75,Sh,4,1,V,,,1.34,Sh,2.0,812
3952,2021,685,1.75,Sh,4,1,M,,,,,,812
3953,2021,685,1.75,Sh,4,2,B,,,,,,812
3954,2021,685,1.75,Sh,4,3,S,0.0,0.0,,,,812
3955,2021,685,1.75,Sh,4,4,B,,,,,,812
3956,2021,686,7.23,Me,4,1,B,,,,,,812
3957,2021,686,7.23,Me,4,2,V,,,3.65,Sh,4.0,812
3958,2021,686,7.23,Me,4,3,S,0.0,0.0,,,,812
3959,2021,686,7.23,Me,4,4,B,,,,,,812
3960,2021,687,1.89,Sh,1,1,B,,,,,,812
3961,2021,688,0.7,Sh,1,1,B,,,,,,812
3962,2021,689,7.16,Me,6,1,B,,,,,,812
3963,2021,689,7.16,Me,6,2,M,0.0,0.0,1.69,Sh,1.0,812
3964,2021,689,7.16,Me,6,2,V,,,2.38,Sh,2.0,812
3965,2021,689,7.16,Me,6,2,V,,,1.27,Sh,1.0,812
3966,2021,689,7.16,Me,6,3,V,,,3.88,Sh,6.0,812
3967,2021,689,7.16,Me,6,3,V,,,0.57,Sh,3.0,812
3968,2021,689,7.16,Me,6,3,M,1.0,3.0,2.27,Sh,3.0,812
3969,2021,689,7.16,Me,6,4,S,0.0,0.0,,,,812
3970,2021,689,7.16,Me,6,5,B,,,,,,812
3971,2021,689,7.16,Me,6,6,M,0.0,0.0,4.04,Sh,3.0,812
3972,2021,689,7.16,Me,6,6,V,,,2.11,Sh,2.0,812
3973,2021,691,1.91,Sh,5,1,S,0.0,0.0,,,,812
3974,2021,691,1.91,Sh,5,2,B,,,,,,812
3975,2021,691,1.91,Sh,5,3,V,,,,,,812
3976,2021,691,1.91,Sh,5,4,B,,,,,,812
3977,2021,691,1.91,Sh,5,5,V,,,2.31,Sh,4.0,812
3978,2021,693,5.36,Me,3,1,V,,,,,,812
3979,2021,693,5.36,Me,3,2,V,,,2.33,Sh,4.0,812
3980,2021,693,5.36,Me,3,3,S,0.0,0.0,,,,812
3981,2021,694,6.16,Me,6,1,V,,,0.52,Sh,1.0,812
3982,2021,694,6.16,Me,6,2,S,0.0,0.0,,,,812
3983,2021,694,6.16,Me,6,3,B,,,,,,812
3984,2021,694,6.16,Me,6,4,M,1.0,2.0,1.93,Sh,1.0,812
3985,2021,694,6.16,Me,6,4,M,0.0,0.0,5.51,Me,4.0,812
3986,2021,694,6.16,Me,6,5,V,,,3.42,Sh,3.0,812
3987,2021,694,6.16,Me,6,6,V,,,1.43,Sh,5.0,812
3988,2021,695,0.58,Sh,3,1,M,,,,,,812
3989,2021,695,0.58,Sh,3,2,S,0.0,0.0,,,,812
3990,2021,695,0.58,Sh,3,3,V,,,1.58,Sh,2.0,812
3991,2021,695,0.58,Sh,3,3,V,,,2.14,Sh,3.0,812
3992,2021,695,0.58,Sh,3,3,V,,,2.61,Sh,5.0,812
3993,2021,696,1.03,Sh,3,1,V,,,0.25,Sh,2.0,812
3994,2021,696,1.03,Sh,3,2,M,0.0,0.0,1.31,Sh,2.0,812
3995,2021,696,1.03,Sh,3,2,M,1.0,3.0,2.59,Sh,1.0,812
3996,2021,696,1.03,Sh,3,3,V,,,0.81,Sh,1.0,812
3997,2021,696,1.03,Sh,3,3,V,,,6.8,Me,4.0,812
3998,2021,696,1.03,Sh,3,3,V,,,3.25,Sh,4.0,812
3999,2021,696,1.35,Sh,6,1,V,,,,,,812
4000,2021,696,1.35,Sh,6,2,V,,,1.62,Sh,5.0,812
4001,2021,696,1.35,Sh,6,3,B,,,,,,812
4002,2021,696,1.35,Sh,6,4,S,0.0,0.0,,,,812
4003,2021,696,1.35,Sh,6,5,M,1.0,3.0,3.95,Sh,3.0,812
4004,2021,696,1.35,Sh,6,6,V,,,5.58,Me,2.0,812
4005,2021,697,3.15,Sh,5,1,B,,,,,,812
4006,2021,697,3.15,Sh,5,2,B,,,,,,812
4007,2021,697,3.15,Sh,5,3,V,,,1.71,Sh,2.0,812
4008,2021,697,3.15,Sh,5,3,V,,,4.13,Sh,5.0,812
4009,2021,697,3.15,Sh,5,3,V,,,,,,812
4010,2021,697,3.15,Sh,5,4,M,1.0,3.0,0.01,Sh,2.0,812
4011,2021,697,3.15,Sh,5,5,S,0.0,0.0,,,,812
4012,2021,698,9.99,Me,9,1,M,,,,,,812
4013,2021,698,9.99,Me,9,2,S,0.0,0.0,,,,812
4014,2021,698,9.99,Me,9,3,M,0.0,0.0,3.43,Sh,1.0,812
4015,2021,698,9.99,Me,9,3,M,0.0,0.0,2.33,Sh,3.0,812
4016,2021,698,9.99,Me,9,4,M,1.0,2.0,2.09,Sh,5.0,812
4017,2021,698,9.99,Me,9,5,S,0.0,0.0,,,,812
4018,2021,698,9.99,Me,9,6,M,,,,,,812
4019,2021,698,9.99,Me,9,7,S,0.0,0.0,,,,812
4020,2021,698,9.99,Me,9,8,S,0.0,0.0,,,,812
4021,2021,698,9.99,Me,9,9,V,,,5.41,Me,6.0,812
4022,2021,699,1.56,Sh,4,1,B,,,,,,812
4023,2021,699,1.56,Sh,4,2,S,0.0,0.0,,,,812
4024,2021,699,1.56,Sh,4,3,V,,,0.71,Sh,4.0,812
4025,2021,699,1.56,Sh,4,4,M,0.0,0.0,2.47,Sh,1.0,812
4026,2021,700,3.28,Sh,4,1,V,,,,,,812
4027,2021,700,3.28,Sh,4,2,V,,,0.13,Sh,2.0,812
4028,2021,700,3.28,Sh,4,3,V,,,2.21,Sh,3.0,812
4029,2021,700,3.28,Sh,4,4,V,,,8.67,Me,6.0,812
4030,2021,701,1.25,Sh,2,1,S,0.0,0.0,,,,812
4031,2021,701,1.25,Sh,2,2,V,,,0.33,Sh,5.0,812
4032,2021,703,6.45,Me,5,1,M,0.0,0.0,0.37,Sh,1.0,812
4033,2021,703,6.45,Me,5,2,V,,,3.68,Sh,1.0,812
4034,2021,703,6.45,Me,5,3,S,0.0,0.0,,,,812
4035,2021,703,6.45,Me,5,4,V,,,7.21,Me,2.0,812
4036,2021,703,6.45,Me,5,5,V,,,7.8,Me,9.0,812
4037,2021,704,6.5,Me,7,1,S,0.0,0.0,,,,812
4038,2021,704,6.5,Me,7,2,S,0.0,0.0,,,,812
4039,2021,704,6.5,Me,7,3,V,,,,,,812
4040,2021,704,6.5,Me,7,4,M,,,,,,812
4041,2021,704,6.5,Me,7,5,S,0.0,0.0,,,,812
4042,2021,704,6.5,Me,7,6,S,0.0,0.0,,,,812
4043,2021,704,6.5,Me,7,7,V,,,2.1,Sh,1.0,812
4044,2021,704,6.5,Me,7,7,V,,,1.68,Sh,1.0,812
4045,2021,705,8.9,Me,9,1,V,,,,,,812
4046,2021,705,8.9,Me,9,2,S,0.0,0.0,,,,812
4047,2021,705,8.9,Me,9,3,V,,,1.82,Sh,2.0,812
4048,2021,705,8.9,Me,9,4,M,0.0,0.0,0.44,Sh,2.0,812
4049,2021,705,8.9,Me,9,4,M,,,,,,812
4050,2021,705,8.9,Me,9,4,M,,,,,,812
4051,2021,705,8.9,Me,9,5,V,,,4.79,Sh,5.0,812
4052,2021,705,8.9,Me,9,5,M,0.0,0.0,4.14,Sh,3.0,812
4053,2021,705,8.9,Me,9,6,M,1.0,1.0,5.72,Me,4.0,812
4054,2021,705,8.9,Me,9,7,M,0.0,0.0,6.83,Me,4.0,812
4055,2021,705,8.9,Me,9,8,M,0.0,0.0,5.02,Me,6.0,812
4056,2021,705,8.9,Me,9,9,M,0.0,0.0,5.09,Me,2.0,812
4057,2021,706,2.63,Sh,6,1,B,,,,,,812
4058,2021,706,2.63,Sh,6,2,M,,,,,,812
4059,2021,706,2.63,Sh,6,3,M,0.0,0.0,0.73,Sh,5.0,812
4060,2021,706,2.63,Sh,6,4,M,0.0,0.0,1.69,Sh,5.0,812
4061,2021,706,2.63,Sh,6,5,M,0.0,0.0,5.65,Me,4.0,812
4062,2021,706,2.63,Sh,6,5,V,,,5.81,Me,3.0,812
4063,2021,706,2.63,Sh,6,6,M,1.0,1.0,2.84,Sh,4.0,812
4064,2021,708,0.28,Sh,5,1,B,,,,,,812
4065,2021,708,0.28,Sh,5,2,V,,,,,,812
4066,2021,708,0.28,Sh,5,3,M,1.0,3.0,4.87,Sh,4.0,812
4067,2021,708,0.28,Sh,5,4,M,0.0,0.0,5.2,Me,4.0,812
4068,2021,708,0.28,Sh,5,5,M,0.0,0.0,4.52,Sh,5.0,812
4069,2021,709,2.08,Sh,5,1,V,,,,,,812
4070,2021,709,2.08,Sh,5,1,V,,,0.54,Sh,1.0,812
4071,2021,709,2.08,Sh,5,1,V,,,1.53,Sh,1.0,812
4072,2021,709,2.08,Sh,5,2,S,0.0,0.0,,,,812
4073,2021,709,2.08,Sh,5,3,V,,,0.49,Sh,3.0,812
4074,2021,709,2.08,Sh,5,3,M,1.0,5.0,5.6,Me,2.0,812
4075,2021,709,2.08,Sh,5,4,M,,,,,,812
4076,2021,709,2.08,Sh,5,5,V,,,5.11,Me,5.0,812
4077,2021,711,6.37,Me,4,1,V,,,,,,812
4078,2021,711,6.37,Me,4,2,M,1.0,3.0,2.07,Sh,3.0,812
4079,2021,711,6.37,Me,4,3,S,0.0,0.0,,,,812
4080,2021,711,6.37,Me,4,4,V,,,5.25,Me,8.0,812
4081,2021,713,6.35,Me,6,1,S,0.0,0.0,,,,812
4082,2021,713,6.35,Me,6,2,S,0.0,0.0,,,,812
4083,2021,713,6.35,Me,6,3,B,,,,,,812
4084,2021,713,6.35,Me,6,4,S,0.0,0.0,,,,812
4085,2021,713,6.35,Me,6,5,B,,,,,,812
4086,2021,713,6.35,Me,6,6,M,1.0,2.0,4.71,Sh,5.0,812
4087,2021,717,2.93,Sh,3,1,V,,,0.58,Sh,1.0,812
4088,2021,717,2.93,Sh,3,1,V,,,2.25,Sh,4.0,812
4089,2021,717,2.93,Sh,3,1,V,,,3.17,Sh,1.0,812
4090,2021,717,2.93,Sh,3,2,B,,,,,,812
4091,2021,717,2.93,Sh,3,3,S,0.0,0.0,,,,812
4092,2021,718,2.74,Sh,2,1,B,,,,,,812
4093,2021,718,2.74,Sh,2,2,S,0.0,0.0,,,,812
4094,2021,718,0.92,Sh,5,1,V,,,0.76,Sh,1.0,812
4095,2021,718,0.92,Sh,5,2,B,,,,,,812
4096,2021,718,0.92,Sh,5,3,V,,,5.0,Sh,3.0,812
4097,2021,718,0.92,Sh,5,4,V,,,6.25,Me,3.0,812
4098,2021,718,0.92,Sh,5,5,S,0.0,0.0,,,,812
4099,2021,719,3.7,Sh,3,1,V,,,2.21,Sh,1.0,812
4100,2021,719,3.7,Sh,3,2,B,,,,,,812
4101,2021,719,3.7,Sh,3,3,B,,,,,,812
4102,2021,720,5.13,Me,5,1,M,1.0,1.0,0.2,Sh,1.0,812
4103,2021,720,5.13,Me,5,2,S,0.0,0.0,,,,812
4104,2021,720,5.13,Me,5,3,B,,,,,,812
4105,2021,720,5.13,Me,5,4,S,0.0,0.0,,,,812
4106,2021,720,5.13,Me,5,5,M,1.0,3.0,7.58,Me,5.0,812
4107,2021,721,4.28,Sh,5,1,B,,,,,,812
4108,2021,721,4.28,Sh,5,2,V,,,2.12,Sh,3.0,812
4109,2021,721,4.28,Sh,5,3,V,,,3.03,Sh,1.0,812
4110,2021,721,4.28,Sh,5,4,V,,,3.74,Sh,2.0,812
4111,2021,721,4.28,Sh,5,5,M,,,,,,812
4112,2021,722,8.58,Me,9,1,V,,,4.96,Sh,4.0,812
4113,2021,722,8.58,Me,9,1,V,,,2.55,Sh,3.0,812
4114,2021,722,8.58,Me,9,2,M,0.0,0.0,5.1,Me,3.0,812
4115,2021,722,8.58,Me,9,3,V,,,3.65,Sh,3.0,812
4116,2021,722,8.58,Me,9,4,V,,,,,,812
4117,2021,722,8.58,Me,9,4,V,,,3.86,Sh,1.0,812
4118,2021,722,8.58,Me,9,5,S,0.0,0.0,,,,812
4119,2021,722,8.58,Me,9,6,V,,,3.97,Sh,3.0,812
4120,2021,722,8.58,Me,9,7,M,0.0,0.0,1.32,Sh,4.0,812
4121,2021,722,8.58,Me,9,8,M,0.0,0.0,12.25,Me,5.0,812
4122,2021,722,8.58,Me,9,9,M,1.0,1.0,4.57,Sh,5.0,812
4123,2021,722,8.58,Me,9,9,V,,,,,,812
4124,2021,723,6.85,Me,5,1,B,,,,,,812
4125,2021,723,6.85,Me,5,2,V,,,,,,812
4126,2021,723,6.85,Me,5,2,M,,,,,,812
4127,2021,723,6.85,Me,5,2,V,,,5.9,Me,7.0,812
4128,2021,723,6.85,Me,5,3,S,0.0,0.0,,,,812
4129,2021,723,6.85,Me,5,4,S,0.0,0.0,,,,812
4130,2021,723,6.85,Me,5,5,V,,,5.33,Me,7.0,812
4131,2021,723,6.85,Me,5,5,M,0.0,0.0,2.36,Sh,2.0,812
4132,2021,723,6.85,Me,5,5,M,,,,,,812
4133,2021,723,6.85,Me,5,5,M,0.0,0.0,4.07,Sh,3.0,812
4134,2021,724,4.53,Sh,7,1,V,,,0.35,Sh,4.0,812
4135,2021,724,4.53,Sh,7,2,M,0.0,0.0,1.05,Sh,2.0,812
4136,2021,724,4.53,Sh,7,3,S,0.0,0.0,,,,812
4137,2021,724,4.53,Sh,7,4,S,0.0,0.0,,,,812
4138,2021,724,4.53,Sh,7,5,M,0.0,0.0,2.95,Sh,3.0,812
4139,2021,724,4.53,Sh,7,5,V,,,,,,812
4140,2021,724,4.53,Sh,7,5,V,,,5.48,Me,4.0,812
4141,2021,724,4.53,Sh,7,6,V,,,3.92,Sh,4.0,812
4142,2021,724,4.53,Sh,7,7,V,,,3.61,Sh,5.0,812
4143,2021,725,4.69,Sh,5,1,B,,,,,,812
4144,2021,725,4.69,Sh,5,2,M,1.0,3.0,4.14,Sh,1.0,812
4145,2021,725,4.69,Sh,5,3,V,,,,,,812
4146,2021,725,4.69,Sh,5,4,B,,,,,,812
4147,2021,725,4.69,Sh,5,5,S,0.0,0.0,,,,812
4148,2021,726,8.68,Me,4,1,V,,,9.54,Me,5.0,812
4149,2021,726,8.68,Me,4,2,V,,,,,,812
4150,2021,726,8.68,Me,4,3,V,,,7.83,Me,7.0,812
4151,2021,726,8.68,Me,4,4,B,,,,,,812
4152,2021,727,0.86,Sh,5,1,M,0.0,0.0,3.31,Sh,4.0,812
4153,2021,727,0.86,Sh,5,1,V,,,1.62,Sh,1.0,812
4154,2021,727,0.86,Sh,5,2,V,,,1.22,Sh,5.0,812
4155,2021,727,0.86,Sh,5,3,V,,,2.42,Sh,4.0,812
4156,2021,727,0.86,Sh,5,4,V,,,0.36,Sh,3.0,812
4157,2021,727,0.86,Sh,5,5,M,0.0,0.0,5.65,Me,6.0,812
4158,2021,727,0.29,Sh,2,1,S,0.0,0.0,,,,812
4159,2021,727,0.29,Sh,2,2,V,,,0.69,Sh,1.0,812
4160,2021,727,0.29,Sh,2,2,V,,,1.76,Sh,4.0,812
4161,2021,728,3.13,Sh,3,1,M,0.0,0.0,2.92,Sh,4.0,812
4162,2021,728,3.13,Sh,3,2,S,0.0,0.0,,,,812
4163,2021,728,3.13,Sh,3,3,V,,,0.22,Sh,2.0,812
4164,2021,729,3.86,Sh,5,1,B,,,,,,812
4165,2021,729,3.86,Sh,5,2,V,,,,,,812
4166,2021,729,3.86,Sh,5,3,S,0.0,0.0,,,,812
4167,2021,729,3.86,Sh,5,4,V,,,1.0,Sh,3.0,812
4168,2021,729,3.86,Sh,5,5,V,,,6.94,Me,6.0,812
4169,2021,729,3.86,Sh,5,5,V,,,9.12,Me,8.0,812
4170,2021,730,1.69,Sh,2,1,B,,,,,,812
4171,2021,730,1.69,Sh,2,2,V,,,5.67,Me,4.0,812
4172,2021,731,10.0,Me,6,1,B,,,,,,812
4173,2021,731,10.0,Me,6,2,V,,,,,,812
4174,2021,731,10.0,Me,6,3,S,0.0,0.0,,,,812
4175,2021,731,10.0,Me,6,4,V,,,6.75,Me,7.0,812
4176,2021,731,10.0,Me,6,5,V,,,4.3,Sh,5.0,812
4177,2021,731,10.0,Me,6,6,M,1.0,4.0,5.02,Me,5.0,812
4178,2021,732,5.43,Me,6,1,V,,,4.01,Sh,5.0,812
4179,2021,732,5.43,Me,6,1,M,0.0,0.0,0.59,Sh,3.0,812
4180,2021,732,5.43,Me,6,2,M,0.0,0.0,0.48,Sh,2.0,812
4181,2021,732,5.43,Me,6,3,V,,,1.48,Sh,1.0,812
4182,2021,732,5.43,Me,6,4,S,0.0,0.0,,,,812
4183,2021,732,5.43,Me,6,5,M,0.0,0.0,2.61,Sh,4.0,812
4184,2021,732,5.43,Me,6,5,M,1.0,3.0,3.76,Sh,3.0,812
4185,2021,732,5.43,Me,6,6,B,,,,,,812
4186,2021,733,5.78,Me,5,1,V,,,,,,812
4187,2021,733,5.78,Me,5,2,S,0.0,0.0,,,,812
4188,2021,733,5.78,Me,5,3,S,0.0,0.0,,,,812
4189,2021,733,5.78,Me,5,4,M,1.0,6.0,4.37,Sh,3.0,812
4190,2021,733,5.78,Me,5,5,V,,,10.95,Me,5.0,812
4191,2021,734,1.33,Sh,1,1,B,,,,,,812
4192,2021,734,1.5,Sh,3,1,B,,,,,,812
4193,2021,734,1.5,Sh,3,2,S,0.0,0.0,,,,812
4194,2021,734,1.5,Sh,3,3,M,0.0,0.0,5.02,Me,6.0,812
4195,2021,735,7.53,Me,5,1,V,,,1.24,Sh,3.0,812
4196,2021,735,7.53,Me,5,1,V,,,0.46,Sh,3.0,812
4197,2021,735,7.53,Me,5,2,V,,,0.39,Sh,3.0,812
4198,2021,735,7.53,Me,5,2,V,,,,,,812
4199,2021,735,7.53,Me,5,3,M,1.0,3.0,0.15,Sh,1.0,812
4200,2021,735,7.53,Me,5,3,M,0.0,0.0,7.4,Me,4.0,812
4201,2021,735,7.53,Me,5,4,V,,,4.3,Sh,5.0,812
4202,2021,735,7.53,Me,5,5,M,0.0,0.0,4.55,Sh,1.0,812
4203,2021,738,4.08,Sh,4,1,B,,,,,,812
4204,2021,738,4.08,Sh,4,2,M,,,,,,812
4205,2021,738,4.08,Sh,4,2,M,,,,,,812
4206,2021,738,4.08,Sh,4,3,B,,,,,,812
4207,2021,738,4.08,Sh,4,4,M,0.0,0.0,7.83,Me,5.0,812
4208,2021,739,1.01,Sh,3,1,B,,,,,,812
4209,2021,739,1.01,Sh,3,2,B,,,,,,812
4210,2021,739,1.01,Sh,3,3,M,0.0,0.0,3.13,Sh,1.0,812
4211,2021,740,5.67,Me,3,1,B,,,,,,812
4212,2021,740,5.67,Me,3,2,S,0.0,0.0,,,,812
4213,2021,740,5.67,Me,3,3,V,,,6.5,Me,8.0,812
4214,2021,741,6.66,Me,8,1,B,,,,,,812
4215,2021,741,6.66,Me,8,2,M,0.0,0.0,3.51,Sh,5.0,812
4216,2021,741,6.66,Me,8,2,M,1.0,1.0,3.26,Sh,3.0,812
4217,2021,741,6.66,Me,8,3,B,,,,,,812
4218,2021,741,6.66,Me,8,4,M,1.0,4.0,2.31,Sh,4.0,812
4219,2021,741,6.66,Me,8,4,M,0.0,0.0,2.17,Sh,4.0,812
4220,2021,741,6.66,Me,8,5,S,0.0,0.0,,,,812
4221,2021,741,6.66,Me,8,6,V,,,2.99,Sh,5.0,812
4222,2021,741,6.66,Me,8,6,M,0.0,0.0,4.91,Sh,3.0,812
4223,2021,741,6.66,Me,8,7,M,0.0,0.0,1.6,Sh,3.0,812
4224,2021,741,6.66,Me,8,7,M,1.0,5.0,3.7,Sh,2.0,812
4225,2021,741,6.66,Me,8,7,M,0.0,0.0,13.91,Me,9.0,812
4226,2021,741,6.66,Me,8,8,M,1.0,3.0,0.44,Sh,4.0,812
4227,2021,742,2.57,Sh,3,1,B,,,,,,812
4228,2021,742,2.57,Sh,3,2,B,,,,,,812
4229,2021,742,2.57,Sh,3,3,B,,,,,,812
4230,2021,744,2.93,Sh,3,1,S,0.0,0.0,,,,812
4231,2021,744,2.93,Sh,3,2,S,0.0,0.0,,,,812
4232,2021,744,2.93,Sh,3,3,V,,,3.12,Sh,6.0,812
4233,2021,745,6.04,Me,5,1,V,,,4.16,Sh,4.0,812
4234,2021,745,6.04,Me,5,1,M,1.0,1.0,2.22,Sh,3.0,812
4235,2021,745,6.04,Me,5,1,M,,,,,,812
4236,2021,745,6.04,Me,5,1,V,,,2.53,Sh,1.0,812
4237,2021,745,6.04,Me,5,2,M,0.0,0.0,2.15,Sh,1.0,812
4238,2021,745,6.04,Me,5,2,M,0.0,0.0,4.73,Sh,3.0,812
4239,2021,745,6.04,Me,5,3,S,0.0,0.0,,,,812
4240,2021,745,6.04,Me,5,4,V,,,5.4,Me,4.0,812
4241,2021,745,6.04,Me,5,5,M,,,,,,812
4242,2021,746,7.13,Me,5,1,V,,,1.72,Sh,2.0,812
4243,2021,746,7.13,Me,5,2,M,,,,,,812
4244,2021,746,7.13,Me,5,3,S,0.0,0.0,,,,812
4245,2021,746,7.13,Me,5,4,M,0.0,0.0,3.7,Sh,1.0,812
4246,2021,746,7.13,Me,5,5,S,0.0,0.0,,,,812
4247,2021,748,6.87,Me,7,1,V,,,1.91,Sh,3.0,812
4248,2021,748,6.87,Me,7,2,B,,,,,,812
4249,2021,748,6.87,Me,7,3,B,,,,,,812
4250,2021,748,6.87,Me,7,4,V,,,4.81,Sh,3.0,812
4251,2021,748,6.87,Me,7,5,S,0.0,0.0,,,,812
4252,2021,748,6.87,Me,7,6,V,,,4.62,Sh,7.0,812
4253,2021,748,6.87,Me,7,7,V,,,6.72,Me,5.0,812
4254,2021,751,0.9,Sh,4,1,V,,,0.61,Sh,3.0,812
4255,2021,751,0.9,Sh,4,2,B,,,,,,812
4256,2021,751,0.9,Sh,4,3,S,0.0,0.0,,,,812
4257,2021,751,0.9,Sh,4,4,M,0.0,0.0,5.38,Me,6.0,812
4258,2021,752,0.75,Sh,2,1,B,,,,,,812
4259,2021,752,0.75,Sh,2,2,V,,,2.24,Sh,5.0,812
4260,2021,752,0.75,Sh,2,2,V,,,6.05,Me,8.0,812
4261,2021,752,0.91,Sh,3,1,M,1.0,4.0,1.42,Sh,4.0,812
4262,2021,752,0.91,Sh,3,2,V,,,,,,812
4263,2021,752,0.91,Sh,3,3,V,,,3.75,Sh,2.0,812
4264,2021,755,3.32,Sh,3,1,V,,,,,,812
4265,2021,755,3.32,Sh,3,1,M,,,,,,812
4266,2021,755,3.32,Sh,3,1,V,,,,,,812
4267,2021,755,3.32,Sh,3,1,V,,,1.33,Sh,2.0,812
4268,2021,755,3.32,Sh,3,2,S,0.0,0.0,,,,812
4269,2021,755,3.32,Sh,3,3,V,,,4.08,Sh,4.0,812
4270,2021,756,0.84,Sh,2,1,V,,,0.5,Sh,2.0,812
4271,2021,756,0.84,Sh,2,2,B,,,,,,812
4272,2021,757,3.15,Sh,3,1,B,,,,,,812
4273,2021,757,3.15,Sh,3,2,M,1.0,2.0,2.74,Sh,2.0,812
4274,2021,757,3.15,Sh,3,2,V,,,0.39,Sh,2.0,812
4275,2021,757,3.15,Sh,3,3,S,0.0,0.0,,,,812
4276,2021,758,6.31,Me,6,1,S,0.0,0.0,,,,812
4277,2021,758,6.31,Me,6,2,B,,,,,,812
4278,2021,758,6.31,Me,6,3,V,,,3.75,Sh,3.0,812
4279,2021,758,6.31,Me,6,3,V,,,2.69,Sh,5.0,812
4280,2021,758,6.31,Me,6,3,V,,,8.0,Me,4.0,812
4281,2021,758,6.31,Me,6,3,V,,,,,,812
4282,2021,758,6.31,Me,6,4,S,0.0,0.0,,,,812
4283,2021,758,6.31,Me,6,5,S,0.0,0.0,,,,812
4284,2021,758,6.31,Me,6,6,V,,,6.23,Me,3.0,812
4285,2021,759,3.3,Sh,6,1,V,,,4.65,Sh,8.0,812
4286,2021,759,3.3,Sh,6,2,V,,,0.6,Sh,1.0,812
4287,2021,759,3.3,Sh,6,3,M,,,,,,812
4288,2021,759,3.3,Sh,6,4,M,0.0,0.0,0.27,Sh,1.0,812
4289,2021,759,3.3,Sh,6,5,M,1.0,3.0,4.66,Sh,5.0,812
4290,2021,759,3.3,Sh,6,5,M,0.0,0.0,7.37,Me,7.0,812
4291,2021,759,3.3,Sh,6,6,M,0.0,0.0,7.13,Me,6.0,812
4292,2021,760,1.97,Sh,3,1,S,0.0,0.0,,,,812
4293,2021,760,1.97,Sh,3,2,S,0.0,0.0,,,,812
4294,2021,760,1.97,Sh,3,3,V,,,0.58,Sh,1.0,812
4295,2021,760,1.97,Sh,3,3,V,,,9.49,Me,7.0,812
4296,2021,761,0.89,Sh,1,1,B,,,,,,812
4297,2021,761,0.49,Sh,4,1,B,,,,,,812
4298,2021,761,0.49,Sh,4,2,V,,,,,,812
4299,2021,761,0.49,Sh,4,3,S,0.0,0.0,,,,812
4300,2021,761,0.49,Sh,4,4,V,,,7.69,Me,6.0,812
4301,2021,762,7.92,Me,5,1,V,,,2.25,Sh,2.0,812
4302,2021,762,7.92,Me,5,2,V,,,2.8,Sh,3.0,812
4303,2021,762,7.92,Me,5,3,B,,,,,,812
4304,2021,762,7.92,Me,5,4,V,,,,,,812
4305,2021,762,7.92,Me,5,4,M,0.0,0.0,4.55,Sh,5.0,812
4306,2021,762,7.92,Me,5,4,M,0.0,0.0,3.11,Sh,5.0,812
4307,2021,762,7.92,Me,5,4,V,,,0.8,Sh,2.0,812
4308,2021,762,7.92,Me,5,4,M,0.0,0.0,1.16,Sh,2.0,812
4309,2021,762,7.92,Me,5,5,M,1.0,4.0,7.65,Me,4.0,812
4310,2021,763,3.16,Sh,1,1,S,0.0,0.0,,,,812
4311,2021,764,10.59,Me,8,1,B,,,,,,812
4312,2021,764,10.59,Me,8,2,V,,,1.08,Sh,3.0,812
4313,2021,764,10.59,Me,8,3,V,,,1.54,Sh,2.0,812
4314,2021,764,10.59,Me,8,4,S,0.0,0.0,,,,812
4315,2021,764,10.59,Me,8,5,S,0.0,0.0,,,,812
4316,2021,764,10.59,Me,8,6,V,,,2.96,Sh,1.0,812
4317,2021,764,10.59,Me,8,7,V,,,5.38,Me,5.0,812
4318,2021,764,10.59,Me,8,8,M,0.0,0.0,7.43,Me,4.0,812
4319,2021,764,10.59,Me,8,8,V,,,11.19,Me,4.0,812
4320,2021,765,8.64,Me,5,1,V,,,0.93,Sh,3.0,812
4321,2021,765,8.64,Me,5,1,M,,,,,,812
4322,2021,765,8.64,Me,5,1,V,,,,,,812
4323,2021,765,8.64,Me,5,2,B,,,,,,812
4324,2021,765,8.64,Me,5,3,S,0.0,0.0,,,,812
4325,2021,765,8.64,Me,5,4,S,0.0,0.0,,,,812
4326,2021,765,8.64,Me,5,5,M,0.0,0.0,1.39,Sh,3.0,812
4327,2021,766,10.82,Me,7,1,V,,,2.69,Sh,3.0,812
4328,2021,766,10.82,Me,7,1,V,,,2.53,Sh,1.0,812
4329,2021,766,10.82,Me,7,2,B,,,,,,812
4330,2021,766,10.82,Me,7,3,S,0.0,0.0,,,,812
4331,2021,766,10.82,Me,7,4,M,0.0,0.0,4.53,Sh,4.0,812
4332,2021,766,10.82,Me,7,5,M,0.0,0.0,7.52,Me,8.0,812
4333,2021,766,10.82,Me,7,6,V,,,2.75,Sh,2.0,812
4334,2021,766,10.82,Me,7,6,M,0.0,0.0,6.05,Me,10.0,812
4335,2021,766,10.82,Me,7,7,M,0.0,0.0,1.35,Sh,1.0,812
4336,2021,768,0.86,Sh,1,1,S,0.0,0.0,,,,812
4337,2021,769,1.57,Sh,2,1,V,,,0.35,Sh,2.0,812
4338,2021,769,1.57,Sh,2,2,B,,,,,,812
4339,2021,770,3.28,Sh,2,1,V,,,,,,812
4340,2021,770,3.28,Sh,2,2,B,,,,,,812
4341,2021,772,4.83,Sh,4,1,M,0.0,0.0,5.9,Me,2.0,812
4342,2021,772,4.83,Sh,4,1,V,,,,,,812
4343,2021,772,4.83,Sh,4,2,V,,,0.13,Sh,1.0,812
4344,2021,772,4.83,Sh,4,3,B,,,,,,812
4345,2021,772,4.83,Sh,4,4,B,,,,,,812
4346,2021,773,0.48,Sh,4,1,B,,,,,,812
4347,2021,773,0.48,Sh,4,2,V,,,4.51,Sh,1.0,812
4348,2021,773,0.48,Sh,4,3,V,,,2.77,Sh,2.0,812
4349,2021,773,0.48,Sh,4,3,V,,,4.15,Sh,8.0,812
4350,2021,773,0.48,Sh,4,4,B,,,,,,812
4351,2021,773,1.06,Sh,3,1,B,,,,,,812
4352,2021,773,1.06,Sh,3,2,V,,,4.88,Sh,3.0,812
4353,2021,773,1.06,Sh,3,3,V,,,5.49,Me,5.0,812
4354,2021,774,2.32,Sh,2,1,B,,,,,,812
4355,2021,774,2.32,Sh,2,2,B,,,,,,812
4356,2021,775,6.65,Me,4,1,M,1.0,4.0,2.61,Sh,2.0,812
4357,2021,775,6.65,Me,4,2,S,0.0,0.0,,,,812
4358,2021,775,6.65,Me,4,3,V,,,7.53,Me,7.0,812
4359,2021,775,6.65,Me,4,3,M,0.0,0.0,1.35,Sh,1.0,812
4360,2021,775,6.65,Me,4,3,V,,,,,,812
4361,2021,775,6.65,Me,4,3,M,0.0,0.0,0.28,Sh,3.0,812
4362,2021,775,6.65,Me,4,4,B,,,,,,812
4363,2021,776,4.44,Sh,7,1,M,,,,,,812
4364,2021,776,4.44,Sh,7,2,V,,,2.06,Sh,1.0,812
4365,2021,776,4.44,Sh,7,2,M,,,,,,812
4366,2021,776,4.44,Sh,7,3,S,0.0,0.0,,,,812
4367,2021,776,4.44,Sh,7,4,S,0.0,0.0,,,,812
4368,2021,776,4.44,Sh,7,5,V,,,0.17,Sh,1.0,812
4369,2021,776,4.44,Sh,7,6,M,0.0,0.0,6.88,Me,8.0,812
4370,2021,776,4.44,Sh,7,7,M,1.0,2.0,1.28,Sh,5.0,812
4371,2021,777,7.01,Me,6,1,M,0.0,0.0,1.32,Sh,4.0,812
4372,2021,777,7.01,Me,6,2,V,,,0.41,Sh,3.0,812
4373,2021,777,7.01,Me,6,3,S,0.0,0.0,,,,812
4374,2021,777,7.01,Me,6,4,S,0.0,0.0,,,,812
4375,2021,777,7.01,Me,6,5,M,1.0,3.0,3.09,Sh,5.0,812
4376,2021,777,7.01,Me,6,5,M,0.0,0.0,2.7,Sh,7.0,812
4377,2021,777,7.01,Me,6,6,V,,,6.3,Me,5.0,812
4378,2021,777,7.01,Me,6,6,V,,,9.09,Me,4.0,812
4379,2021,779,7.97,Me,10,1,M,,,,,,812
4380,2021,779,7.97,Me,10,2,V,,,0.41,Sh,3.0,812
4381,2021,779,7.97,Me,10,2,V,,,,,,812
4382,2021,779,7.97,Me,10,3,V,,,,,,812
4383,2021,779,7.97,Me,10,3,V,,,,,,812
4384,2021,779,7.97,Me,10,4,M,0.0,0.0,3.7,Sh,4.0,812
4385,2021,779,7.97,Me,10,5,M,0.0,0.0,5.23,Me,5.0,812
4386,2021,779,7.97,Me,10,5,V,,,1.9,Sh,3.0,812
4387,2021,779,7.97,Me,10,5,V,,,5.29,Me,5.0,812
4388,2021,779,7.97,Me,10,6,S,0.0,0.0,,,,812
4389,2021,779,7.97,Me,10,7,M,0.0,0.0,4.94,Sh,7.0,812
4390,2021,779,7.97,Me,10,7,M,,,,,,812
4391,2021,779,7.97,Me,10,8,V,,,1.2,Sh,2.0,812
4392,2021,779,7.97,Me,10,9,V,,,6.59,Me,5.0,812
4393,2021,779,7.97,Me,10,9,M,0.0,0.0,0.66,Sh,2.0,812
4394,2021,779,7.97,Me,10,10,V,,,4.32,Sh,2.0,812
4395,2021,779,7.97,Me,10,10,M,1.0,1.0,3.23,Sh,2.0,812
4396,2021,779,7.97,Me,10,10,V,,,9.35,Me,5.0,812
4397,2021,781,3.34,Sh,4,1,S,0.0,0.0,,,,812
4398,2021,781,3.34,Sh,4,2,M,0.0,0.0,4.48,Sh,5.0,812
4399,2021,781,3.34,Sh,4,3,B,,,,,,812
4400,2021,781,3.34,Sh,4,4,S,0.0,0.0,,,,812
4401,2021,782,2.86,Sh,3,1,V,,,,,,812
4402,2021,782,2.86,Sh,3,1,V,,,,,,812
4403,2021,782,2.86,Sh,3,2,M,0.0,0.0,6.19,Me,2.0,812
4404,2021,782,2.86,Sh,3,2,V,,,6.16,Me,7.0,812
4405,2021,782,2.86,Sh,3,2,M,0.0,0.0,5.15,Me,4.0,812
4406,2021,782,2.86,Sh,3,3,M,0.0,0.0,6.84,Me,5.0,812
4407,2021,783,1.64,Sh,4,1,B,,,,,,812
4408,2021,783,1.64,Sh,4,2,M,0.0,0.0,0.51,Sh,2.0,812
4409,2021,783,1.64,Sh,4,3,M,0.0,0.0,5.73,Me,6.0,812
4410,2021,783,1.64,Sh,4,4,V,,,6.95,Me,8.0,812
4411,2021,783,2.68,Sh,2,1,V,,,0.69,Sh,2.0,812
4412,2021,783,2.68,Sh,2,2,V,,,7.8,Me,3.0,812
4413,2021,783,2.68,Sh,2,2,M,,,,,,812
4414,2021,784,1.26,Sh,1,1,B,,,,,,812
4415,2021,784,1.24,Sh,5,1,B,,,,,,812
4416,2021,784,1.24,Sh,5,2,B,,,,,,812
4417,2021,784,1.24,Sh,5,3,V,,,1.43,Sh,3.0,812
4418,2021,784,1.24,Sh,5,4,V,,,2.31,Sh,3.0,812
4419,2021,784,1.24,Sh,5,5,M,0.0,0.0,3.94,Sh,3.0,812
4420,2021,784,1.24,Sh,5,5,V,,,0.38,Sh,2.0,812
4421,2021,784,1.24,Sh,5,5,M,0.0,0.0,4.01,Sh,5.0,812
4422,2021,785,7.19,Me,3,1,V,,,,,,812
4423,2021,785,7.19,Me,3,1,M,0.0,0.0,0.4,Sh,3.0,812
4424,2021,785,7.19,Me,3,2,B,,,,,,812
4425,2021,785,7.19,Me,3,3,B,,,,,,812
4426,2021,786,7.64,Me,7,1,V,,,4.6,Sh,3.0,812
4427,2021,786,7.64,Me,7,2,V,,,1.69,Sh,4.0,812
4428,2021,786,7.64,Me,7,2,V,,,1.64,Sh,4.0,812
4429,2021,786,7.64,Me,7,3,S,0.0,0.0,,,,812
4430,2021,786,7.64,Me,7,4,B,,,,,,812
4431,2021,786,7.64,Me,7,5,V,,,6.52,Me,4.0,812
4432,2021,786,7.64,Me,7,5,M,0.0,0.0,4.21,Sh,4.0,812
4433,2021,786,7.64,Me,7,6,M,1.0,1.0,2.21,Sh,5.0,812
4434,2021,786,7.64,Me,7,7,M,0.0,0.0,5.37,Me,2.0,812
4435,2021,786,7.64,Me,7,7,V,,,8.61,Me,5.0,812
4436,2021,786,7.64,Me,7,7,M,0.0,0.0,3.32,Sh,1.0,812
4437,2021,787,8.36,Me,5,1,B,,,,,,812
4438,2021,787,8.36,Me,5,2,B,,,,,,812
4439,2021,787,8.36,Me,5,3,S,0.0,0.0,,,,812
4440,2021,787,8.36,Me,5,4,V,,,6.02,Me,6.0,812
4441,2021,787,8.36,Me,5,5,V,,,3.81,Sh,5.0,812
4442,2021,787,8.36,Me,5,5,M,1.0,3.0,7.96,Me,7.0,812
4443,2021,788,10.52,Me,8,1,V,,,4.52,Sh,3.0,812
4444,2021,788,10.52,Me,8,2,V,,,5.66,Me,3.0,812
4445,2021,788,10.52,Me,8,3,S,0.0,0.0,,,,812
4446,2021,788,10.52,Me,8,4,M,,,,,,812
4447,2021,788,10.52,Me,8,5,M,,,,,,812
4448,2021,788,10.52,Me,8,6,V,,,9.77,Me,9.0,812
4449,2021,788,10.52,Me,8,7,M,0.0,0.0,5.18,Me,5.0,812
4450,2021,788,10.52,Me,8,7,M,0.0,0.0,7.41,Me,7.0,812
4451,2021,788,10.52,Me,8,8,M,0.0,0.0,4.72,Sh,7.0,812
4452,2021,789,4.72,Sh,2,1,B,,,,,,812
4453,2021,789,4.72,Sh,2,2,S,0.0,0.0,,,,812
4454,2021,790,2.32,Sh,6,1,V,,,,,,812
4455,2021,790,2.32,Sh,6,2,B,,,,,,812
4456,2021,790,2.32,Sh,6,3,S,0.0,0.0,,,,812
4457,2021,790,2.32,Sh,6,4,S,0.0,0.0,,,,812
4458,2021,790,2.32,Sh,6,5,M,0.0,0.0,3.4,Sh,6.0,812
4459,2021,790,2.32,Sh,6,6,B,,,,,,812
4460,2021,791,6.99,Me,6,1,S,0.0,0.0,,,,812
4461,2021,791,6.99,Me,6,2,V,,,,,,812
4462,2021,791,6.99,Me,6,2,M,1.0,1.0,1.48,Sh,5.0,812
4463,2021,791,6.99,Me,6,2,V,,,0.67,Sh,3.0,812
4464,2021,791,6.99,Me,6,3,B,,,,,,812
4465,2021,791,6.99,Me,6,4,M,0.0,0.0,2.09,Sh,5.0,812
4466,2021,791,6.99,Me,6,4,V,,,3.03,Sh,7.0,812
4467,2021,791,6.99,Me,6,5,V,,,5.55,Me,7.0,812
4468,2021,791,6.99,Me,6,6,V,,,6.27,Me,5.0,812
4469,2021,792,0.1,Sh,4,1,B,,,,,,812
4470,2021,792,0.1,Sh,4,2,M,0.0,0.0,5.31,Me,5.0,812
4471,2021,792,0.1,Sh,4,3,V,,,3.02,Sh,3.0,812
4472,2021,792,0.1,Sh,4,3,V,,,2.58,Sh,6.0,812
4473,2021,792,0.1,Sh,4,4,V,,,3.68,Sh,5.0,812
4474,2021,793,0.25,Sh,1,1,B,,,,,,812
4475,2021,794,0.49,Sh,8,1,B,,,,,,812
4476,2021,794,0.49,Sh,8,2,V,,,0.45,Sh,2.0,812
4477,2021,794,0.49,Sh,8,2,V,,,0.09,Sh,1.0,812
4478,2021,794,0.49,Sh,8,3,S,0.0,0.0,,,,812
4479,2021,794,0.49,Sh,8,4,M,0.0,0.0,2.72,Sh,2.0,812
4480,2021,794,0.49,Sh,8,4,M,0.0,0.0,3.25,Sh,6.0,812
4481,2021,794,0.49,Sh,8,4,M,0.0,0.0,4.79,Sh,4.0,812
4482,2021,794,0.49,Sh,8,5,V,,,2.85,Sh,5.0,812
4483,2021,794,0.49,Sh,8,6,B,,,,,,812
4484,2021,794,0.49,Sh,8,7,M,,,,,,812
4485,2021,794,0.49,Sh,8,7,M,0.0,0.0,1.31,Sh,1.0,812
4486,2021,794,0.49,Sh,8,8,M,0.0,0.0,6.5,Me,5.0,812
4487,2021,794,0.49,Sh,8,8,M,0.0,0.0,6.31,Me,4.0,812
4488,2021,795,2.14,Sh,2,1,V,,,,,,812
4489,2021,795,2.14,Sh,2,2,M,1.0,4.0,0.14,Sh,2.0,812
4490,2021,796,1.71,Sh,4,1,V,,,4.5,Sh,4.0,812
4491,2021,796,1.71,Sh,4,2,S,0.0,0.0,,,,812
4492,2021,796,1.71,Sh,4,3,B,,,,,,812
4493,2021,796,1.71,Sh,4,4,V,,,2.41,Sh,3.0,812
4494,2021,796,1.71,Sh,4,4,V,,,4.47,Sh,6.0,812
4495,2021,796,1.71,Sh,4,4,M,,,,,,812
4496,2021,797,2.57,Sh,1,1,B,,,,,,812
4497,2021,798,5.06,Me,6,1,B,,,,,,812
4498,2021,798,5.06,Me,6,2,V,,,3.18,Sh,6.0,812
4499,2021,798,5.06,Me,6,3,S,0.0,0.0,,,,812
4500,2021,798,5.06,Me,6,4,V,,,1.87,Sh,1.0,812
4501,2021,798,5.06,Me,6,5,M,0.0,0.0,1.7,Sh,4.0,812
4502,2021,798,5.06,Me,6,6,S,0.0,0.0,,,,812
4503,2021,799,6.79,Me,5,1,M,1.0,1.0,0.06,Sh,1.0,812
4504,2021,799,6.79,Me,5,2,V,,,,,,812
4505,2021,799,6.79,Me,5,3,S,0.0,0.0,,,,812
4506,2021,799,6.79,Me,5,4,S,0.0,0.0,,,,812
4507,2021,799,6.79,Me,5,5,M,0.0,0.0,8.22,Me,7.0,812
4508,2021,799,6.79,Me,5,5,V,,,1.92,Sh,2.0,812
4509,2021,800,8.31,Me,7,1,V,,,,,,812
4510,2021,800,8.31,Me,7,2,V,,,1.99,Sh,5.0,812
4511,2021,800,8.31,Me,7,3,B,,,,,,812
4512,2021,800,8.31,Me,7,4,B,,,,,,812
4513,2021,800,8.31,Me,7,5,S,0.0,0.0,,,,812
4514,2021,800,8.31,Me,7,6,M,1.0,4.0,2.55,Sh,2.0,812
4515,2021,800,8.31,Me,7,6,M,0.0,0.0,3.94,Sh,3.0,812
4516,2021,800,8.31,Me,7,6,M,1.0,1.0,4.1,Sh,2.0,812
4517,2021,800,8.31,Me,7,7,S,0.0,0.0,,,,812
4518,2021,801,0.11,Sh,2,1,V,,,,,,812
4519,2021,801,0.11,Sh,2,2,M,1.0,2.0,5.69,Me,6.0,812
4520,2021,802,2.16,Sh,5,1,B,,,,,,812
4521,2021,802,2.16,Sh,5,2,B,,,,,,812
4522,2021,802,2.16,Sh,5,3,B,,,,,,812
4523,2021,802,2.16,Sh,5,4,V,,,6.17,Me,3.0,812
4524,2021,802,2.16,Sh,5,5,M,1.0,4.0,2.9,Sh,2.0,812
4525,2021,804,0.64,Sh,2,1,S,0.0,0.0,,,,812
4526,2021,804,0.64,Sh,2,2,M,1.0,2.0,4.22,Sh,4.0,812
4527,2021,806,0.13,Sh,2,1,M,,,,,,812
4528,2021,806,0.13,Sh,2,2,S,0.0,0.0,,,,812
4529,2021,809,7.65,Me,4,1,S,0.0,0.0,,,,812
4530,2021,809,7.65,Me,4,2,B,,,,,,812
4531,2021,809,7.65,Me,4,3,B,,,,,,812
4532,2021,809,7.65,Me,4,4,M,0.0,0.0,3.92,Sh,8.0,812
4533,2021,810,1.02,Sh,2,1,B,,,,,,812
4534,2021,810,1.02,Sh,2,2,V,,,4.73,Sh,7.0,812
4535,2021,811,2.94,Sh,4,1,V,,,2.18,Sh,3.0,812
4536,2021,811,2.94,Sh,4,2,V,,,4.07,Sh,5.0,812
4537,2021,811,2.94,Sh,4,3,M,0.0,0.0,4.76,Sh,4.0,812
4538,2021,811,2.94,Sh,4,3,V,,,,,,812
4539,2021,811,2.94,Sh,4,4,M,0.0,0.0,4.93,Sh,6.0,812
4540,2021,812,4.4,Sh,2,1,B,,,,,,812
4541,2021,812,4.4,Sh,2,2,B,,,,,,812
4542,2021,813,1.19,Sh,3,1,M,1.0,4.0,3.83,Sh,5.0,812
4543,2021,813,1.19,Sh,3,2,B,,,,,,812
4544,2021,813,1.19,Sh,3,3,M,0.0,0.0,4.24,Sh,5.0,812
4545,2021,814,5.81,Me,6,1,S,0.0,0.0,,,,812
4546,2021,814,5.81,Me,6,2,S,0.0,0.0,,,,812
4547,2021,814,5.81,Me,6,3,S,0.0,0.0,,,,812
4548,2021,814,5.81,Me,6,4,V,,,3.21,Sh,3.0,812
4549,2021,814,5.81,Me,6,5,M,0.0,0.0,4.86,Sh,2.0,812
4550,2021,814,5.81,Me,6,6,M,0.0,0.0,8.34,Me,8.0,812
4551,2021,814,5.81,Me,6,6,M,0.0,0.0,5.39,Me,5.0,812
4552,2021,816,5.67,Me,3,1,V,,,1.44,Sh,2.0,812
4553,2021,816,5.67,Me,3,2,S,0.0,0.0,,,,812
4554,2021,816,5.67,Me,3,3,V,,,4.71,Sh,1.0,812
4555,2021,817,0.19,Sh,1,1,V,,,4.5,Sh,2.0,812
4556,2021,817,0.19,Sh,1,1,M,0.0,0.0,1.87,Sh,3.0,812
4557,2021,818,5.42,Me,4,1,V,,,2.52,Sh,3.0,812
4558,2021,818,5.42,Me,4,1,V,,,,,,812
4559,2021,818,5.42,Me,4,2,S,0.0,0.0,,,,812
4560,2021,818,5.42,Me,4,3,V,,,1.8,Sh,1.0,812
4561,2021,818,5.42,Me,4,4,B,,,,,,812
4562,2021,819,0.56,Sh,1,1,V,,,0.93,Sh,4.0,812
4563,2021,819,0.56,Sh,1,1,V,,,5.37,Me,4.0,812
4564,2021,822,3.02,Sh,2,1,V,,,0.41,Sh,2.0,812
4565,2021,822,3.02,Sh,2,1,V,,,,,,812
4566,2021,822,3.02,Sh,2,1,V,,,4.13,Sh,2.0,812
4567,2021,822,3.02,Sh,2,2,V,,,8.71,Me,9.0,812
4568,2021,823,1.3,Sh,3,1,M,0.0,0.0,2.41,Sh,3.0,812
4569,2021,823,1.3,Sh,3,1,V,,,,,,812
4570,2021,823,1.3,Sh,3,2,B,,,,,,812
4571,2021,823,1.3,Sh,3,3,V,,,1.8,Sh,2.0,812
4572,2021,824,1.62,Sh,2,1,B,,,,,,812
4573,2021,824,1.62,Sh,2,2,V,,,3.24,Sh,4.0,812
4574,2021,824,1.82,Sh,2,1,B,,,,,,812
4575,2021,824,1.82,Sh,2,2,B,,,,,,812
4576,2021,825,1.63,Sh,1,1,M,1.0,3.0,2.28,Sh,2.0,812
4577,2021,825,1.85,Sh,2,1,V,,,4.88,Sh,6.0,812
4578,2021,825,1.85,Sh,2,2,S,0.0,0.0,,,,812
4579,2021,828,2.12,Sh,4,1,V,,,2.88,Sh,2.0,812
4580,2021,828,2.12,Sh,4,1,V,,,,,,812
4581,2021,828,2.12,Sh,4,1,V,,,2.55,Sh,2.0,812
4582,2021,828,2.12,Sh,4,2,B,,,,,,812
4583,2021,828,2.12,Sh,4,3,V,,,0.64,Sh,1.0,812
4584,2021,828,2.12,Sh,4,3,M,,,,,,812
4585,2021,828,2.12,Sh,4,4,M,0.0,0.0,4.76,Sh,5.0,812
4586,2021,830,2.75,Sh,4,1,B,,,,,,812
4587,2021,830,2.75,Sh,4,2,B,,,,,,812
4588,2021,830,2.75,Sh,4,3,M,0.0,0.0,4.92,Sh,6.0,812
4589,2021,830,2.75,Sh,4,4,V,,,2.69,Sh,2.0,812
4590,2021,831,0.99,Sh,1,1,S,0.0,0.0,,,,812
4591,2021,832,3.47,Sh,6,1,B,,,,,,812
4592,2021,832,3.47,Sh,6,2,V,,,,,,812
4593,2021,832,3.47,Sh,6,3,S,0.0,0.0,,,,812
4594,2021,832,3.47,Sh,6,4,V,,,3.14,Sh,2.0,812
4595,2021,832,3.47,Sh,6,5,V,,,4.05,Sh,4.0,812
4596,2021,832,3.47,Sh,6,6,M,0.0,0.0,6.7,Me,5.0,812
4597,2021,832,3.47,Sh,6,6,M,0.0,0.0,4.06,Sh,4.0,812
4598,2021,833,9.73,Me,7,1,V,,,,,,812
4599,2021,833,9.73,Me,7,2,V,,,4.5,Sh,3.0,812
4600,2021,833,9.73,Me,7,3,V,,,4.3,Sh,6.0,812
4601,2021,833,9.73,Me,7,4,S,0.0,0.0,,,,812
4602,2021,833,9.73,Me,7,5,M,1.0,3.0,3.8,Sh,5.0,812
4603,2021,833,9.73,Me,7,6,M,0.0,0.0,3.17,Sh,4.0,812
4604,2021,833,9.73,Me,7,7,M,1.0,5.0,6.02,Me,8.0,812
4605,2021,834,7.01,Me,5,1,B,,,,,,812
4606,2021,834,7.01,Me,5,2,B,,,,,,812
4607,2021,834,7.01,Me,5,3,B,,,,,,812
4608,2021,834,7.01,Me,5,4,S,0.0,0.0,,,,812
4609,2021,834,7.01,Me,5,5,M,0.0,0.0,2.98,Sh,4.0,812
4610,2021,835,4.1,Sh,7,1,B,,,,,,812
4611,2021,835,4.1,Sh,7,2,M,0.0,0.0,3.41,Sh,7.0,812
4612,2021,835,4.1,Sh,7,3,S,0.0,0.0,,,,812
4613,2021,835,4.1,Sh,7,4,V,,,4.01,Sh,1.0,812
4614,2021,835,4.1,Sh,7,4,M,0.0,0.0,1.08,Sh,2.0,812
4615,2021,835,4.1,Sh,7,5,M,0.0,0.0,1.38,Sh,2.0,812
4616,2021,835,4.1,Sh,7,5,V,,,4.02,Sh,2.0,812
4617,2021,835,4.1,Sh,7,6,V,,,4.45,Sh,3.0,812
4618,2021,835,4.1,Sh,7,7,S,0.0,0.0,,,,812
4619,2021,836,7.77,Me,6,1,B,,,,,,812
4620,2021,836,7.77,Me,6,2,S,0.0,0.0,,,,812
4621,2021,836,7.77,Me,6,3,S,0.0,0.0,,,,812
4622,2021,836,7.77,Me,6,4,S,0.0,0.0,,,,812
4623,2021,836,7.77,Me,6,5,V,,,2.67,Sh,2.0,812
4624,2021,836,7.77,Me,6,6,M,0.0,0.0,7.86,Me,4.0,812
4625,2021,837,5.11,Me,2,1,S,0.0,0.0,,,,812
4626,2021,837,5.11,Me,2,2,M,1.0,2.0,6.56,Me,3.0,812
4627,2021,838,3.16,Sh,2,1,V,,,,,,812
4628,2021,838,3.16,Sh,2,2,S,0.0,0.0,,,,812
4629,2021,839,2.26,Sh,3,1,M,1.0,1.0,4.67,Sh,3.0,812
4630,2021,839,2.26,Sh,3,2,S,0.0,0.0,,,,812
4631,2021,839,2.26,Sh,3,3,V,,,3.03,Sh,6.0,812
4632,2021,840,3.31,Sh,7,1,B,,,,,,812
4633,2021,840,3.31,Sh,7,2,M,0.0,0.0,3.44,Sh,4.0,812
4634,2021,840,3.31,Sh,7,2,M,,,,,,812
4635,2021,840,3.31,Sh,7,3,V,,,2.86,Sh,5.0,812
4636,2021,840,3.31,Sh,7,4,M,1.0,1.0,0.67,Sh,2.0,812
4637,2021,840,3.31,Sh,7,5,M,1.0,1.0,0.01,Sh,2.0,812
4638,2021,840,3.31,Sh,7,6,M,0.0,0.0,6.75,Me,5.0,812
4639,2021,840,3.31,Sh,7,6,M,0.0,0.0,4.93,Sh,2.0,812
4640,2021,840,3.31,Sh,7,7,M,1.0,1.0,2.03,Sh,5.0,812
4641,2021,841,1.78,Sh,1,1,S,0.0,0.0,,,,812
4642,2021,843,1.07,Sh,5,1,V,,,,,,812
4643,2021,843,1.07,Sh,5,2,M,1.0,2.0,2.26,Sh,2.0,812
4644,2021,843,1.07,Sh,5,3,B,,,,,,812
4645,2021,843,1.07,Sh,5,4,M,0.0,0.0,0.58,Sh,1.0,812
4646,2021,843,1.07,Sh,5,5,M,0.0,0.0,7.1,Me,6.0,812
4647,2021,843,1.07,Sh,5,5,M,0.0,0.0,3.64,Sh,4.0,812
4648,2021,843,2.33,Sh,5,1,B,,,,,,812
4649,2021,843,2.33,Sh,5,2,B,,,,,,812
4650,2021,843,2.33,Sh,5,3,V,,,3.49,Sh,3.0,812
4651,2021,843,2.33,Sh,5,4,M,0.0,0.0,1.9,Sh,3.0,812
4652,2021,843,2.33,Sh,5,5,V,,,0.17,Sh,3.0,812
4653,2021,844,5.3,Me,6,1,B,,,,,,812
4654,2021,844,5.3,Me,6,2,V,,,,,,812
4655,2021,844,5.3,Me,6,3,S,0.0,0.0,,,,812
4656,2021,844,5.3,Me,6,4,M,0.0,0.0,7.02,Me,10.0,812
4657,2021,844,5.3,Me,6,4,V,,,0.69,Sh,2.0,812
4658,2021,844,5.3,Me,6,4,V,,,1.84,Sh,4.0,812
4659,2021,844,5.3,Me,6,5,M,0.0,0.0,3.24,Sh,3.0,812
4660,2021,844,5.3,Me,6,6,V,,,4.5,Sh,4.0,812
4661,2021,845,4.31,Sh,3,1,S,0.0,0.0,,,,812
4662,2021,845,4.31,Sh,3,2,V,,,2.55,Sh,2.0,812
4663,2021,845,4.31,Sh,3,2,M,0.0,0.0,6.49,Me,2.0,812
4664,2021,845,4.31,Sh,3,3,S,0.0,0.0,,,,812
4665,2021,846,0.22,Sh,2,1,B,,,,,,812
4666,2021,846,0.22,Sh,2,2,M,1.0,3.0,3.45,Sh,4.0,812
4667,2021,848,4.83,Sh,5,1,B,,,,,,812
4668,2021,848,4.83,Sh,5,2,V,,,0.51,Sh,1.0,812
4669,2021,848,4.83,Sh,5,3,S,0.0,0.0,,,,812
4670,2021,848,4.83,Sh,5,4,V,,,3.54,Sh,3.0,812
4671,2021,848,4.83,Sh,5,4,V,,,3.28,Sh,6.0,812
4672,2021,848,4.83,Sh,5,5,S,0.0,0.0,,,,812
4673,2021,849,8.52,Me,5,1,B,,,,,,812
4674,2021,849,8.52,Me,5,2,S,0.0,0.0,,,,812
4675,2021,849,8.52,Me,5,3,V,,,3.06,Sh,2.0,812
4676,2021,849,8.52,Me,5,4,M,0.0,0.0,4.86,Sh,6.0,812
4677,2021,849,8.52,Me,5,5,V,,,4.25,Sh,2.0,812
4678,2021,849,8.52,Me,5,5,M,1.0,1.0,3.69,Sh,4.0,812
4679,2021,850,0.56,Sh,2,1,M,0.0,0.0,1.52,Sh,2.0,812
4680,2021,850,0.56,Sh,2,2,S,0.0,0.0,,,,812
4681,2021,852,2.45,Sh,3,1,M,,,,,,812
4682,2021,852,2.45,Sh,3,1,V,,,0.7,Sh,4.0,812
4683,2021,852,2.45,Sh,3,2,M,1.0,2.0,1.21,Sh,1.0,812
4684,2021,852,2.45,Sh,3,2,V,,,1.37,Sh,1.0,812
4685,2021,852,2.45,Sh,3,3,M,0.0,0.0,4.94,Sh,2.0,812
4686,2021,852,2.45,Sh,3,3,M,0.0,0.0,0.39,Sh,1.0,812
4687,2021,852,2.45,Sh,3,3,V,,,,,,812
4688,2021,852,2.45,Sh,3,3,V,,,2.33,Sh,3.0,812
4689,2021,854,9.0,Me,7,1,V,,,,,,812
4690,2021,854,9.0,Me,7,2,V,,,6.26,Me,3.0,812
4691,2021,854,9.0,Me,7,2,V,,,2.39,Sh,4.0,812
4692,2021,854,9.0,Me,7,3,V,,,1.11,Sh,2.0,812
4693,2021,854,9.0,Me,7,3,V,,,4.69,Sh,3.0,812
4694,2021,854,9.0,Me,7,4,V,,,,,,812
4695,2021,854,9.0,Me,7,4,V,,,4.59,Sh,4.0,812
4696,2021,854,9.0,Me,7,4,V,,,1.02,Sh,2.0,812
4697,2021,854,9.0,Me,7,4,V,,,3.05,Sh,3.0,812
4698,2021,854,9.0,Me,7,5,V,,,4.6,Sh,5.0,812
4699,2021,854,9.0,Me,7,5,V,,,4.56,Sh,5.0,812
4700,2021,854,9.0,Me,7,6,B,,,,,,812
4701,2021,854,9.0,Me,7,7,V,,,4.34,Sh,1.0,812
4702,2021,856,6.36,Me,7,1,V,,,2.4,Sh,5.0,812
4703,2021,856,6.36,Me,7,2,B,,,,,,812
4704,2021,856,6.36,Me,7,3,S,0.0,0.0,,,,812
4705,2021,856,6.36,Me,7,4,B,,,,,,812
4706,2021,856,6.36,Me,7,5,S,0.0,0.0,,,,812
4707,2021,856,6.36,Me,7,6,B,,,,,,812
4708,2021,856,6.36,Me,7,7,V,,,7.63,Me,6.0,812
4709,2021,857,2.67,Sh,1,1,B,,,,,,812
4710,2021,858,3.58,Sh,5,1,B,,,,,,812
4711,2021,858,3.58,Sh,5,2,M,1.0,2.0,3.26,Sh,1.0,812
4712,2021,858,3.58,Sh,5,3,B,,,,,,812
4713,2021,858,3.58,Sh,5,4,M,0.0,0.0,1.06,Sh,2.0,812
4714,2021,858,3.58,Sh,5,5,M,0.0,0.0,2.85,Sh,4.0,812
4715,2021,859,4.29,Sh,4,1,M,0.0,0.0,3.36,Sh,2.0,812
4716,2021,859,4.29,Sh,4,2,S,0.0,0.0,,,,812
4717,2021,859,4.29,Sh,4,3,M,0.0,0.0,4.03,Sh,3.0,812
4718,2021,859,4.29,Sh,4,3,V,,,1.27,Sh,1.0,812
4719,2021,859,4.29,Sh,4,4,M,0.0,0.0,0.36,Sh,1.0,812
4720,2021,859,4.29,Sh,4,4,M,0.0,0.0,4.96,Sh,4.0,812
4721,2021,859,4.29,Sh,4,4,V,,,2.43,Sh,2.0,812
4722,2021,859,4.29,Sh,4,4,M,0.0,0.0,5.87,Me,2.0,812
4723,2021,861,1.93,Sh,2,1,B,,,,,,812
4724,2021,861,1.93,Sh,2,2,V,,,0.19,Sh,3.0,812
4725,2021,861,1.93,Sh,2,2,V,,,3.87,Sh,3.0,812
4726,2021,861,1.93,Sh,2,2,V,,,3.74,Sh,2.0,812
4727,2021,861,1.93,Sh,2,2,M,1.0,2.0,0.83,Sh,3.0,812
4728,2021,862,2.6,Sh,2,1,B,,,,,,812
4729,2021,862,2.6,Sh,2,2,V,,,10.75,Me,11.0,812
4730,2021,862,2.6,Sh,2,2,M,,,,,,812
4731,2021,866,1.25,Sh,3,1,M,,,,,,812
4732,2021,866,1.25,Sh,3,1,M,0.0,0.0,1.16,Sh,3.0,812
4733,2021,866,1.25,Sh,3,2,B,,,,,,812
4734,2021,866,1.25,Sh,3,3,M,0.0,0.0,2.31,Sh,3.0,812
4735,2021,867,2.28,Sh,2,1,M,1.0,4.0,0.31,Sh,1.0,812
4736,2021,867,2.28,Sh,2,2,V,,,4.95,Sh,4.0,812
4737,2021,868,7.63,Me,6,1,V,,,4.17,Sh,3.0,812
4738,2021,868,7.63,Me,6,2,B,,,,,,812
4739,2021,868,7.63,Me,6,3,V,,,1.64,Sh,1.0,812
4740,2021,868,7.63,Me,6,4,S,0.0,0.0,,,,812
4741,2021,868,7.63,Me,6,5,V,,,4.74,Sh,5.0,812
4742,2021,868,7.63,Me,6,6,M,0.0,0.0,6.03,Me,4.0,812
4743,2021,869,2.91,Sh,3,1,M,,,,,,812
4744,2021,869,2.91,Sh,3,2,V,,,4.61,Sh,1.0,812
4745,2021,869,2.91,Sh,3,2,M,0.0,0.0,5.1,Me,6.0,812
4746,2021,869,2.91,Sh,3,3,V,,,5.66,Me,3.0,812
4747,2021,870,5.0,Sh,6,1,V,,,2.33,Sh,3.0,812
4748,2021,870,5.0,Sh,6,2,V,,,3.54,Sh,3.0,812
4749,2021,870,5.0,Sh,6,3,S,0.0,0.0,,,,812
4750,2021,870,5.0,Sh,6,4,V,,,,,,812
4751,2021,870,5.0,Sh,6,4,M,0.0,0.0,0.88,Sh,1.0,812
4752,2021,870,5.0,Sh,6,5,S,0.0,0.0,,,,812
4753,2021,870,5.0,Sh,6,6,M,0.0,0.0,5.13,Me,3.0,812
4754,2021,871,0.7,Sh,2,1,M,1.0,1.0,1.4,Sh,3.0,812
4755,2021,871,0.7,Sh,2,2,V,,,4.35,Sh,3.0,812
4756,2021,872,1.46,Sh,3,1,B,,,,,,812
4757,2021,872,1.46,Sh,3,2,B,,,,,,812
4758,2021,872,1.46,Sh,3,3,V,,,0.31,Sh,1.0,812
4759,2021,873,1.33,Sh,1,1,S,0.0,0.0,,,,812
4760,2021,875,4.78,Sh,4,1,B,,,,,,812
4761,2021,875,4.78,Sh,4,2,M,1.0,5.0,4.8,Sh,4.0,812
4762,2021,875,4.78,Sh,4,3,S,0.0,0.0,,,,812
4763,2021,875,4.78,Sh,4,4,B,,,,,,812
4764,2021,876,4.04,Sh,7,1,M,0.0,0.0,3.59,Sh,5.0,812
4765,2021,876,4.04,Sh,7,1,V,,,3.25,Sh,4.0,812
4766,2021,876,4.04,Sh,7,1,V,,,5.05,Me,6.0,812
4767,2021,876,4.04,Sh,7,2,B,,,,,,812
4768,2021,876,4.04,Sh,7,3,B,,,,,,812
4769,2021,876,4.04,Sh,7,4,B,,,,,,812
4770,2021,876,4.04,Sh,7,5,V,,,1.85,Sh,4.0,812
4771,2021,876,4.04,Sh,7,5,M,0.0,0.0,0.49,Sh,3.0,812
4772,2021,876,4.04,Sh,7,6,S,0.0,0.0,,,,812
4773,2021,876,4.04,Sh,7,7,M,0.0,0.0,4.82,Sh,9.0,812
4774,2021,877,3.78,Sh,6,1,B,,,,,,812
4775,2021,877,3.78,Sh,6,2,M,1.0,1.0,1.09,Sh,1.0,812
4776,2021,877,3.78,Sh,6,3,V,,,0.83,Sh,3.0,812
4777,2021,877,3.78,Sh,6,4,B,,,,,,812
4778,2021,877,3.78,Sh,6,5,V,,,3.82,Sh,4.0,812
4779,2021,877,3.78,Sh,6,6,V,,,4.47,Sh,5.0,812
4780,2021,877,3.78,Sh,6,6,M,1.0,4.0,3.96,Sh,7.0,812
4781,2021,879,2.44,Sh,2,1,V,,,2.02,Sh,2.0,812
4782,2021,879,2.44,Sh,2,2,V,,,4.37,Sh,3.0,812
4783,2021,881,0.55,Sh,1,1,M,1.0,4.0,0.17,Sh,1.0,812
4784,2021,883,4.41,Sh,2,1,S,0.0,0.0,,,,812
4785,2021,883,4.41,Sh,2,2,V,,,1.64,Sh,3.0,812
4786,2021,884,3.42,Sh,2,1,V,,,0.22,Sh,3.0,812
4787,2021,884,3.42,Sh,2,2,B,,,,,,812
4788,2021,886,8.18,Me,3,1,B,,,,,,812
4789,2021,886,8.18,Me,3,2,S,0.0,0.0,,,,812
4790,2021,886,8.18,Me,3,3,M,0.0,0.0,6.33,Me,6.0,812
4791,2021,886,8.18,Me,3,3,V,,,4.67,Sh,6.0,812
4792,2021,886,8.18,Me,3,3,V,,,7.5,Me,5.0,812
4793,2021,887,1.52,Sh,6,1,M,1.0,3.0,3.6,Sh,3.0,812
4794,2021,887,1.52,Sh,6,2,M,0.0,0.0,1.45,Sh,4.0,812
4795,2021,887,1.52,Sh,6,2,V,,,0.72,Sh,1.0,812
4796,2021,887,1.52,Sh,6,3,B,,,,,,812
4797,2021,887,1.52,Sh,6,4,S,0.0,0.0,,,,812
4798,2021,887,1.52,Sh,6,5,B,,,,,,812
4799,2021,887,1.52,Sh,6,6,M,0.0,0.0,2.56,Sh,3.0,812
4800,2021,888,1.97,Sh,6,1,S,0.0,0.0,,,,812
4801,2021,888,1.97,Sh,6,2,M,1.0,3.0,1.95,Sh,5.0,812
4802,2021,888,1.97,Sh,6,3,B,,,,,,812
4803,2021,888,1.97,Sh,6,4,S,0.0,0.0,,,,812
4804,2021,888,1.97,Sh,6,5,M,0.0,0.0,7.14,Me,4.0,812
4805,2021,888,1.97,Sh,6,6,M,0.0,0.0,5.53,Me,3.0,812
4806,2021,889,1.63,Sh,1,1,B,,,,,,812
4807,2021,890,2.61,Sh,1,1,B,,,,,,812
4808,2021,891,3.46,Sh,4,1,V,,,,,,812
4809,2021,891,3.46,Sh,4,2,B,,,,,,812
4810,2021,891,3.46,Sh,4,3,V,,,1.61,Sh,2.0,812
4811,2021,891,3.46,Sh,4,4,M,0.0,0.0,3.51,Sh,6.0,812
4812,2021,892,2.22,Sh,3,1,M,1.0,2.0,1.28,Sh,2.0,812
4813,2021,892,2.22,Sh,3,2,S,0.0,0.0,,,,812
4814,2021,892,2.22,Sh,3,3,S,0.0,0.0,,,,812
4815,2021,893,8.76,Me,7,1,M,0.0,0.0,0.32,Sh,1.0,812
4816,2021,893,8.76,Me,7,1,V,,,2.09,Sh,2.0,812
4817,2021,893,8.76,Me,7,2,V,,,0.87,Sh,2.0,812
4818,2021,893,8.76,Me,7,3,V,,,2.26,Sh,4.0,812
4819,2021,893,8.76,Me,7,4,M,,,,,,812
4820,2021,893,8.76,Me,7,5,S,0.0,0.0,,,,812
4821,2021,893,8.76,Me,7,6,M,0.0,0.0,3.91,Sh,3.0,812
4822,2021,893,8.76,Me,7,7,V,,,2.28,Sh,4.0,812
4823,2021,895,0.3,Sh,1,1,V,,,1.43,Sh,1.0,812
4824,2021,897,6.36,Me,5,1,B,,,,,,812
4825,2021,897,6.36,Me,5,2,V,,,5.02,Me,2.0,812
4826,2021,897,6.36,Me,5,2,V,,,,,,812
4827,2021,897,6.36,Me,5,2,M,0.0,0.0,2.25,Sh,1.0,812
4828,2021,897,6.36,Me,5,3,V,,,3.64,Sh,4.0,812
4829,2021,897,6.36,Me,5,4,M,,,,,,812
4830,2021,897,6.36,Me,5,5,V,,,3.05,Sh,5.0,812
4831,2021,899,6.56,Me,5,1,B,,,,,,812
4832,2021,899,6.56,Me,5,2,B,,,,,,812
4833,2021,899,6.56,Me,5,3,V,,,4.21,Sh,5.0,812
4834,2021,899,6.56,Me,5,4,M,1.0,2.0,7.12,Me,5.0,812
4835,2021,899,6.56,Me,5,5,M,0.0,0.0,6.15,Me,5.0,812
4836,2021,902,2.7,Sh,4,1,V,,,,,,812
4837,2021,902,2.7,Sh,4,2,B,,,,,,812
4838,2021,902,2.7,Sh,4,3,M,0.0,0.0,6.03,Me,6.0,812
4839,2021,902,2.7,Sh,4,4,V,,,0.03,Sh,1.0,812
4840,2021,902,2.7,Sh,4,4,V,,,4.23,Sh,3.0,812
4841,2021,902,2.7,Sh,4,4,M,0.0,0.0,4.54,Sh,3.0,812
4842,2021,904,6.56,Me,2,1,S,0.0,0.0,,,,812
4843,2021,904,6.56,Me,2,2,S,0.0,0.0,,,,812
4844,2021,905,6.04,Me,4,1,M,0.0,0.0,2.04,Sh,4.0,812
4845,2021,905,6.04,Me,4,2,S,0.0,0.0,,,,812
4846,2021,905,6.04,Me,4,3,V,,,9.29,Me,5.0,812
4847,2021,905,6.04,Me,4,4,B,,,,,,812
4848,2021,906,7.25,Me,7,1,V,,,0.82,Sh,3.0,812
4849,2021,906,7.25,Me,7,2,M,0.0,0.0,2.34,Sh,3.0,812
4850,2021,906,7.25,Me,7,2,V,,,4.05,Sh,3.0,812
4851,2021,906,7.25,Me,7,2,V,,,,,,812
4852,2021,906,7.25,Me,7,3,S,0.0,0.0,,,,812
4853,2021,906,7.25,Me,7,4,S,0.0,0.0,,,,812
4854,2021,906,7.25,Me,7,5,B,,,,,,812
4855,2021,906,7.25,Me,7,6,S,0.0,0.0,,,,812
4856,2021,906,7.25,Me,7,7,M,,,,,,812
4857,2021,907,0.27,Sh,2,1,V,,,0.64,Sh,1.0,812
4858,2021,907,0.27,Sh,2,2,B,,,,,,812
4859,2021,907,2.8,Sh,6,1,V,,,0.87,Sh,3.0,812
4860,2021,907,2.8,Sh,6,2,S,0.0,0.0,,,,812
4861,2021,907,2.8,Sh,6,3,V,,,,,,812
4862,2021,907,2.8,Sh,6,3,V,,,8.24,Me,3.0,812
4863,2021,907,2.8,Sh,6,4,S,0.0,0.0,,,,812
4864,2021,907,2.8,Sh,6,5,V,,,4.64,Sh,4.0,812
4865,2021,907,2.8,Sh,6,5,M,0.0,0.0,7.09,Me,5.0,812
4866,2021,907,2.8,Sh,6,5,M,0.0,0.0,0.81,Sh,1.0,812
4867,2021,907,2.8,Sh,6,6,M,1.0,3.0,4.9,Sh,7.0,812
4868,2021,909,1.17,Sh,3,1,V,,,2.23,Sh,5.0,812
4869,2021,909,1.17,Sh,3,2,B,,,,,,812
4870,2021,909,1.17,Sh,3,3,M,0.0,0.0,2.47,Sh,4.0,812
4871,2021,909,1.17,Sh,3,3,V,,,1.26,Sh,3.0,812
4872,2021,910,2.29,Sh,2,1,B,,,,,,812
4873,2021,910,2.29,Sh,2,2,B,,,,,,812
4874,2021,914,1.14,Sh,2,1,V,,,,,,812
4875,2021,914,1.14,Sh,2,2,M,,,,,,812
4876,2021,915,3.84,Sh,2,1,B,,,,,,812
4877,2021,915,3.84,Sh,2,2,V,,,0.68,Sh,6.0,812
4878,2021,916,7.03,Me,2,1,S,0.0,0.0,,,,812
4879,2021,916,7.03,Me,2,2,B,,,,,,812
4880,2021,917,4.41,Sh,4,1,M,0.0,0.0,3.45,Sh,3.0,812
4881,2021,917,4.41,Sh,4,1,M,,,,,,812
4882,2021,917,4.41,Sh,4,1,V,,,,,,812
4883,2021,917,4.41,Sh,4,1,V,,,4.22,Sh,3.0,812
4884,2021,917,4.41,Sh,4,1,V,,,0.83,Sh,1.0,812
4885,2021,917,4.41,Sh,4,2,V,,,,,,812
4886,2021,917,4.41,Sh,4,3,B,,,,,,812
4887,2021,917,4.41,Sh,4,4,M,0.0,0.0,1.82,Sh,4.0,812
4888,2021,918,6.42,Me,5,1,M,1.0,2.0,0.54,Sh,2.0,812
4889,2021,918,6.42,Me,5,2,M,,,,,,812
4890,2021,918,6.42,Me,5,3,B,,,,,,812
4891,2021,918,6.42,Me,5,4,M,0.0,0.0,6.36,Me,5.0,812
4892,2021,918,6.42,Me,5,4,M,0.0,0.0,7.6,Me,5.0,812
4893,2021,918,6.42,Me,5,5,M,0.0,0.0,3.56,Sh,3.0,812
4894,2021,919,2.06,Sh,3,1,V,,,,,,812
4895,2021,919,2.06,Sh,3,1,M,0.0,0.0,0.12,Sh,1.0,812
4896,2021,919,2.06,Sh,3,2,B,,,,,,812
4897,2021,919,2.06,Sh,3,3,M,1.0,3.0,1.18,Sh,2.0,812
4898,2021,920,6.98,Me,4,1,V,,,,,,812
4899,2021,920,6.98,Me,4,1,V,,,0.75,Sh,2.0,812
4900,2021,920,6.98,Me,4,2,V,,,4.77,Sh,5.0,812
4901,2021,920,6.98,Me,4,3,S,0.0,0.0,,,,812
4902,2021,920,6.98,Me,4,4,V,,,4.59,Sh,5.0,812
4903,2021,920,6.98,Me,4,4,V,,,2.82,Sh,3.0,812
4904,2021,920,6.98,Me,4,4,M,0.0,0.0,2.17,Sh,2.0,812
4905,2021,920,6.98,Me,4,4,V,,,4.31,Sh,3.0,812
4906,2021,920,6.98,Me,4,4,M,0.0,0.0,5.47,Me,4.0,812
4907,2021,920,6.98,Me,4,4,V,,,8.28,Me,9.0,812
4908,2021,921,3.78,Sh,3,1,B,,,,,,812
4909,2021,921,3.78,Sh,3,2,S,0.0,0.0,,,,812
4910,2021,921,3.78,Sh,3,3,B,,,,,,812
4911,2021,924,1.44,Sh,3,1,S,0.0,0.0,,,,812
4912,2021,924,1.44,Sh,3,2,B,,,,,,812
4913,2021,924,1.44,Sh,3,3,M,0.0,0.0,3.9,Sh,6.0,812
4914,2021,924,1.44,Sh,3,3,V,,,0.03,Sh,2.0,812
4915,2021,925,6.05,Me,2,1,V,,,,,,812
4916,2021,925,6.05,Me,2,1,M,0.0,0.0,1.59,Sh,3.0,812
4917,2021,925,6.05,Me,2,1,M,0.0,0.0,0.89,Sh,2.0,812
4918,2021,925,6.05,Me,2,2,V,,,1.49,Sh,2.0,812
4919,2021,926,4.56,Sh,5,1,V,,,,,,812
4920,2021,926,4.56,Sh,5,1,V,,,,,,812
4921,2021,926,4.56,Sh,5,2,M,1.0,2.0,2.15,Sh,2.0,812
4922,2021,926,4.56,Sh,5,3,V,,,2.89,Sh,3.0,812
4923,2021,926,4.56,Sh,5,4,M,0.0,0.0,0.79,Sh,2.0,812
4924,2021,926,4.56,Sh,5,5,M,1.0,4.0,1.82,Sh,1.0,812
4925,2021,929,2.93,Sh,4,1,S,0.0,0.0,,,,812
4926,2021,929,2.93,Sh,4,2,S,0.0,0.0,,,,812
4927,2021,929,2.93,Sh,4,3,M,,,,,,812
4928,2021,929,2.93,Sh,4,4,V,,,7.73,Me,1.0,812
4929,2021,930,1.4,Sh,5,1,B,,,,,,812
4930,2021,930,1.4,Sh,5,2,V,,,,,,812
4931,2021,930,1.4,Sh,5,3,S,0.0,0.0,,,,812
4932,2021,930,1.4,Sh,5,4,B,,,,,,812
4933,2021,930,1.4,Sh,5,5,S,0.0,0.0,,,,812
4934,2021,930,0.98,Sh,4,1,S,0.0,0.0,,,,812
4935,2021,930,0.98,Sh,4,2,S,0.0,0.0,,,,812
4936,2021,930,0.98,Sh,4,3,S,0.0,0.0,,,,812
4937,2021,930,0.98,Sh,4,4,M,0.0,0.0,8.07,Me,3.0,812
4938,2021,930,1.16,Sh,5,1,B,,,,,,812
4939,2021,930,1.16,Sh,5,2,V,,,1.14,Sh,4.0,812
4940,2021,930,1.16,Sh,5,3,B,,,,,,812
4941,2021,930,1.16,Sh,5,4,V,,,3.54,Sh,3.0,812
4942,2021,930,1.16,Sh,5,5,M,,,,,,812
4943,2021,930,1.16,Sh,5,5,M,0.0,0.0,4.23,Sh,3.0,812
4944,2021,930,1.16,Sh,5,5,M,0.0,0.0,4.46,Sh,7.0,812
4945,2021,931,2.01,Sh,3,1,V,,,2.37,Sh,6.0,812
4946,2021,931,2.01,Sh,3,2,S,0.0,0.0,,,,812
4947,2021,931,2.01,Sh,3,3,M,1.0,2.0,3.59,Sh,4.0,812
4948,2021,931,0.63,Sh,4,1,V,,,,,,812
4949,2021,931,0.63,Sh,4,2,V,,,4.1,Sh,4.0,812
4950,2021,931,0.63,Sh,4,2,V,,,3.01,Sh,5.0,812
4951,2021,931,0.63,Sh,4,3,M,1.0,5.0,3.63,Sh,3.0,812
4952,2021,931,0.63,Sh,4,4,S,0.0,0.0,,,,812
4953,2021,934,8.47,Me,9,1,B,,,,,,812
4954,2021,934,8.47,Me,9,2,V,,,2.19,Sh,4.0,812
4955,2021,934,8.47,Me,9,3,M,0.0,0.0,4.34,Sh,5.0,812
4956,2021,934,8.47,Me,9,3,V,,,4.44,Sh,4.0,812
4957,2021,934,8.47,Me,9,3,V,,,,,,812
4958,2021,934,8.47,Me,9,3,M,,,,,,812
4959,2021,934,8.47,Me,9,4,S,0.0,0.0,,,,812
4960,2021,934,8.47,Me,9,5,M,0.0,0.0,3.69,Sh,5.0,812
4961,2021,934,8.47,Me,9,6,S,0.0,0.0,,,,812
4962,2021,934,8.47,Me,9,7,M,0.0,0.0,2.8,Sh,4.0,812
4963,2021,934,8.47,Me,9,7,M,0.0,0.0,0.55,Sh,2.0,812
4964,2021,934,8.47,Me,9,8,M,0.0,0.0,1.86,Sh,7.0,812
4965,2021,934,8.47,Me,9,9,M,1.0,2.0,0.53,Sh,2.0,812
4966,2021,935,4.08,Sh,5,1,S,0.0,0.0,,,,812
4967,2021,935,4.08,Sh,5,2,S,0.0,0.0,,,,812
4968,2021,935,4.08,Sh,5,3,B,,,,,,812
4969,2021,935,4.08,Sh,5,4,B,,,,,,812
4970,2021,935,4.08,Sh,5,5,M,0.0,0.0,0.79,Sh,2.0,812
4971,2021,936,7.79,Me,7,1,V,,,,,,812
4972,2021,936,7.79,Me,7,1,V,,,5.29,Me,7.0,812
4973,2021,936,7.79,Me,7,1,V,,,,,,812
4974,2021,936,7.79,Me,7,1,V,,,,,,812
4975,2021,936,7.79,Me,7,2,V,,,0.78,Sh,1.0,812
4976,2021,936,7.79,Me,7,3,M,1.0,3.0,0.49,Sh,1.0,812
4977,2021,936,7.79,Me,7,4,S,0.0,0.0,,,,812
4978,2021,936,7.79,Me,7,5,S,0.0,0.0,,,,812
4979,2021,936,7.79,Me,7,6,M,0.0,0.0,5.06,Me,3.0,812
4980,2021,936,7.79,Me,7,7,B,,,,,,812
4981,2021,937,3.83,Sh,3,1,M,,,,,,812
4982,2021,937,3.83,Sh,3,2,B,,,,,,812
4983,2021,937,3.83,Sh,3,3,M,0.0,0.0,7.79,Me,5.0,812
4984,2021,938,2.98,Sh,4,1,V,,,,,,812
4985,2021,938,2.98,Sh,4,1,V,,,,,,812
4986,2021,938,2.98,Sh,4,2,S,0.0,0.0,,,,812
4987,2021,938,2.98,Sh,4,3,B,,,,,,812
4988,2021,938,2.98,Sh,4,4,M,,,,,,812
4989,2021,938,2.98,Sh,4,4,V,,,8.75,Me,7.0,812
4990,2021,939,2.38,Sh,1,1,S,0.0,0.0,,,,812
4991,2021,940,5.0,Sh,6,1,B,,,,,,812
4992,2021,940,5.0,Sh,6,2,S,0.0,0.0,,,,812
4993,2021,940,5.0,Sh,6,3,M,1.0,2.0,5.06,Me,5.0,812
4994,2021,940,5.0,Sh,6,4,S,0.0,0.0,,,,812
4995,2021,940,5.0,Sh,6,5,V,,,7.31,Me,9.0,812
4996,2021,940,5.0,Sh,6,5,M,0.0,0.0,6.18,Me,8.0,812
4997,2021,940,5.0,Sh,6,6,M,0.0,0.0,6.57,Me,5.0,812
4998,2021,941,7.0,Me,3,1,M,0.0,0.0,0.33,Sh,1.0,812
4999,2021,941,7.0,Me,3,1,V,,,2.52,Sh,2.0,812
5000,2021,941,7.0,Me,3,1,V,,,,,,812
5001,2021,941,7.0,Me,3,2,B,,,,,,812
5002,2021,941,7.0,Me,3,3,V,,,4.5,Sh,5.0,812
5003,2021,942,2.26,Sh,1,1,S,0.0,0.0,,,,812
5004,2021,945,5.04,Me,8,1,B,,,,,,812
5005,2021,945,5.04,Me,8,2,B,,,,,,812
5006,2021,945,5.04,Me,8,3,V,,,,,,812
5007,2021,945,5.04,Me,8,3,M,0.0,0.0,1.05,Sh,3.0,812
5008,2021,945,5.04,Me,8,4,S,0.0,0.0,,,,812
5009,2021,945,5.04,Me,8,5,V,,,4.45,Sh,3.0,812
5010,2021,945,5.04,Me,8,6,V,,,3.71,Sh,1.0,812
5011,2021,945,5.04,Me,8,6,M,0.0,0.0,2.97,Sh,2.0,812
5012,2021,945,5.04,Me,8,7,M,0.0,0.0,3.91,Sh,5.0,812
5013,2021,945,5.04,Me,8,7,V,,,5.66,Me,2.0,812
5014,2021,945,5.04,Me,8,7,V,,,2.39,Sh,3.0,812
5015,2021,945,5.04,Me,8,8,V,,,0.13,Sh,4.0,812
5016,2021,945,5.04,Me,8,8,M,0.0,0.0,0.15,Sh,1.0,812
5017,2021,946,3.52,Sh,3,1,B,,,,,,812
5018,2021,946,3.52,Sh,3,2,V,,,2.24,Sh,1.0,812
5019,2021,946,3.52,Sh,3,2,V,,,7.14,Me,7.0,812
5020,2021,946,3.52,Sh,3,2,M,0.0,0.0,4.81,Sh,2.0,812
5021,2021,946,3.52,Sh,3,2,V,,,1.9,Sh,2.0,812
5022,2021,946,3.52,Sh,3,3,V,,,,,,812
5023,2021,947,2.96,Sh,3,1,V,,,,,,812
5024,2021,947,2.96,Sh,3,2,S,0.0,0.0,,,,812
5025,2021,947,2.96,Sh,3,3,B,,,,,,812
5026,2021,949,7.11,Me,6,1,V,,,0.86,Sh,4.0,812
5027,2021,949,7.11,Me,6,1,V,,,0.03,Sh,2.0,812
5028,2021,949,7.11,Me,6,2,M,1.0,1.0,4.36,Sh,7.0,812
5029,2021,949,7.11,Me,6,2,V,,,1.1,Sh,1.0,812
5030,2021,949,7.11,Me,6,3,S,0.0,0.0,,,,812
5031,2021,949,7.11,Me,6,4,S,0.0,0.0,,,,812
5032,2021,949,7.11,Me,6,5,V,,,6.32,Me,6.0,812
5033,2021,949,7.11,Me,6,5,M,0.0,0.0,5.17,Me,3.0,812
5034,2021,949,7.11,Me,6,5,V,,,7.68,Me,7.0,812
5035,2021,949,7.11,Me,6,6,V,,,8.77,Me,7.0,812
5036,2021,950,0.83,Sh,3,1,B,,,,,,812
5037,2021,950,0.83,Sh,3,2,S,0.0,0.0,,,,812
5038,2021,950,0.83,Sh,3,3,V,,,1.47,Sh,2.0,812
5039,2021,952,6.21,Me,6,1,V,,,,,,812
5040,2021,952,6.21,Me,6,2,B,,,,,,812
5041,2021,952,6.21,Me,6,3,B,,,,,,812
5042,2021,952,6.21,Me,6,4,S,0.0,0.0,,,,812
5043,2021,952,6.21,Me,6,5,M,0.0,0.0,7.22,Me,5.0,812
5044,2021,952,6.21,Me,6,5,V,,,6.16,Me,1.0,812
5045,2021,952,6.21,Me,6,5,M,0.0,0.0,5.55,Me,2.0,812
5046,2021,952,6.21,Me,6,5,M,0.0,0.0,3.4,Sh,5.0,812
5047,2021,952,6.21,Me,6,6,V,,,10.03,Me,4.0,812
5048,2021,956,1.35,Sh,2,1,S,0.0,0.0,,,,812
5049,2021,956,1.35,Sh,2,2,V,,,2.85,Sh,4.0,812
5050,2021,957,3.65,Sh,2,1,S,0.0,0.0,,,,812
5051,2021,957,3.65,Sh,2,2,V,,,1.32,Sh,3.0,812
5052,2021,958,4.82,Sh,4,1,M,0.0,0.0,2.28,Sh,5.0,812
5053,2021,958,4.82,Sh,4,1,M,0.0,0.0,1.22,Sh,1.0,812
5054,2021,958,4.82,Sh,4,2,S,0.0,0.0,,,,812
5055,2021,958,4.82,Sh,4,3,M,,,,,,812
5056,2021,958,4.82,Sh,4,4,B,,,,,,812
5057,2021,959,6.04,Me,5,1,S,0.0,0.0,,,,812
5058,2021,959,6.04,Me,5,2,V,,,,,,812
5059,2021,959,6.04,Me,5,3,S,0.0,0.0,,,,812
5060,2021,959,6.04,Me,5,4,S,0.0,0.0,,,,812
5061,2021,959,6.04,Me,5,5,M,0.0,0.0,3.34,Sh,2.0,812
5062,2021,960,0.86,Sh,2,1,B,,,,,,812
5063,2021,960,0.86,Sh,2,2,M,0.0,0.0,0.43,Sh,3.0,812
5064,2021,960,0.86,Sh,2,2,V,,,3.6,Sh,6.0,812
5065,2021,960,0.86,Sh,2,2,V,,,9.08,Me,12.0,812
5066,2021,962,2.33,Sh,7,1,V,,,0.74,Sh,3.0,812
5067,2021,962,2.33,Sh,7,1,M,0.0,0.0,1.0,Sh,2.0,812
5068,2021,962,2.33,Sh,7,2,M,,,,,,812
5069,2021,962,2.33,Sh,7,3,M,1.0,4.0,6.25,Me,8.0,812
5070,2021,962,2.33,Sh,7,4,B,,,,,,812
5071,2021,962,2.33,Sh,7,5,M,,,,,,812
5072,2021,962,2.33,Sh,7,6,M,0.0,0.0,1.69,Sh,2.0,812
5073,2021,962,2.33,Sh,7,6,M,0.0,0.0,2.71,Sh,2.0,812
5074,2021,962,2.33,Sh,7,7,S,0.0,0.0,,,,812
5075,2021,963,5.26,Me,6,1,M,0.0,0.0,0.66,Sh,2.0,812
5076,2021,963,5.26,Me,6,2,B,,,,,,812
5077,2021,963,5.26,Me,6,3,V,,,2.76,Sh,1.0,812
5078,2021,963,5.26,Me,6,4,V,,,1.63,Sh,1.0,812
5079,2021,963,5.26,Me,6,4,M,0.0,0.0,3.78,Sh,4.0,812
5080,2021,963,5.26,Me,6,5,S,0.0,0.0,,,,812
5081,2021,963,5.26,Me,6,6,V,,,2.1,Sh,1.0,812
5082,2021,964,2.82,Sh,3,1,V,,,5.99,Me,7.0,812
5083,2021,964,2.82,Sh,3,2,S,0.0,0.0,,,,812
5084,2021,964,2.82,Sh,3,3,S,0.0,0.0,,,,812
5085,2021,965,4.78,Sh,3,1,M,0.0,0.0,0.66,Sh,4.0,812
5086,2021,965,4.78,Sh,3,2,S,0.0,0.0,,,,812
5087,2021,965,4.78,Sh,3,3,V,,,5.55,Me,4.0,812
5088,2021,966,2.89,Sh,5,1,B,,,,,,812
5089,2021,966,2.89,Sh,5,2,B,,,,,,812
5090,2021,966,2.89,Sh,5,3,S,0.0,0.0,,,,812
5091,2021,966,2.89,Sh,5,4,M,0.0,0.0,2.63,Sh,3.0,812
5092,2021,966,2.89,Sh,5,4,M,,,,,,812
5093,2021,966,2.89,Sh,5,5,M,0.0,0.0,4.55,Sh,4.0,812
5094,2021,967,1.88,Sh,4,1,S,0.0,0.0,,,,812
5095,2021,967,1.88,Sh,4,2,B,,,,,,812
5096,2021,967,1.88,Sh,4,3,M,0.0,0.0,2.59,Sh,4.0,812
5097,2021,967,1.88,Sh,4,4,S,0.0,0.0,,,,812
5098,2021,969,1.26,Sh,1,1,B,,,,,,812
5099,2021,971,0.93,Sh,3,1,V,,,0.34,Sh,3.0,812
5100,2021,971,0.93,Sh,3,2,S,0.0,0.0,,,,812
5101,2021,971,0.93,Sh,3,3,V,,,4.78,Sh,4.0,812
5102,2021,972,3.83,Sh,3,1,V,,,1.12,Sh,3.0,812
5103,2021,972,3.83,Sh,3,1,M,0.0,0.0,0.58,Sh,2.0,812
5104,2021,972,3.83,Sh,3,2,S,0.0,0.0,,,,812
5105,2021,972,3.83,Sh,3,3,M,1.0,7.0,3.63,Sh,3.0,812
5106,2021,972,3.83,Sh,3,3,M,0.0,0.0,4.72,Sh,4.0,812
5107,2021,973,1.19,Sh,1,1,B,,,,,,812
5108,2021,974,2.26,Sh,3,1,M,1.0,2.0,0.19,Sh,3.0,812
5109,2021,974,2.26,Sh,3,2,B,,,,,,812
5110,2021,974,2.26,Sh,3,3,V,,,5.21,Me,4.0,812
5111,2021,975,1.2,Sh,4,1,M,0.0,0.0,5.16,Me,6.0,812
5112,2021,975,1.2,Sh,4,2,B,,,,,,812
5113,2021,975,1.2,Sh,4,3,M,1.0,1.0,1.04,Sh,4.0,812
5114,2021,975,1.2,Sh,4,4,S,0.0,0.0,,,,812
5115,2021,976,0.78,Sh,2,1,S,0.0,0.0,,,,812
5116,2021,976,0.78,Sh,2,2,V,,,5.04,Me,2.0,812
5117,2021,978,2.8,Sh,5,1,M,0.0,0.0,0.53,Sh,3.0,812
5118,2021,978,2.8,Sh,5,2,V,,,3.56,Sh,5.0,812
5119,2021,978,2.8,Sh,5,3,V,,,3.54,Sh,2.0,812
5120,2021,978,2.8,Sh,5,4,M,,,,,,812
5121,2021,978,2.8,Sh,5,4,V,,,0.56,Sh,2.0,812
5122,2021,978,2.8,Sh,5,4,V,,,0.57,Sh,2.0,812
5123,2021,978,2.8,Sh,5,5,V,,,2.17,Sh,3.0,812
5124,2021,978,2.8,Sh,5,5,V,,,1.56,Sh,1.0,812
5125,2021,978,2.8,Sh,5,5,M,0.0,0.0,5.82,Me,7.0,812
5126,2021,979,4.52,Sh,5,1,B,,,,,,812
5127,2021,979,4.52,Sh,5,2,B,,,,,,812
5128,2021,979,4.52,Sh,5,3,M,0.0,0.0,3.2,Sh,5.0,812
5129,2021,979,4.52,Sh,5,3,M,0.0,0.0,0.8,Sh,1.0,812
5130,2021,979,4.52,Sh,5,4,V,,,6.41,Me,4.0,812
5131,2021,979,4.52,Sh,5,5,M,0.0,0.0,1.54,Sh,2.0,812
5132,2021,979,4.52,Sh,5,5,M,0.0,0.0,4.58,Sh,7.0,812
5133,2021,980,5.16,Me,6,1,B,,,,,,812
5134,2021,980,5.16,Me,6,2,B,,,,,,812
5135,2021,980,5.16,Me,6,3,M,1.0,2.0,2.29,Sh,2.0,812
5136,2021,980,5.16,Me,6,4,S,0.0,0.0,,,,812
5137,2021,980,5.16,Me,6,5,M,1.0,1.0,0.64,Sh,3.0,812
5138,2021,980,5.16,Me,6,5,M,,,,,,812
5139,2021,980,5.16,Me,6,6,V,,,1.93,Sh,1.0,812
5140,2021,981,8.93,Me,7,1,B,,,,,,812
5141,2021,981,8.93,Me,7,2,V,,,1.74,Sh,4.0,812
5142,2021,981,8.93,Me,7,3,V,,,4.96,Sh,2.0,812
5143,2021,981,8.93,Me,7,4,S,0.0,0.0,,,,812
5144,2021,981,8.93,Me,7,5,S,0.0,0.0,,,,812
5145,2021,981,8.93,Me,7,6,M,1.0,2.0,6.78,Me,3.0,812
5146,2021,981,8.93,Me,7,6,V,,,3.52,Sh,5.0,812
5147,2021,981,8.93,Me,7,7,V,,,10.32,Me,7.0,812
5148,2021,981,8.93,Me,7,7,M,,,,,,812
5149,2021,982,4.78,Sh,7,1,V,,,,,,812
5150,2021,982,4.78,Sh,7,2,V,,,4.02,Sh,6.0,812
5151,2021,982,4.78,Sh,7,2,V,,,1.7,Sh,4.0,812
5152,2021,982,4.78,Sh,7,2,V,,,4.46,Sh,6.0,812
5153,2021,982,4.78,Sh,7,3,M,,,,,,812
5154,2021,982,4.78,Sh,7,4,M,0.0,0.0,2.65,Sh,2.0,812
5155,2021,982,4.78,Sh,7,5,M,0.0,0.0,3.23,Sh,3.0,812
5156,2021,982,4.78,Sh,7,6,V,,,5.05,Me,5.0,812
5157,2021,982,4.78,Sh,7,7,M,0.0,0.0,1.8,Sh,5.0,812
5158,2021,982,4.78,Sh,7,7,M,0.0,0.0,3.25,Sh,1.0,812
5159,2021,982,4.78,Sh,7,7,M,0.0,0.0,2.75,Sh,3.0,812
5160,2021,983,2.48,Sh,5,1,V,,,1.16,Sh,1.0,812
5161,2021,983,2.48,Sh,5,1,M,,,,,,812
5162,2021,983,2.48,Sh,5,2,V,,,5.54,Me,4.0,812
5163,2021,983,2.48,Sh,5,3,V,,,2.87,Sh,4.0,812
5164,2021,983,2.48,Sh,5,4,V,,,1.81,Sh,5.0,812
5165,2021,983,2.48,Sh,5,4,V,,,1.84,Sh,2.0,812
5166,2021,983,2.48,Sh,5,5,V,,,2.81,Sh,4.0,812
5167,2021,983,2.48,Sh,5,5,M,0.0,0.0,7.24,Me,6.0,812
5168,2021,983,2.48,Sh,5,5,V,,,4.34,Sh,3.0,812
5169,2021,984,2.45,Sh,2,1,V,,,3.63,Sh,3.0,812
5170,2021,984,2.45,Sh,2,1,M,1.0,3.0,3.02,Sh,3.0,812
5171,2021,984,2.45,Sh,2,1,V,,,0.61,Sh,2.0,812
5172,2021,984,2.45,Sh,2,2,M,0.0,0.0,6.98,Me,8.0,812
5173,2021,984,2.45,Sh,2,2,M,0.0,0.0,0.16,Sh,1.0,812
5174,2021,984,2.45,Sh,2,2,V,,,6.64,Me,5.0,812
5175,2021,988,5.89,Me,6,1,M,,,,,,812
5176,2021,988,5.89,Me,6,2,B,,,,,,812
5177,2021,988,5.89,Me,6,3,M,1.0,1.0,0.28,Sh,1.0,812
5178,2021,988,5.89,Me,6,4,S,0.0,0.0,,,,812
5179,2021,988,5.89,Me,6,5,M,1.0,6.0,5.66,Me,8.0,812
5180,2021,988,5.89,Me,6,6,B,,,,,,812
5181,2021,990,2.54,Sh,1,1,V,,,5.27,Me,6.0,812
5182,2021,990,1.58,Sh,4,1,B,,,,,,812
5183,2021,990,1.58,Sh,4,2,S,0.0,0.0,,,,812
5184,2021,990,1.58,Sh,4,3,B,,,,,,812
5185,2021,990,1.58,Sh,4,4,V,,,3.5,Sh,3.0,812
5186,2021,993,4.8,Sh,3,1,V,,,,,,812
5187,2021,993,4.8,Sh,3,1,V,,,1.66,Sh,2.0,812
5188,2021,993,4.8,Sh,3,1,M,0.0,0.0,0.84,Sh,3.0,812
5189,2021,993,4.8,Sh,3,1,V,,,0.23,Sh,1.0,812
5190,2021,993,4.8,Sh,3,1,V,,,,,,812
5191,2021,993,4.8,Sh,3,2,V,,,8.72,Me,8.0,812
5192,2021,993,4.8,Sh,3,3,S,0.0,0.0,,,,812
5193,2021,996,0.68,Sh,1,1,B,,,,,,812
5194,2021,997,1.13,Sh,5,1,B,,,,,,812
5195,2021,997,1.13,Sh,5,2,M,0.0,0.0,1.61,Sh,8.0,812
5196,2021,997,1.13,Sh,5,3,M,0.0,0.0,5.09,Me,3.0,812
5197,2021,997,1.13,Sh,5,4,M,1.0,1.0,2.87,Sh,4.0,812
5198,2021,997,1.13,Sh,5,4,V,,,0.04,Sh,1.0,812
5199,2021,997,1.13,Sh,5,4,M,0.0,0.0,8.06,Me,5.0,812
5200,2021,997,1.13,Sh,5,4,M,0.0,0.0,0.55,Sh,1.0,812
5201,2021,997,1.13,Sh,5,4,M,0.0,0.0,5.03,Me,5.0,812
5202,2021,997,1.13,Sh,5,5,M,0.0,0.0,1.68,Sh,5.0,812
5203,2021,999,6.09,Me,3,1,B,,,,,,812
5204,2021,999,6.09,Me,3,2,S,0.0,0.0,,,,812
5205,2021,999,6.09,Me,3,3,V,,,3.02,Sh,4.0,812
5206,2021,999,6.09,Me,3,3,V,,,2.51,Sh,2.0,812
5207,2021,999,6.09,Me,3,3,V,,,1.93,Sh,5.0,812
5208,2021,1000,1.49,Sh,4,1,B,,,,,,812
5209,2021,1000,1.49,Sh,4,2,V,,,0.32,Sh,1.0,812
5210,2021,1000,1.49,Sh,4,3,M,1.0,7.0,1.36,Sh,1.0,812
5211,2021,1000,1.49,Sh,4,4,V,,,5.93,Me,4.0,812
5212,2021,1000,1.49,Sh,4,4,V,,,0.25,Sh,1.0,812
5213,2021,1000,1.49,Sh,4,4,V,,,9.4,Me,3.0,812
5214,2021,1001,10.03,Me,6,1,V,,,,,,812
5215,2021,1001,10.03,Me,6,1,V,,,1.89,Sh,3.0,812
5216,2021,1001,10.03,Me,6,2,M,0.0,0.0,1.21,Sh,1.0,812
5217,2021,1001,10.03,Me,6,3,S,0.0,0.0,,,,812
5218,2021,1001,10.03,Me,6,4,M,0.0,0.0,7.67,Me,6.0,812
5219,2021,1001,10.03,Me,6,4,M,0.0,0.0,2.86,Sh,3.0,812
5220,2021,1001,10.03,Me,6,4,V,,,,,,812
5221,2021,1001,10.03,Me,6,5,V,,,,,,812
5222,2021,1001,10.03,Me,6,6,V,,,6.08,Me,5.0,812
5223,2021,1002,0.4,Sh,2,1,B,,,,,,812
5224,2021,1002,0.4,Sh,2,2,V,,,6.24,Me,4.0,812
5225,2021,1005,3.86,Sh,3,1,B,,,,,,812
5226,2021,1005,3.86,Sh,3,2,M,,,,,,812
5227,2021,1005,3.86,Sh,3,3,V,,,5.38,Me,6.0,812
5228,2021,1006,0.8,Sh,2,1,V,,,,,,812
5229,2021,1006,0.8,Sh,2,2,S,0.0,0.0,,,,812
5230,2021,1006,0.47,Sh,2,1,V,,,3.77,Sh,5.0,812
5231,2021,1006,0.47,Sh,2,2,B,,,,,,812
5232,2021,1007,0.56,Sh,1,1,B,,,,,,812
5233,2021,1008,10.57,Me,6,1,S,0.0,0.0,,,,812
5234,2021,1008,10.57,Me,6,2,B,,,,,,812
5235,2021,1008,10.57,Me,6,3,M,1.0,2.0,2.44,Sh,2.0,812
5236,2021,1008,10.57,Me,6,3,M,0.0,0.0,1.36,Sh,3.0,812
5237,2021,1008,10.57,Me,6,3,M,0.0,0.0,0.59,Sh,1.0,812
5238,2021,1008,10.57,Me,6,4,B,,,,,,812
5239,2021,1008,10.57,Me,6,5,M,0.0,0.0,0.58,Sh,1.0,812
5240,2021,1008,10.57,Me,6,6,M,0.0,0.0,1.51,Sh,4.0,812
5241,2021,1009,2.5,Sh,8,1,B,,,,,,812
5242,2021,1009,2.5,Sh,8,2,B,,,,,,812
5243,2021,1009,2.5,Sh,8,3,M,0.0,0.0,3.42,Sh,4.0,812
5244,2021,1009,2.5,Sh,8,3,V,,,4.03,Sh,6.0,812
5245,2021,1009,2.5,Sh,8,4,B,,,,,,812
5246,2021,1009,2.5,Sh,8,5,S,0.0,0.0,,,,812
5247,2021,1009,2.5,Sh,8,6,M,0.0,0.0,0.49,Sh,1.0,812
5248,2021,1009,2.5,Sh,8,6,M,1.0,1.0,9.21,Me,8.0,812
5249,2021,1009,2.5,Sh,8,7,M,1.0,3.0,3.17,Sh,5.0,812
5250,2021,1009,2.5,Sh,8,8,V,,,3.09,Sh,7.0,812
5251,2021,1009,2.5,Sh,8,8,M,0.0,0.0,0.92,Sh,1.0,812
5252,2021,1012,3.88,Sh,5,1,V,,,,,,812
5253,2021,1012,3.88,Sh,5,2,V,,,6.6,Me,8.0,812
5254,2021,1012,3.88,Sh,5,3,V,,,1.28,Sh,3.0,812
5255,2021,1012,3.88,Sh,5,4,M,1.0,2.0,6.63,Me,7.0,812
5256,2021,1012,3.88,Sh,5,5,S,0.0,0.0,,,,812
5257,2021,1014,1.94,Sh,5,1,V,,,0.38,Sh,1.0,812
5258,2021,1014,1.94,Sh,5,1,M,0.0,0.0,2.06,Sh,5.0,812
5259,2021,1014,1.94,Sh,5,2,B,,,,,,812
5260,2021,1014,1.94,Sh,5,3,M,1.0,3.0,5.11,Me,4.0,812
5261,2021,1014,1.94,Sh,5,4,V,,,6.46,Me,6.0,812
5262,2021,1014,1.94,Sh,5,5,M,0.0,0.0,7.08,Me,7.0,812
5263,2021,1014,1.81,Sh,2,1,V,,,0.01,Sh,1.0,812
5264,2021,1014,1.81,Sh,2,1,V,,,,,,812
5265,2021,1014,1.81,Sh,2,2,V,,,0.76,Sh,1.0,812
5266,2021,1015,0.46,Sh,1,1,S,0.0,0.0,,,,812
5267,2021,1016,2.02,Sh,3,1,V,,,,,,812
5268,2021,1016,2.02,Sh,3,2,B,,,,,,812
5269,2021,1016,2.02,Sh,3,3,S,0.0,0.0,,,,812
5270,2021,1017,1.77,Sh,4,1,B,,,,,,812
5271,2021,1017,1.77,Sh,4,2,V,,,,,,812
5272,2021,1017,1.77,Sh,4,3,V,,,6.89,Me,7.0,812
5273,2021,1017,1.77,Sh,4,4,V,,,1.26,Sh,2.0,812
5274,2021,1018,4.76,Sh,4,1,B,,,,,,812
5275,2021,1018,4.76,Sh,4,2,S,0.0,0.0,,,,812
5276,2021,1018,4.76,Sh,4,3,B,,,,,,812
5277,2021,1018,4.76,Sh,4,4,V,,,0.56,Sh,2.0,812
5278,2021,1019,4.19,Sh,7,1,V,,,4.63,Sh,5.0,812
5279,2021,1019,4.19,Sh,7,2,M,0.0,0.0,0.59,Sh,2.0,812
5280,2021,1019,4.19,Sh,7,3,M,0.0,0.0,2.83,Sh,6.0,812
5281,2021,1019,4.19,Sh,7,3,M,0.0,0.0,0.21,Sh,1.0,812
5282,2021,1019,4.19,Sh,7,3,V,,,2.26,Sh,4.0,812
5283,2021,1019,4.19,Sh,7,3,M,,,,,,812
5284,2021,1019,4.19,Sh,7,3,V,,,1.15,Sh,3.0,812
5285,2021,1019,4.19,Sh,7,4,S,0.0,0.0,,,,812
5286,2021,1019,4.19,Sh,7,5,V,,,1.85,Sh,4.0,812
5287,2021,1019,4.19,Sh,7,5,M,0.0,0.0,1.45,Sh,1.0,812
5288,2021,1019,4.19,Sh,7,6,M,1.0,5.0,4.08,Sh,1.0,812
5289,2021,1019,4.19,Sh,7,7,M,0.0,0.0,0.55,Sh,1.0,812
5290,2021,1020,4.25,Sh,5,1,B,,,,,,812
5291,2021,1020,4.25,Sh,5,2,M,,,,,,812
5292,2021,1020,4.25,Sh,5,3,S,0.0,0.0,,,,812
5293,2021,1020,4.25,Sh,5,4,S,0.0,0.0,,,,812
5294,2021,1020,4.25,Sh,5,5,B,,,,,,812
5295,2021,1021,1.71,Sh,1,1,V,,,7.28,Me,5.0,812
5296,2021,1022,5.74,Me,5,1,V,,,3.37,Sh,3.0,812
5297,2021,1022,5.74,Me,5,2,S,0.0,0.0,,,,812
5298,2021,1022,5.74,Me,5,3,M,,,,,,812
5299,2021,1022,5.74,Me,5,4,B,,,,,,812
5300,2021,1022,5.74,Me,5,5,S,0.0,0.0,,,,812
5301,2021,1023,3.73,Sh,5,1,B,,,,,,812
5302,2021,1023,3.73,Sh,5,2,B,,,,,,812
5303,2021,1023,3.73,Sh,5,3,B,,,,,,812
5304,2021,1023,3.73,Sh,5,4,M,0.0,0.0,7.09,Me,6.0,812
5305,2021,1023,3.73,Sh,5,5,S,0.0,0.0,,,,812
5306,2021,1024,3.51,Sh,3,1,B,,,,,,812
5307,2021,1024,3.51,Sh,3,2,V,,,2.98,Sh,3.0,812
5308,2021,1024,3.51,Sh,3,3,S,0.0,0.0,,,,812
5309,2021,1025,5.9,Me,3,1,V,,,2.7,Sh,2.0,812
5310,2021,1025,5.9,Me,3,2,B,,,,,,812
5311,2021,1025,5.9,Me,3,3,M,1.0,2.0,6.67,Me,7.0,812
5312,2021,1026,3.56,Sh,5,1,S,0.0,0.0,,,,812
5313,2021,1026,3.56,Sh,5,2,B,,,,,,812
5314,2021,1026,3.56,Sh,5,3,S,0.0,0.0,,,,812
5315,2021,1026,3.56,Sh,5,4,V,,,5.18,Me,6.0,812
5316,2021,1026,3.56,Sh,5,4,V,,,2.17,Sh,3.0,812
5317,2021,1026,3.56,Sh,5,5,V,,,0.05,Sh,4.0,812
5318,2021,1026,3.56,Sh,5,5,M,0.0,0.0,3.49,Sh,4.0,812
5319,2021,1026,3.56,Sh,5,5,V,,,5.45,Me,3.0,812
5320,2021,1027,2.15,Sh,2,1,B,,,,,,812
5321,2021,1027,2.15,Sh,2,2,V,,,7.56,Me,5.0,812
5322,2021,1028,8.27,Me,6,1,V,,,0.37,Sh,3.0,812
5323,2021,1028,8.27,Me,6,1,V,,,4.06,Sh,5.0,812
5324,2021,1028,8.27,Me,6,2,V,,,4.82,Sh,2.0,812
5325,2021,1028,8.27,Me,6,2,M,0.0,0.0,1.94,Sh,1.0,812
5326,2021,1028,8.27,Me,6,3,S,0.0,0.0,,,,812
5327,2021,1028,8.27,Me,6,4,M,1.0,1.0,1.84,Sh,4.0,812
5328,2021,1028,8.27,Me,6,4,M,0.0,0.0,6.52,Me,3.0,812
5329,2021,1028,8.27,Me,6,4,V,,,7.21,Me,8.0,812
5330,2021,1028,8.27,Me,6,5,B,,,,,,812
5331,2021,1028,8.27,Me,6,6,M,1.0,7.0,3.01,Sh,5.0,812
5332,2021,1029,7.59,Me,8,1,B,,,,,,812
5333,2021,1029,7.59,Me,8,2,V,,,6.18,Me,5.0,812
5334,2021,1029,7.59,Me,8,3,M,0.0,0.0,1.17,Sh,2.0,812
5335,2021,1029,7.59,Me,8,3,V,,,2.01,Sh,3.0,812
5336,2021,1029,7.59,Me,8,3,V,,,1.52,Sh,1.0,812
5337,2021,1029,7.59,Me,8,4,V,,,,,,812
5338,2021,1029,7.59,Me,8,4,M,0.0,0.0,3.19,Sh,4.0,812
5339,2021,1029,7.59,Me,8,4,M,0.0,0.0,8.06,Me,6.0,812
5340,2021,1029,7.59,Me,8,5,M,0.0,0.0,8.15,Me,7.0,812
5341,2021,1029,7.59,Me,8,6,S,0.0,0.0,,,,812
5342,2021,1029,7.59,Me,8,7,S,0.0,0.0,,,,812
5343,2021,1029,7.59,Me,8,8,M,0.0,0.0,4.94,Sh,6.0,812
5344,2021,1029,7.59,Me,8,8,M,0.0,0.0,4.83,Sh,4.0,812
5345,2021,1030,5.9,Me,5,1,V,,,0.02,Sh,1.0,812
5346,2021,1030,5.9,Me,5,2,V,,,3.14,Sh,5.0,812
5347,2021,1030,5.9,Me,5,2,V,,,3.99,Sh,7.0,812
5348,2021,1030,5.9,Me,5,3,B,,,,,,812
5349,2021,1030,5.9,Me,5,4,V,,,1.06,Sh,1.0,812
5350,2021,1030,5.9,Me,5,5,S,0.0,0.0,,,,812
5351,2021,1034,5.03,Me,2,1,B,,,,,,812
5352,2021,1034,5.03,Me,2,2,B,,,,,,812
5353,2021,1035,1.27,Sh,3,1,B,,,,,,812
5354,2021,1035,1.27,Sh,3,2,M,0.0,0.0,1.25,Sh,1.0,812
5355,2021,1035,1.27,Sh,3,3,B,,,,,,812
5356,2021,1036,1.52,Sh,1,1,B,,,,,,812
5357,2021,1037,4.02,Sh,2,1,S,0.0,0.0,,,,812
5358,2021,1037,4.02,Sh,2,2,M,0.0,0.0,8.85,Me,6.0,812
5359,2021,1037,4.02,Sh,2,2,M,1.0,1.0,3.98,Sh,4.0,812
5360,2021,1037,4.02,Sh,2,2,V,,,1.73,Sh,3.0,812
5361,2021,1038,0.66,Sh,3,1,B,,,,,,812
5362,2021,1038,0.66,Sh,3,2,S,0.0,0.0,,,,812
5363,2021,1038,0.66,Sh,3,3,M,0.0,0.0,3.6,Sh,4.0,812
5364,2021,1038,0.66,Sh,3,3,M,0.0,0.0,5.15,Me,2.0,812
5365,2021,1038,1.89,Sh,1,1,B,,,,,,812
5366,2021,1039,6.66,Me,2,1,S,0.0,0.0,,,,812
5367,2021,1039,6.66,Me,2,2,V,,,0.29,Sh,2.0,812
5368,2021,1040,3.75,Sh,5,1,B,,,,,,812
5369,2021,1040,3.75,Sh,5,2,B,,,,,,812
5370,2021,1040,3.75,Sh,5,3,S,0.0,0.0,,,,812
5371,2021,1040,3.75,Sh,5,4,S,0.0,0.0,,,,812
5372,2021,1040,3.75,Sh,5,5,S,0.0,0.0,,,,812
5373,2021,1042,1.44,Sh,4,1,B,,,,,,812
5374,2021,1042,1.44,Sh,4,2,B,,,,,,812
5375,2021,1042,1.44,Sh,4,3,M,0.0,0.0,0.13,Sh,2.0,812
5376,2021,1042,1.44,Sh,4,3,M,1.0,4.0,3.44,Sh,3.0,812
5377,2021,1042,1.44,Sh,4,4,V,,,3.36,Sh,2.0,812
5378,2021,1043,8.53,Me,6,1,S,0.0,0.0,,,,812
5379,2021,1043,8.53,Me,6,2,B,,,,,,812
5380,2021,1043,8.53,Me,6,3,S,0.0,0.0,,,,812
5381,2021,1043,8.53,Me,6,4,S,0.0,0.0,,,,812
5382,2021,1043,8.53,Me,6,5,V,,,,,,812
5383,2021,1043,8.53,Me,6,6,V,,,9.28,Me,8.0,812
5384,2021,1045,3.81,Sh,5,1,V,,,3.91,Sh,6.0,812
5385,2021,1045,3.81,Sh,5,2,S,0.0,0.0,,,,812
5386,2021,1045,3.81,Sh,5,3,S,0.0,0.0,,,,812
5387,2021,1045,3.81,Sh,5,4,S,0.0,0.0,,,,812
5388,2021,1045,3.81,Sh,5,5,M,0.0,0.0,2.77,Sh,3.0,812
5389,2021,1048,1.83,Sh,2,1,S,0.0,0.0,,,,812
5390,2021,1048,1.83,Sh,2,2,V,,,1.48,Sh,4.0,812
5391,2021,1048,1.83,Sh,2,2,M,0.0,0.0,3.57,Sh,1.0,812
5392,2021,1048,1.83,Sh,2,2,V,,,2.49,Sh,4.0,812
5393,2021,1049,1.08,Sh,5,1,V,,,,,,812
5394,2021,1049,1.08,Sh,5,2,M,,,,,,812
5395,2021,1049,1.08,Sh,5,3,B,,,,,,812
5396,2021,1049,1.08,Sh,5,4,M,0.0,0.0,7.39,Me,7.0,812
5397,2021,1049,1.08,Sh,5,5,M,1.0,3.0,1.31,Sh,1.0,812
5398,2021,1050,4.41,Sh,1,1,S,0.0,0.0,,,,812
5399,2021,1051,8.38,Me,6,1,B,,,,,,812
5400,2021,1051,8.38,Me,6,2,V,,,3.19,Sh,3.0,812
5401,2021,1051,8.38,Me,6,2,V,,,,,,812
5402,2021,1051,8.38,Me,6,3,M,0.0,0.0,4.32,Sh,8.0,812
5403,2021,1051,8.38,Me,6,4,S,0.0,0.0,,,,812
5404,2021,1051,8.38,Me,6,5,V,,,4.6,Sh,4.0,812
5405,2021,1051,8.38,Me,6,6,M,0.0,0.0,8.74,Me,4.0,812
5406,2021,1052,1.71,Sh,1,1,M,1.0,1.0,0.58,Sh,3.0,812
5407,2021,1052,4.0,Sh,1,1,V,,,,,,812
5408,2021,1052,3.94,Sh,2,1,B,,,,,,812
5409,2021,1052,3.94,Sh,2,2,S,0.0,0.0,,,,812
5410,2021,1053,2.0,Sh,2,1,S,0.0,0.0,,,,812
5411,2021,1053,2.0,Sh,2,2,B,,,,,,812
5412,2021,1053,0.25,Sh,2,1,V,,,,,,812
5413,2021,1053,0.25,Sh,2,2,B,,,,,,812
5414,2021,1055,0.4,Sh,1,1,B,,,,,,812
5415,2021,1055,3.75,Sh,2,1,V,,,0.67,Sh,3.0,812
5416,2021,1055,3.75,Sh,2,2,V,,,5.14,Me,6.0,812
5417,2021,1056,2.96,Sh,5,1,V,,,0.41,Sh,3.0,812
5418,2021,1056,2.96,Sh,5,1,V,,,2.88,Sh,3.0,812
5419,2021,1056,2.96,Sh,5,1,V,,,0.25,Sh,3.0,812
5420,2021,1056,2.96,Sh,5,1,V,,,,,,812
5421,2021,1056,2.96,Sh,5,2,B,,,,,,812
5422,2021,1056,2.96,Sh,5,3,B,,,,,,812
5423,2021,1056,2.96,Sh,5,4,V,,,3.23,Sh,1.0,812
5424,2021,1056,2.96,Sh,5,4,M,0.0,0.0,4.43,Sh,2.0,812
5425,2021,1056,2.96,Sh,5,4,M,0.0,0.0,3.01,Sh,1.0,812
5426,2021,1056,2.96,Sh,5,4,M,0.0,0.0,2.82,Sh,5.0,812
5427,2021,1056,2.96,Sh,5,4,M,0.0,0.0,4.24,Sh,5.0,812
5428,2021,1056,2.96,Sh,5,5,M,0.0,0.0,4.22,Sh,3.0,812
5429,2021,1057,6.04,Me,5,1,B,,,,,,812
5430,2021,1057,6.04,Me,5,2,S,0.0,0.0,,,,812
5431,2021,1057,6.04,Me,5,3,B,,,,,,812
5432,2021,1057,6.04,Me,5,4,M,0.0,0.0,3.02,Sh,5.0,812
5433,2021,1057,6.04,Me,5,5,M,1.0,1.0,5.74,Me,6.0,812
5434,2021,1057,6.04,Me,5,5,V,,,7.95,Me,5.0,812
5435,2021,1058,10.19,Me,6,1,M,1.0,1.0,0.88,Sh,3.0,812
5436,2021,1058,10.19,Me,6,1,M,,,,,,812
5437,2021,1058,10.19,Me,6,1,V,,,,,,812
5438,2021,1058,10.19,Me,6,2,M,,,,,,812
5439,2021,1058,10.19,Me,6,3,V,,,3.93,Sh,8.0,812
5440,2021,1058,10.19,Me,6,4,B,,,,,,812
5441,2021,1058,10.19,Me,6,5,M,0.0,0.0,4.03,Sh,2.0,812
5442,2021,1058,10.19,Me,6,5,V,,,1.68,Sh,3.0,812
5443,2021,1058,10.19,Me,6,6,M,0.0,0.0,1.97,Sh,3.0,812
5444,2021,1059,2.83,Sh,5,1,B,,,,,,812
5445,2021,1059,2.83,Sh,5,2,V,,,2.12,Sh,2.0,812
5446,2021,1059,2.83,Sh,5,2,M,1.0,4.0,0.98,Sh,4.0,812
5447,2021,1059,2.83,Sh,5,3,M,0.0,0.0,4.24,Sh,2.0,812
5448,2021,1059,2.83,Sh,5,3,V,,,0.14,Sh,3.0,812
5449,2021,1059,2.83,Sh,5,4,S,0.0,0.0,,,,812
5450,2021,1059,2.83,Sh,5,5,M,0.0,0.0,4.94,Sh,7.0,812
5451,2021,1059,2.83,Sh,5,5,V,,,4.33,Sh,8.0,812
5452,2021,1060,6.94,Me,5,1,V,,,2.16,Sh,2.0,812
5453,2021,1060,6.94,Me,5,1,V,,,0.05,Sh,1.0,812
5454,2021,1060,6.94,Me,5,2,S,0.0,0.0,,,,812
5455,2021,1060,6.94,Me,5,3,V,,,7.72,Me,6.0,812
5456,2021,1060,6.94,Me,5,4,S,0.0,0.0,,,,812
5457,2021,1060,6.94,Me,5,5,M,1.0,5.0,1.63,Sh,2.0,812
5458,2021,1061,4.32,Sh,3,1,S,0.0,0.0,,,,812
5459,2021,1061,4.32,Sh,3,2,V,,,3.72,Sh,4.0,812
5460,2021,1061,4.32,Sh,3,2,M,0.0,0.0,2.24,Sh,2.0,812
5461,2021,1061,4.32,Sh,3,2,V,,,,,,812
5462,2021,1061,4.32,Sh,3,2,M,0.0,0.0,5.1,Me,2.0,812
5463,2021,1061,4.32,Sh,3,3,S,0.0,0.0,,,,812
5464,2021,1062,11.72,Me,9,1,V,,,,,,812
5465,2021,1062,11.72,Me,9,2,V,,,2.94,Sh,1.0,812
5466,2021,1062,11.72,Me,9,2,V,,,1.64,Sh,2.0,812
5467,2021,1062,11.72,Me,9,3,V,,,,,,812
5468,2021,1062,11.72,Me,9,3,V,,,2.11,Sh,3.0,812
5469,2021,1062,11.72,Me,9,4,B,,,,,,812
5470,2021,1062,11.72,Me,9,5,S,0.0,0.0,,,,812
5471,2021,1062,11.72,Me,9,6,M,0.0,0.0,2.43,Sh,4.0,812
5472,2021,1062,11.72,Me,9,7,S,0.0,0.0,,,,812
5473,2021,1062,11.72,Me,9,8,S,0.0,0.0,,,,812
5474,2021,1062,11.72,Me,9,9,V,,,10.12,Me,6.0,812
5475,2021,1063,4.71,Sh,3,1,V,,,2.14,Sh,1.0,812
5476,2021,1063,4.71,Sh,3,1,M,1.0,4.0,0.78,Sh,1.0,812
5477,2021,1063,4.71,Sh,3,1,M,,,,,,812
5478,2021,1063,4.71,Sh,3,2,S,0.0,0.0,,,,812
5479,2021,1063,4.71,Sh,3,3,V,,,2.88,Sh,4.0,812
5480,2021,1064,8.07,Me,4,1,B,,,,,,812
5481,2021,1064,8.07,Me,4,2,V,,,,,,812
5482,2021,1064,8.07,Me,4,3,B,,,,,,812
5483,2021,1064,8.07,Me,4,4,V,,,2.76,Sh,5.0,812
5484,2021,1065,7.96,Me,6,1,V,,,3.69,Sh,3.0,812
5485,2021,1065,7.96,Me,6,2,V,,,4.74,Sh,4.0,812
5486,2021,1065,7.96,Me,6,3,V,,,3.44,Sh,2.0,812
5487,2021,1065,7.96,Me,6,3,M,1.0,2.0,1.7,Sh,2.0,812
5488,2021,1065,7.96,Me,6,4,V,,,,,,812
5489,2021,1065,7.96,Me,6,5,V,,,2.18,Sh,5.0,812
5490,2021,1065,7.96,Me,6,5,V,,,5.18,Me,6.0,812
5491,2021,1065,7.96,Me,6,6,B,,,,,,812
5492,2021,1066,3.79,Sh,3,1,M,,,,,,812
5493,2021,1066,3.79,Sh,3,1,V,,,1.08,Sh,2.0,812
5494,2021,1066,3.79,Sh,3,2,B,,,,,,812
5495,2021,1066,3.79,Sh,3,3,V,,,0.52,Sh,1.0,812
5496,2021,1066,3.79,Sh,3,3,V,,,1.33,Sh,3.0,812
5497,2021,1067,6.91,Me,5,1,B,,,,,,812
5498,2021,1067,6.91,Me,5,2,B,,,,,,812
5499,2021,1067,6.91,Me,5,3,S,0.0,0.0,,,,812
5500,2021,1067,6.91,Me,5,4,M,1.0,4.0,2.64,Sh,2.0,812
5501,2021,1067,6.91,Me,5,5,V,,,3.75,Sh,6.0,812
5502,2021,1069,3.17,Sh,1,1,V,,,2.42,Sh,1.0,812
5503,2021,1069,3.17,Sh,1,1,V,,,,,,812
5504,2021,1069,3.17,Sh,1,1,M,0.0,0.0,1.53,Sh,5.0,812
5505,2021,1071,2.97,Sh,2,1,M,0.0,0.0,3.56,Sh,3.0,812
5506,2021,1071,2.97,Sh,2,2,V,,,2.21,Sh,5.0,812
5507,2021,1075,3.84,Sh,6,1,B,,,,,,812
5508,2021,1075,3.84,Sh,6,2,V,,,2.96,Sh,4.0,812
5509,2021,1075,3.84,Sh,6,3,B,,,,,,812
5510,2021,1075,3.84,Sh,6,4,S,0.0,0.0,,,,812
5511,2021,1075,3.84,Sh,6,5,B,,,,,,812
5512,2021,1075,3.84,Sh,6,6,M,1.0,2.0,5.32,Me,6.0,812
5513,2021,1076,2.72,Sh,3,1,V,,,5.36,Me,5.0,812
5514,2021,1076,2.72,Sh,3,2,M,0.0,0.0,2.04,Sh,4.0,812
5515,2021,1076,2.72,Sh,3,2,V,,,4.14,Sh,4.0,812
5516,2021,1076,2.72,Sh,3,3,M,1.0,1.0,6.58,Me,4.0,812
5517,2021,1076,2.72,Sh,3,3,M,0.0,0.0,5.72,Me,6.0,812
5518,2021,1077,4.46,Sh,2,1,B,,,,,,812
5519,2021,1077,4.46,Sh,2,2,V,,,6.17,Me,3.0,812
5520,2021,1077,4.46,Sh,2,2,M,1.0,5.0,1.75,Sh,3.0,812
5521,2021,1078,3.91,Sh,2,1,M,,,,,,812
5522,2021,1078,3.91,Sh,2,1,M,0.0,0.0,0.09,Sh,1.0,812
5523,2021,1078,3.91,Sh,2,2,V,,,2.32,Sh,3.0,812
5524,2021,1078,3.91,Sh,2,2,V,,,5.67,Me,5.0,812
5525,2021,1079,6.9,Me,6,1,V,,,2.06,Sh,3.0,812
5526,2021,1079,6.9,Me,6,1,V,,,4.8,Sh,5.0,812
5527,2021,1079,6.9,Me,6,2,S,0.0,0.0,,,,812
5528,2021,1079,6.9,Me,6,3,M,1.0,2.0,1.0,Sh,1.0,812
5529,2021,1079,6.9,Me,6,4,B,,,,,,812
5530,2021,1079,6.9,Me,6,5,M,0.0,0.0,5.0,Sh,3.0,812
5531,2021,1079,6.9,Me,6,5,M,0.0,0.0,6.15,Me,7.0,812
5532,2021,1079,6.9,Me,6,5,V,,,3.1,Sh,2.0,812
5533,2021,1079,6.9,Me,6,5,V,,,1.68,Sh,4.0,812
5534,2021,1079,6.9,Me,6,6,V,,,8.68,Me,5.0,812
5535,2021,1080,1.53,Sh,5,1,V,,,,,,812
5536,2021,1080,1.53,Sh,5,1,V,,,,,,812
5537,2021,1080,1.53,Sh,5,2,V,,,2.73,Sh,1.0,812
5538,2021,1080,1.53,Sh,5,3,S,0.0,0.0,,,,812
5539,2021,1080,1.53,Sh,5,4,S,0.0,0.0,,,,812
5540,2021,1080,1.53,Sh,5,5,M,0.0,0.0,5.8,Me,5.0,812
5541,2021,1081,0.81,Sh,2,1,M,0.0,0.0,2.4,Sh,3.0,812
5542,2021,1081,0.81,Sh,2,1,V,,,,,,812
5543,2021,1081,0.81,Sh,2,1,V,,,,,,812
5544,2021,1081,0.81,Sh,2,1,M,0.0,0.0,0.97,Sh,3.0,812
5545,2021,1081,0.81,Sh,2,2,B,,,,,,812
5546,2021,1082,5.03,Me,6,1,B,,,,,,812
5547,2021,1082,5.03,Me,6,2,V,,,0.2,Sh,1.0,812
5548,2021,1082,5.03,Me,6,3,B,,,,,,812
5549,2021,1082,5.03,Me,6,4,S,0.0,0.0,,,,812
5550,2021,1082,5.03,Me,6,5,M,1.0,2.0,7.13,Me,8.0,812
5551,2021,1082,5.03,Me,6,5,V,,,2.63,Sh,4.0,812
5552,2021,1082,5.03,Me,6,6,V,,,2.76,Sh,3.0,812
5553,2021,1083,2.69,Sh,2,1,B,,,,,,812
5554,2021,1083,2.69,Sh,2,2,V,,,3.02,Sh,2.0,812
5555,2021,1083,2.69,Sh,2,2,M,0.0,0.0,7.32,Me,11.0,812
5556,2021,1084,9.97,Me,4,1,V,,,0.97,Sh,2.0,812
5557,2021,1084,9.97,Me,4,1,V,,,1.03,Sh,2.0,812
5558,2021,1084,9.97,Me,4,2,V,,,4.06,Sh,4.0,812
5559,2021,1084,9.97,Me,4,3,M,0.0,0.0,4.54,Sh,6.0,812
5560,2021,1084,9.97,Me,4,3,M,0.0,0.0,4.22,Sh,2.0,812
5561,2021,1084,9.97,Me,4,4,M,1.0,2.0,3.63,Sh,3.0,812
5562,2021,1085,0.84,Sh,5,1,B,,,,,,812
5563,2021,1085,0.84,Sh,5,2,B,,,,,,812
5564,2021,1085,0.84,Sh,5,3,V,,,2.42,Sh,3.0,812
5565,2021,1085,0.84,Sh,5,3,V,,,3.45,Sh,5.0,812
5566,2021,1085,0.84,Sh,5,4,V,,,5.89,Me,5.0,812
5567,2021,1085,0.84,Sh,5,5,M,0.0,0.0,1.7,Sh,2.0,812
5568,2021,1085,1.63,Sh,1,1,B,,,,,,812
5569,2021,1086,6.23,Me,2,1,V,,,1.98,Sh,4.0,812
5570,2021,1086,6.23,Me,2,2,B,,,,,,812
5571,2021,1087,10.56,Me,6,1,V,,,2.56,Sh,1.0,812
5572,2021,1087,10.56,Me,6,1,V,,,1.53,Sh,4.0,812
5573,2021,1087,10.56,Me,6,2,V,,,,,,812
5574,2021,1087,10.56,Me,6,3,S,0.0,0.0,,,,812
5575,2021,1087,10.56,Me,6,4,M,0.0,0.0,4.8,Sh,7.0,812
5576,2021,1087,10.56,Me,6,5,M,0.0,0.0,4.15,Sh,6.0,812
5577,2021,1087,10.56,Me,6,6,S,0.0,0.0,,,,812
5578,2021,1088,9.8,Me,7,1,M,0.0,0.0,0.71,Sh,2.0,812
5579,2021,1088,9.8,Me,7,2,V,,,0.41,Sh,3.0,812
5580,2021,1088,9.8,Me,7,3,S,0.0,0.0,,,,812
5581,2021,1088,9.8,Me,7,4,S,0.0,0.0,,,,812
5582,2021,1088,9.8,Me,7,5,V,,,1.33,Sh,2.0,812
5583,2021,1088,9.8,Me,7,6,S,0.0,0.0,,,,812
5584,2021,1088,9.8,Me,7,7,V,,,4.66,Sh,3.0,812
5585,2021,1089,10.54,Me,6,1,B,,,,,,812
5586,2021,1089,10.54,Me,6,2,S,0.0,0.0,,,,812
5587,2021,1089,10.54,Me,6,3,B,,,,,,812
5588,2021,1089,10.54,Me,6,4,V,,,4.15,Sh,5.0,812
5589,2021,1089,10.54,Me,6,4,V,,,4.89,Sh,4.0,812
5590,2021,1089,10.54,Me,6,5,S,0.0,0.0,,,,812
5591,2021,1089,10.54,Me,6,6,V,,,4.03,Sh,5.0,812
5592,2021,1090,5.16,Me,5,1,V,,,0.09,Sh,1.0,812
5593,2021,1090,5.16,Me,5,1,M,0.0,0.0,0.85,Sh,2.0,812
5594,2021,1090,5.16,Me,5,1,M,0.0,0.0,3.8,Sh,2.0,812
5595,2021,1090,5.16,Me,5,1,V,,,3.41,Sh,5.0,812
5596,2021,1090,5.16,Me,5,2,V,,,2.99,Sh,3.0,812
5597,2021,1090,5.16,Me,5,2,V,,,2.32,Sh,3.0,812
5598,2021,1090,5.16,Me,5,2,V,,,,,,812
5599,2021,1090,5.16,Me,5,3,B,,,,,,812
5600,2021,1090,5.16,Me,5,4,S,0.0,0.0,,,,812
5601,2021,1090,5.16,Me,5,5,S,0.0,0.0,,,,812
5602,2021,1091,4.99,Sh,4,1,B,,,,,,812
5603,2021,1091,4.99,Sh,4,2,B,,,,,,812
5604,2021,1091,4.99,Sh,4,3,B,,,,,,812
5605,2021,1091,4.99,Sh,4,4,M,0.0,0.0,6.2,Me,7.0,812
5606,2021,1092,9.43,Me,4,1,V,,,2.36,Sh,1.0,812
5607,2021,1092,9.43,Me,4,1,V,,,,,,812
5608,2021,1092,9.43,Me,4,1,V,,,,,,812
5609,2021,1092,9.43,Me,4,2,S,0.0,0.0,,,,812
5610,2021,1092,9.43,Me,4,3,S,0.0,0.0,,,,812
5611,2021,1092,9.43,Me,4,4,M,1.0,7.0,3.92,Sh,8.0,812
5612,2021,1094,2.65,Sh,1,1,B,,,,,,812
5613,2021,1095,6.61,Me,3,1,B,,,,,,812
5614,2021,1095,6.61,Me,3,2,V,,,7.66,Me,2.0,812
5615,2021,1095,6.61,Me,3,3,S,0.0,0.0,,,,812
5616,2021,1096,4.69,Sh,3,1,M,0.0,0.0,1.91,Sh,3.0,812
5617,2021,1096,4.69,Sh,3,1,V,,,0.79,Sh,3.0,812
5618,2021,1096,4.69,Sh,3,1,V,,,4.62,Sh,2.0,812
5619,2021,1096,4.69,Sh,3,2,S,0.0,0.0,,,,812
5620,2021,1096,4.69,Sh,3,3,B,,,,,,812
5621,2021,1098,6.49,Me,6,1,B,,,,,,812
5622,2021,1098,6.49,Me,6,2,V,,,1.57,Sh,4.0,812
5623,2021,1098,6.49,Me,6,3,V,,,1.37,Sh,2.0,812
5624,2021,1098,6.49,Me,6,3,M,0.0,0.0,5.69,Me,4.0,812
5625,2021,1098,6.49,Me,6,4,V,,,2.2,Sh,7.0,812
5626,2021,1098,6.49,Me,6,5,S,0.0,0.0,,,,812
5627,2021,1098,6.49,Me,6,6,S,0.0,0.0,,,,812
5628,2021,1099,2.29,Sh,3,1,V,,,0.59,Sh,3.0,812
5629,2021,1099,2.29,Sh,3,2,B,,,,,,812
5630,2021,1099,2.29,Sh,3,3,V,,,0.67,Sh,1.0,812
5631,2021,1099,2.29,Sh,3,3,V,,,4.06,Sh,4.0,812
5632,2021,1099,2.29,Sh,3,3,V,,,4.86,Sh,6.0,812
5633,2021,1104,2.21,Sh,3,1,B,,,,,,812
5634,2021,1104,2.21,Sh,3,2,V,,,5.46,Me,9.0,812
5635,2021,1104,2.21,Sh,3,3,V,,,3.63,Sh,3.0,812
5636,2021,1105,3.81,Sh,2,1,S,0.0,0.0,,,,812
5637,2021,1105,3.81,Sh,2,2,V,,,3.65,Sh,5.0,812
5638,2021,1106,2.5,Sh,3,1,V,,,1.77,Sh,2.0,812
5639,2021,1106,2.5,Sh,3,2,S,0.0,0.0,,,,812
5640,2021,1106,2.5,Sh,3,3,B,,,,,,812
5641,2021,1107,0.77,Sh,3,1,B,,,,,,812
5642,2021,1107,0.77,Sh,3,2,B,,,,,,812
5643,2021,1107,0.77,Sh,3,3,M,0.0,0.0,2.34,Sh,6.0,812
5644,2021,1108,5.82,Me,8,1,B,,,,,,812
5645,2021,1108,5.82,Me,8,2,V,,,1.71,Sh,4.0,812
5646,2021,1108,5.82,Me,8,3,M,0.0,0.0,4.97,Sh,4.0,812
5647,2021,1108,5.82,Me,8,4,S,0.0,0.0,,,,812
5648,2021,1108,5.82,Me,8,5,M,1.0,5.0,5.17,Me,2.0,812
5649,2021,1108,5.82,Me,8,6,M,0.0,0.0,4.76,Sh,3.0,812
5650,2021,1108,5.82,Me,8,6,V,,,1.92,Sh,1.0,812
5651,2021,1108,5.82,Me,8,6,M,1.0,4.0,6.17,Me,7.0,812
5652,2021,1108,5.82,Me,8,6,M,0.0,0.0,3.03,Sh,4.0,812
5653,2021,1108,5.82,Me,8,7,M,0.0,0.0,0.43,Sh,2.0,812
5654,2021,1108,5.82,Me,8,7,M,,,,,,812
5655,2021,1108,5.82,Me,8,8,M,,,,,,812
5656,2021,1108,5.82,Me,8,8,M,1.0,4.0,8.25,Me,3.0,812
5657,2021,1108,5.82,Me,8,8,M,0.0,0.0,3.95,Sh,3.0,812
5658,2021,1108,5.82,Me,8,8,M,0.0,0.0,6.08,Me,8.0,812
5659,2021,1109,6.41,Me,4,1,V,,,,,,812
5660,2021,1109,6.41,Me,4,1,V,,,,,,812
5661,2021,1109,6.41,Me,4,1,V,,,,,,812
5662,2021,1109,6.41,Me,4,1,V,,,0.26,Sh,3.0,812
5663,2021,1109,6.41,Me,4,2,B,,,,,,812
5664,2021,1109,6.41,Me,4,3,S,0.0,0.0,,,,812
5665,2021,1109,6.41,Me,4,4,V,,,2.6,Sh,3.0,812
5666,2021,1110,10.99,Me,7,1,V,,,0.84,Sh,4.0,812
5667,2021,1110,10.99,Me,7,2,M,0.0,0.0,1.35,Sh,1.0,812
5668,2021,1110,10.99,Me,7,3,S,0.0,0.0,,,,812
5669,2021,1110,10.99,Me,7,4,B,,,,,,812
5670,2021,1110,10.99,Me,7,5,M,1.0,3.0,1.01,Sh,1.0,812
5671,2021,1110,10.99,Me,7,6,M,1.0,1.0,6.19,Me,6.0,812
5672,2021,1110,10.99,Me,7,7,M,0.0,0.0,6.18,Me,5.0,812
5673,2021,1111,5.98,Me,6,1,B,,,,,,812
5674,2021,1111,5.98,Me,6,2,V,,,0.53,Sh,2.0,812
5675,2021,1111,5.98,Me,6,3,S,0.0,0.0,,,,812
5676,2021,1111,5.98,Me,6,4,M,0.0,0.0,4.53,Sh,4.0,812
5677,2021,1111,5.98,Me,6,5,M,1.0,3.0,0.57,Sh,1.0,812
5678,2021,1111,5.98,Me,6,6,V,,,3.26,Sh,4.0,812
5679,2021,1111,5.98,Me,6,6,M,1.0,6.0,4.19,Sh,1.0,812
5680,2021,1113,9.85,Me,5,1,V,,,3.14,Sh,5.0,812
5681,2021,1113,9.85,Me,5,1,M,1.0,1.0,0.62,Sh,1.0,812
5682,2021,1113,9.85,Me,5,2,V,,,1.38,Sh,4.0,812
5683,2021,1113,9.85,Me,5,2,M,0.0,0.0,0.16,Sh,2.0,812
5684,2021,1113,9.85,Me,5,3,S,0.0,0.0,,,,812
5685,2021,1113,9.85,Me,5,4,S,0.0,0.0,,,,812
5686,2021,1113,9.85,Me,5,5,M,0.0,0.0,4.57,Sh,5.0,812
5687,2021,1113,9.85,Me,5,5,M,0.0,0.0,3.95,Sh,2.0,812
5688,2021,1113,9.85,Me,5,5,M,0.0,0.0,4.37,Sh,3.0,812
5689,2021,1113,9.85,Me,5,5,M,1.0,1.0,8.71,Me,6.0,812
5690,2021,1114,12.06,Me,8,1,B,,,,,,812
5691,2021,1114,12.06,Me,8,2,V,,,,,,812
5692,2021,1114,12.06,Me,8,3,V,,,4.87,Sh,4.0,812
5693,2021,1114,12.06,Me,8,4,M,0.0,0.0,0.25,Sh,3.0,812
5694,2021,1114,12.06,Me,8,5,B,,,,,,812
5695,2021,1114,12.06,Me,8,6,B,,,,,,812
5696,2021,1114,12.06,Me,8,7,M,0.0,0.0,8.83,Me,6.0,812
5697,2021,1114,12.06,Me,8,8,V,,,4.33,Sh,4.0,812
5698,2021,1114,12.06,Me,8,8,M,0.0,0.0,4.59,Sh,3.0,812
5699,2021,1115,10.77,Me,4,1,V,,,2.42,Sh,4.0,812
5700,2021,1115,10.77,Me,4,2,V,,,3.31,Sh,2.0,812
5701,2021,1115,10.77,Me,4,3,S,0.0,0.0,,,,812
5702,2021,1115,10.77,Me,4,4,M,0.0,0.0,3.08,Sh,4.0,812
5703,2021,1116,6.67,Me,3,1,M,0.0,0.0,4.01,Sh,1.0,812
5704,2021,1116,6.67,Me,3,2,S,0.0,0.0,,,,812
5705,2021,1116,6.67,Me,3,3,M,1.0,2.0,3.35,Sh,1.0,812
5706,2021,1116,6.67,Me,3,3,V,,,5.28,Me,6.0,812
5707,2021,1117,11.48,Me,6,1,B,,,,,,812
5708,2021,1117,11.48,Me,6,2,V,,,3.29,Sh,2.0,812
5709,2021,1117,11.48,Me,6,3,S,0.0,0.0,,,,812
5710,2021,1117,11.48,Me,6,4,V,,,,,,812
5711,2021,1117,11.48,Me,6,5,M,,,,,,812
5712,2021,1117,11.48,Me,6,5,V,,,1.13,Sh,6.0,812
5713,2021,1117,11.48,Me,6,6,V,,,7.09,Me,5.0,812
5714,2021,1117,11.48,Me,6,6,M,0.0,0.0,4.86,Sh,3.0,812
5715,2021,1117,11.48,Me,6,6,V,,,6.11,Me,7.0,812
5716,2021,1117,11.48,Me,6,6,M,0.0,0.0,4.62,Sh,6.0,812
5717,2021,1117,11.48,Me,6,6,M,0.0,0.0,3.5,Sh,4.0,812
5718,2021,1118,12.63,Me,8,1,V,,,2.48,Sh,4.0,812
5719,2021,1118,12.63,Me,8,1,V,,,1.34,Sh,1.0,812
5720,2021,1118,12.63,Me,8,2,V,,,3.66,Sh,3.0,812
5721,2021,1118,12.63,Me,8,3,B,,,,,,812
5722,2021,1118,12.63,Me,8,4,M,0.0,0.0,5.69,Me,5.0,812
5723,2021,1118,12.63,Me,8,4,V,,,3.43,Sh,2.0,812
5724,2021,1118,12.63,Me,8,5,S,0.0,0.0,,,,812
5725,2021,1118,12.63,Me,8,6,M,0.0,0.0,5.24,Me,6.0,812
5726,2021,1118,12.63,Me,8,7,V,,,3.59,Sh,6.0,812
5727,2021,1118,12.63,Me,8,8,B,,,,,,812
5728,2021,1119,9.53,Me,5,1,B,,,,,,812
5729,2021,1119,9.53,Me,5,2,M,0.0,0.0,1.8,Sh,3.0,812
5730,2021,1119,9.53,Me,5,3,B,,,,,,812
5731,2021,1119,9.53,Me,5,4,M,0.0,0.0,1.8,Sh,6.0,812
5732,2021,1119,9.53,Me,5,5,V,,,,,,812
5733,2021,1120,12.99,Me,5,1,V,,,,,,812
5734,2021,1120,12.99,Me,5,1,V,,,0.13,Sh,3.0,812
5735,2021,1120,12.99,Me,5,1,V,,,,,,812
5736,2021,1120,12.99,Me,5,2,M,1.0,3.0,5.84,Me,3.0,812
5737,2021,1120,12.99,Me,5,3,V,,,3.77,Sh,4.0,812
5738,2021,1120,12.99,Me,5,4,V,,,3.23,Sh,3.0,812
5739,2021,1120,12.99,Me,5,4,M,0.0,0.0,5.18,Me,5.0,812
5740,2021,1120,12.99,Me,5,5,V,,,,,,812
5741,2021,1120,12.99,Me,5,5,M,,,,,,812
5742,2021,1122,2.45,Sh,8,1,M,0.0,0.0,1.73,Sh,1.0,812
5743,2021,1122,2.45,Sh,8,1,V,,,,,,812
5744,2021,1122,2.45,Sh,8,1,M,,,,,,812
5745,2021,1122,2.45,Sh,8,2,V,,,3.31,Sh,4.0,812
5746,2021,1122,2.45,Sh,8,3,V,,,,,,812
5747,2021,1122,2.45,Sh,8,4,V,,,1.56,Sh,1.0,812
5748,2021,1122,2.45,Sh,8,4,M,0.0,0.0,1.62,Sh,2.0,812
5749,2021,1122,2.45,Sh,8,4,V,,,,,,812
5750,2021,1122,2.45,Sh,8,5,B,,,,,,812
5751,2021,1122,2.45,Sh,8,6,S,0.0,0.0,,,,812
5752,2021,1122,2.45,Sh,8,7,V,,,8.6,Me,5.0,812
5753,2021,1122,2.45,Sh,8,8,M,0.0,0.0,8.31,Me,6.0,812
5754,2021,1122,0.54,Sh,3,1,B,,,,,,812
5755,2021,1122,0.54,Sh,3,2,V,,,2.83,Sh,5.0,812
5756,2021,1122,0.54,Sh,3,3,V,,,2.64,Sh,4.0,812
5757,2021,1123,4.82,Sh,7,1,V,,,1.49,Sh,3.0,812
5758,2021,1123,4.82,Sh,7,1,V,,,3.15,Sh,3.0,812
5759,2021,1123,4.82,Sh,7,2,B,,,,,,812
5760,2021,1123,4.82,Sh,7,3,M,0.0,0.0,1.47,Sh,6.0,812
5761,2021,1123,4.82,Sh,7,4,S,0.0,0.0,,,,812
5762,2021,1123,4.82,Sh,7,5,S,0.0,0.0,,,,812
5763,2021,1123,4.82,Sh,7,6,S,0.0,0.0,,,,812
5764,2021,1123,4.82,Sh,7,7,M,0.0,0.0,3.96,Sh,4.0,812
5765,2021,1123,4.82,Sh,7,7,M,0.0,0.0,2.27,Sh,3.0,812
5766,2021,1123,4.82,Sh,7,7,M,1.0,3.0,4.42,Sh,6.0,812
5767,2021,1124,1.8,Sh,1,1,B,,,,,,812
5768,2021,1125,3.34,Sh,5,1,B,,,,,,812
5769,2021,1125,3.34,Sh,5,2,S,0.0,0.0,,,,812
5770,2021,1125,3.34,Sh,5,3,V,,,0.23,Sh,3.0,812
5771,2021,1125,3.34,Sh,5,3,M,1.0,1.0,6.96,Me,5.0,812
5772,2021,1125,3.34,Sh,5,4,S,0.0,0.0,,,,812
5773,2021,1125,3.34,Sh,5,5,M,0.0,0.0,2.22,Sh,3.0,812
5774,2021,1126,5.72,Me,5,1,B,,,,,,812
5775,2021,1126,5.72,Me,5,2,B,,,,,,812
5776,2021,1126,5.72,Me,5,3,B,,,,,,812
5777,2021,1126,5.72,Me,5,4,S,0.0,0.0,,,,812
5778,2021,1126,5.72,Me,5,5,S,0.0,0.0,,,,812
5779,2021,1127,1.1,Sh,1,1,B,,,,,,812
5780,2021,1128,2.32,Sh,2,1,S,0.0,0.0,,,,812
5781,2021,1128,2.32,Sh,2,2,V,,,5.11,Me,3.0,812
5782,2021,1131,6.88,Me,2,1,S,0.0,0.0,,,,812
5783,2021,1131,6.88,Me,2,2,V,,,3.62,Sh,1.0,812
5784,2021,1131,6.88,Me,2,2,M,0.0,0.0,2.22,Sh,3.0,812
5785,2021,1131,6.88,Me,2,2,V,,,2.62,Sh,4.0,812
5786,2021,1132,6.48,Me,9,1,V,,,3.63,Sh,3.0,812
5787,2021,1132,6.48,Me,9,1,V,,,1.44,Sh,2.0,812
5788,2021,1132,6.48,Me,9,2,V,,,,,,812
5789,2021,1132,6.48,Me,9,3,B,,,,,,812
5790,2021,1132,6.48,Me,9,4,V,,,,,,812
5791,2021,1132,6.48,Me,9,5,M,0.0,0.0,4.13,Sh,5.0,812
5792,2021,1132,6.48,Me,9,6,S,0.0,0.0,,,,812
5793,2021,1132,6.48,Me,9,7,S,0.0,0.0,,,,812
5794,2021,1132,6.48,Me,9,8,V,,,3.46,Sh,2.0,812
5795,2021,1132,6.48,Me,9,8,V,,,2.69,Sh,3.0,812
5796,2021,1132,6.48,Me,9,8,M,0.0,0.0,0.02,Sh,2.0,812
5797,2021,1132,6.48,Me,9,9,S,0.0,0.0,,,,812
5798,2021,1133,6.59,Me,9,1,V,,,1.47,Sh,3.0,812
5799,2021,1133,6.59,Me,9,1,V,,,,,,812
5800,2021,1133,6.59,Me,9,2,S,0.0,0.0,,,,812
5801,2021,1133,6.59,Me,9,3,V,,,3.3,Sh,3.0,812
5802,2021,1133,6.59,Me,9,4,S,0.0,0.0,,,,812
5803,2021,1133,6.59,Me,9,5,M,1.0,6.0,2.17,Sh,7.0,812
5804,2021,1133,6.59,Me,9,6,M,1.0,4.0,2.81,Sh,2.0,812
5805,2021,1133,6.59,Me,9,7,M,0.0,0.0,3.73,Sh,5.0,812
5806,2021,1133,6.59,Me,9,8,M,0.0,0.0,7.78,Me,2.0,812
5807,2021,1133,6.59,Me,9,9,M,0.0,0.0,6.35,Me,5.0,812
5808,2021,1133,6.59,Me,9,9,V,,,6.77,Me,6.0,812
5809,2021,1134,10.28,Me,6,1,V,,,,,,812
5810,2021,1134,10.28,Me,6,1,V,,,,,,812
5811,2021,1134,10.28,Me,6,2,V,,,4.77,Sh,4.0,812
5812,2021,1134,10.28,Me,6,2,V,,,,,,812
5813,2021,1134,10.28,Me,6,3,M,1.0,1.0,3.86,Sh,2.0,812
5814,2021,1134,10.28,Me,6,4,S,0.0,0.0,,,,812
5815,2021,1134,10.28,Me,6,5,S,0.0,0.0,,,,812
5816,2021,1134,10.28,Me,6,6,S,0.0,0.0,,,,812
5817,2021,1135,10.0,Me,3,1,V,,,1.56,Sh,2.0,812
5818,2021,1135,10.0,Me,3,2,B,,,,,,812
5819,2021,1135,10.0,Me,3,3,M,,,,,,812
5820,2021,1135,10.0,Me,3,3,V,,,2.04,Sh,3.0,812
5821,2021,1135,10.0,Me,3,3,V,,,1.38,Sh,3.0,812
5822,2021,1137,4.67,Sh,2,1,V,,,,,,812
5823,2021,1137,4.67,Sh,2,1,V,,,,,,812
5824,2021,1137,4.67,Sh,2,2,S,0.0,0.0,,,,812
5825,2021,1138,9.59,Me,7,1,B,,,,,,812
5826,2021,1138,9.59,Me,7,2,S,0.0,0.0,,,,812
5827,2021,1138,9.59,Me,7,3,S,0.0,0.0,,,,812
5828,2021,1138,9.59,Me,7,4,B,,,,,,812
5829,2021,1138,9.59,Me,7,5,V,,,2.12,Sh,2.0,812
5830,2021,1138,9.59,Me,7,6,M,1.0,3.0,5.17,Me,1.0,812
5831,2021,1138,9.59,Me,7,7,M,0.0,0.0,7.79,Me,5.0,812
5832,2021,1139,6.38,Me,9,1,B,,,,,,812
5833,2021,1139,6.38,Me,9,2,V,,,4.88,Sh,6.0,812
5834,2021,1139,6.38,Me,9,3,B,,,,,,812
5835,2021,1139,6.38,Me,9,4,S,0.0,0.0,,,,812
5836,2021,1139,6.38,Me,9,5,M,0.0,0.0,0.84,Sh,1.0,812
5837,2021,1139,6.38,Me,9,5,V,,,1.83,Sh,3.0,812
5838,2021,1139,6.38,Me,9,6,M,0.0,0.0,6.3,Me,9.0,812
5839,2021,1139,6.38,Me,9,6,M,1.0,2.0,3.51,Sh,5.0,812
5840,2021,1139,6.38,Me,9,7,V,,,1.51,Sh,2.0,812
5841,2021,1139,6.38,Me,9,8,M,0.0,0.0,1.75,Sh,2.0,812
5842,2021,1139,6.38,Me,9,9,S,0.0,0.0,,,,812
5843,2021,1140,10.05,Me,6,1,V,,,1.69,Sh,2.0,812
5844,2021,1140,10.05,Me,6,2,M,,,,,,812
5845,2021,1140,10.05,Me,6,2,M,0.0,0.0,1.15,Sh,3.0,812
5846,2021,1140,10.05,Me,6,2,M,0.0,0.0,2.92,Sh,5.0,812
5847,2021,1140,10.05,Me,6,2,M,0.0,0.0,0.86,Sh,2.0,812
5848,2021,1140,10.05,Me,6,3,V,,,,,,812
5849,2021,1140,10.05,Me,6,4,V,,,3.34,Sh,2.0,812
5850,2021,1140,10.05,Me,6,4,M,1.0,4.0,8.32,Me,5.0,812
5851,2021,1140,10.05,Me,6,5,S,0.0,0.0,,,,812
5852,2021,1140,10.05,Me,6,6,V,,,3.89,Sh,6.0,812
5853,2021,1140,10.05,Me,6,6,M,0.0,0.0,3.65,Sh,5.0,812
5854,2021,1140,10.05,Me,6,6,V,,,5.99,Me,4.0,812
5855,2021,1141,5.72,Me,10,1,V,,,,,,812
5856,2021,1141,5.72,Me,10,2,B,,,,,,812
5857,2021,1141,5.72,Me,10,3,S,0.0,0.0,,,,812
5858,2021,1141,5.72,Me,10,4,B,,,,,,812
5859,2021,1141,5.72,Me,10,5,M,0.0,0.0,7.09,Me,6.0,812
5860,2021,1141,5.72,Me,10,6,V,,,0.97,Sh,1.0,812
5861,2021,1141,5.72,Me,10,6,V,,,1.43,Sh,2.0,812
5862,2021,1141,5.72,Me,10,6,M,,,,,,812
5863,2021,1141,5.72,Me,10,7,S,0.0,0.0,,,,812
5864,2021,1141,5.72,Me,10,8,M,0.0,0.0,5.37,Me,6.0,812
5865,2021,1141,5.72,Me,10,8,M,0.0,0.0,13.77,Me,6.0,812
5866,2021,1141,5.72,Me,10,8,M,0.0,0.0,4.63,Sh,3.0,812
5867,2021,1141,5.72,Me,10,9,M,0.0,0.0,3.72,Sh,4.0,812
5868,2021,1141,5.72,Me,10,9,M,0.0,0.0,3.69,Sh,4.0,812
5869,2021,1141,5.72,Me,10,10,M,0.0,0.0,2.56,Sh,4.0,812
5870,2021,1141,5.72,Me,10,10,M,0.0,0.0,4.44,Sh,3.0,812
5871,2021,1141,5.72,Me,10,10,M,0.0,0.0,7.8,Me,4.0,812
5872,2021,1142,5.9,Me,6,1,V,,,2.51,Sh,2.0,812
5873,2021,1142,5.9,Me,6,2,B,,,,,,812
5874,2021,1142,5.9,Me,6,3,M,0.0,0.0,2.62,Sh,3.0,812
5875,2021,1142,5.9,Me,6,4,S,0.0,0.0,,,,812
5876,2021,1142,5.9,Me,6,5,M,0.0,0.0,5.21,Me,7.0,812
5877,2021,1142,5.9,Me,6,6,M,0.0,0.0,1.08,Sh,6.0,812
5878,2021,1142,5.9,Me,6,6,M,0.0,0.0,1.05,Sh,3.0,812
5879,2021,1143,3.14,Sh,2,1,B,,,,,,812
5880,2021,1143,3.14,Sh,2,2,B,,,,,,812
5881,2021,1144,6.56,Me,7,1,V,,,5.87,Me,6.0,812
5882,2021,1144,6.56,Me,7,1,V,,,,,,812
5883,2021,1144,6.56,Me,7,1,V,,,3.81,Sh,4.0,812
5884,2021,1144,6.56,Me,7,2,M,0.0,0.0,2.4,Sh,1.0,812
5885,2021,1144,6.56,Me,7,3,B,,,,,,812
5886,2021,1144,6.56,Me,7,4,S,0.0,0.0,,,,812
5887,2021,1144,6.56,Me,7,5,V,,,5.91,Me,3.0,812
5888,2021,1144,6.56,Me,7,6,S,0.0,0.0,,,,812
5889,2021,1144,6.56,Me,7,7,V,,,5.81,Me,5.0,812
5890,2021,1145,5.94,Me,10,1,S,0.0,0.0,,,,812
5891,2021,1145,5.94,Me,10,2,V,,,3.23,Sh,5.0,812
5892,2021,1145,5.94,Me,10,2,V,,,,,,812
5893,2021,1145,5.94,Me,10,3,M,0.0,0.0,0.7,Sh,2.0,812
5894,2021,1145,5.94,Me,10,4,V,,,0.04,Sh,3.0,812
5895,2021,1145,5.94,Me,10,5,V,,,,,,812
5896,2021,1145,5.94,Me,10,5,M,0.0,0.0,2.35,Sh,1.0,812
5897,2021,1145,5.94,Me,10,5,M,0.0,0.0,1.33,Sh,2.0,812
5898,2021,1145,5.94,Me,10,6,M,0.0,0.0,0.6,Sh,1.0,812
5899,2021,1145,5.94,Me,10,7,V,,,,,,812
5900,2021,1145,5.94,Me,10,8,B,,,,,,812
5901,2021,1145,5.94,Me,10,9,M,1.0,4.0,5.28,Me,6.0,812
5902,2021,1145,5.94,Me,10,10,M,1.0,2.0,7.95,Me,8.0,812
5903,2021,1146,4.47,Sh,3,1,B,,,,,,812
5904,2021,1146,4.47,Sh,3,2,V,,,2.31,Sh,4.0,812
5905,2021,1146,4.47,Sh,3,3,M,0.0,0.0,3.84,Sh,3.0,812
5906,2021,1148,0.15,Sh,3,1,V,,,1.99,Sh,1.0,812
5907,2021,1148,0.15,Sh,3,2,B,,,,,,812
5908,2021,1148,0.15,Sh,3,3,V,,,9.0,Me,8.0,812
5909,2021,1149,8.66,Me,8,1,V,,,,,,812
5910,2021,1149,8.66,Me,8,2,M,1.0,1.0,3.76,Sh,3.0,812
5911,2021,1149,8.66,Me,8,3,S,0.0,0.0,,,,812
5912,2021,1149,8.66,Me,8,4,S,0.0,0.0,,,,812
5913,2021,1149,8.66,Me,8,5,M,1.0,3.0,1.28,Sh,3.0,812
5914,2021,1149,8.66,Me,8,5,V,,,4.63,Sh,2.0,812
5915,2021,1149,8.66,Me,8,6,B,,,,,,812
5916,2021,1149,8.66,Me,8,7,M,0.0,0.0,6.04,Me,3.0,812
5917,2021,1149,8.66,Me,8,8,M,1.0,1.0,4.63,Sh,4.0,812
5918,2021,1149,8.66,Me,8,8,M,0.0,0.0,6.44,Me,3.0,812
5919,2021,1151,2.73,Sh,2,1,S,0.0,0.0,,,,812
5920,2021,1151,2.73,Sh,2,2,V,,,0.61,Sh,1.0,812
5921,2021,1153,7.47,Me,5,1,V,,,1.08,Sh,4.0,812
5922,2021,1153,7.47,Me,5,2,V,,,0.91,Sh,2.0,812
5923,2021,1153,7.47,Me,5,3,M,1.0,1.0,4.05,Sh,6.0,812
5924,2021,1153,7.47,Me,5,3,M,1.0,2.0,1.85,Sh,1.0,812
5925,2021,1153,7.47,Me,5,4,M,1.0,2.0,7.49,Me,4.0,812
5926,2021,1153,7.47,Me,5,5,M,0.0,0.0,6.05,Me,3.0,812
5927,2021,1153,7.47,Me,5,5,V,,,9.21,Me,6.0,812
5928,2021,1154,0.49,Sh,2,1,B,,,,,,812
5929,2021,1154,0.49,Sh,2,2,V,,,3.16,Sh,2.0,812
5930,2021,1154,0.49,Sh,2,2,M,0.0,0.0,2.67,Sh,3.0,812
5931,2021,1154,0.49,Sh,2,2,M,0.0,0.0,5.65,Me,7.0,812
5932,2021,1156,1.68,Sh,3,1,V,,,3.2,Sh,5.0,812
5933,2021,1156,1.68,Sh,3,1,V,,,4.98,Sh,4.0,812
5934,2021,1156,1.68,Sh,3,1,V,,,0.16,Sh,1.0,812
5935,2021,1156,1.68,Sh,3,2,M,0.0,0.0,2.19,Sh,7.0,812
5936,2021,1156,1.68,Sh,3,3,S,0.0,0.0,,,,812
5937,2021,1157,2.38,Sh,3,1,B,,,,,,812
5938,2021,1157,2.38,Sh,3,2,S,0.0,0.0,,,,812
5939,2021,1157,2.38,Sh,3,3,V,,,2.0,Sh,6.0,812
5940,2021,1159,2.65,Sh,4,1,S,0.0,0.0,,,,812
5941,2021,1159,2.65,Sh,4,2,M,0.0,0.0,5.31,Me,3.0,812
5942,2021,1159,2.65,Sh,4,3,M,0.0,0.0,2.08,Sh,4.0,812
5943,2021,1159,2.65,Sh,4,4,V,,,4.21,Sh,3.0,812
5944,2021,1160,1.26,Sh,5,1,B,,,,,,812
5945,2021,1160,1.26,Sh,5,2,B,,,,,,812
5946,2021,1160,1.26,Sh,5,3,S,0.0,0.0,,,,812
5947,2021,1160,1.26,Sh,5,4,V,,,2.88,Sh,3.0,812
5948,2021,1160,1.26,Sh,5,4,M,0.0,0.0,1.53,Sh,4.0,812
5949,2021,1160,1.26,Sh,5,5,M,0.0,0.0,3.91,Sh,4.0,812
5950,2021,1161,0.8,Sh,2,1,V,,,4.61,Sh,3.0,812
5951,2021,1161,0.8,Sh,2,2,M,0.0,0.0,6.79,Me,6.0,812
5952,2021,1162,1.84,Sh,5,1,M,1.0,1.0,0.21,Sh,1.0,812
5953,2021,1162,1.84,Sh,5,2,V,,,0.13,Sh,1.0,812
5954,2021,1162,1.84,Sh,5,2,V,,,3.83,Sh,3.0,812
5955,2021,1162,1.84,Sh,5,3,S,0.0,0.0,,,,812
5956,2021,1162,1.84,Sh,5,4,S,0.0,0.0,,,,812
5957,2021,1162,1.84,Sh,5,5,V,,,0.07,Sh,3.0,812
5958,2021,1164,2.44,Sh,2,1,V,,,,,,812
5959,2021,1164,2.44,Sh,2,2,V,,,6.41,Me,6.0,812
5960,2021,1164,2.44,Sh,2,2,V,,,3.43,Sh,3.0,812
5961,2021,1164,2.44,Sh,2,2,V,,,0.56,Sh,3.0,812
5962,2021,1165,4.63,Sh,6,1,B,,,,,,812
5963,2021,1165,4.63,Sh,6,2,V,,,1.38,Sh,3.0,812
5964,2021,1165,4.63,Sh,6,2,V,,,1.71,Sh,1.0,812
5965,2021,1165,4.63,Sh,6,3,B,,,,,,812
5966,2021,1165,4.63,Sh,6,4,S,0.0,0.0,,,,812
5967,2021,1165,4.63,Sh,6,5,S,0.0,0.0,,,,812
5968,2021,1165,4.63,Sh,6,6,V,,,6.74,Me,6.0,812
5969,2021,1167,1.72,Sh,1,1,B,,,,,,812
5970,2021,1168,1.52,Sh,4,1,V,,,0.81,Sh,5.0,812
5971,2021,1168,1.52,Sh,4,2,B,,,,,,812
5972,2021,1168,1.52,Sh,4,3,B,,,,,,812
5973,2021,1168,1.52,Sh,4,4,V,,,,,,812
5974,2021,1169,4.82,Sh,6,1,V,,,0.95,Sh,2.0,812
5975,2021,1169,4.82,Sh,6,1,V,,,1.48,Sh,3.0,812
5976,2021,1169,4.82,Sh,6,2,V,,,2.97,Sh,5.0,812
5977,2021,1169,4.82,Sh,6,3,B,,,,,,812
5978,2021,1169,4.82,Sh,6,4,V,,,0.59,Sh,4.0,812
5979,2021,1169,4.82,Sh,6,5,V,,,7.84,Me,4.0,812
5980,2021,1169,4.82,Sh,6,5,V,,,1.61,Sh,1.0,812
5981,2021,1169,4.82,Sh,6,5,M,0.0,0.0,3.65,Sh,5.0,812
5982,2021,1169,4.82,Sh,6,5,V,,,4.34,Sh,2.0,812
5983,2021,1169,4.82,Sh,6,6,V,,,8.68,Me,7.0,812
5984,2021,1170,1.75,Sh,3,1,V,,,,,,812
5985,2021,1170,1.75,Sh,3,2,S,0.0,0.0,,,,812
5986,2021,1170,1.75,Sh,3,3,V,,,0.13,Sh,1.0,812
5987,2021,1173,0.25,Sh,2,1,B,,,,,,812
5988,2021,1173,0.25,Sh,2,2,S,0.0,0.0,,,,812
5989,2021,1175,8.79,Me,6,1,V,,,,,,812
5990,2021,1175,8.79,Me,6,1,V,,,2.22,Sh,3.0,812
5991,2021,1175,8.79,Me,6,1,V,,,1.56,Sh,5.0,812
5992,2021,1175,8.79,Me,6,2,V,,,,,,812
5993,2021,1175,8.79,Me,6,3,M,0.0,0.0,4.52,Sh,3.0,812
5994,2021,1175,8.79,Me,6,4,V,,,,,,812
5995,2021,1175,8.79,Me,6,5,V,,,4.23,Sh,3.0,812
5996,2021,1175,8.79,Me,6,6,V,,,6.79,Me,6.0,812
5997,2021,1177,6.74,Me,5,1,B,,,,,,812
5998,2021,1177,6.74,Me,5,2,V,,,,,,812
5999,2021,1177,6.74,Me,5,2,V,,,,,,812
6000,2021,1177,6.74,Me,5,3,B,,,,,,812
6001,2021,1177,6.74,Me,5,4,S,0.0,0.0,,,,812
6002,2021,1177,6.74,Me,5,5,V,,,1.97,Sh,4.0,812
6003,2021,1177,6.74,Me,5,5,M,0.0,0.0,3.9,Sh,4.0,812
6004,2021,1178,4.71,Sh,7,1,B,,,,,,812
6005,2021,1178,4.71,Sh,7,2,M,,,,,,812
6006,2021,1178,4.71,Sh,7,2,V,,,7.05,Me,7.0,812
6007,2021,1178,4.71,Sh,7,3,V,,,2.32,Sh,1.0,812
6008,2021,1178,4.71,Sh,7,3,V,,,5.64,Me,8.0,812
6009,2021,1178,4.71,Sh,7,3,M,,,,,,812
6010,2021,1178,4.71,Sh,7,3,V,,,0.47,Sh,3.0,812
6011,2021,1178,4.71,Sh,7,4,M,0.0,0.0,5.84,Me,6.0,812
6012,2021,1178,4.71,Sh,7,4,V,,,2.63,Sh,1.0,812
6013,2021,1178,4.71,Sh,7,5,V,,,2.76,Sh,1.0,812
6014,2021,1178,4.71,Sh,7,6,V,,,1.33,Sh,3.0,812
6015,2021,1178,4.71,Sh,7,6,M,0.0,0.0,1.43,Sh,4.0,812
6016,2021,1178,4.71,Sh,7,6,M,0.0,0.0,1.74,Sh,2.0,812
6017,2021,1178,4.71,Sh,7,6,M,0.0,0.0,3.84,Sh,4.0,812
6018,2021,1178,4.71,Sh,7,7,M,0.0,0.0,3.81,Sh,5.0,812
6019,2021,1179,3.26,Sh,3,1,V,,,,,,812
6020,2021,1179,3.26,Sh,3,2,M,1.0,5.0,2.97,Sh,4.0,812
6021,2021,1179,3.26,Sh,3,3,S,0.0,0.0,,,,812
6022,2021,1180,6.29,Me,7,1,M,0.0,0.0,3.71,Sh,3.0,812
6023,2021,1180,6.29,Me,7,2,S,0.0,0.0,,,,812
6024,2021,1180,6.29,Me,7,3,S,0.0,0.0,,,,812
6025,2021,1180,6.29,Me,7,4,B,,,,,,812
6026,2021,1180,6.29,Me,7,5,S,0.0,0.0,,,,812
6027,2021,1180,6.29,Me,7,6,M,0.0,0.0,4.47,Sh,4.0,812
6028,2021,1180,6.29,Me,7,7,M,0.0,0.0,7.81,Me,4.0,812
6029,2021,1182,12.57,Me,7,1,B,,,,,,812
6030,2021,1182,12.57,Me,7,2,V,,,5.41,Me,5.0,812
6031,2021,1182,12.57,Me,7,3,V,,,6.69,Me,5.0,812
6032,2021,1182,12.57,Me,7,4,S,0.0,0.0,,,,812
6033,2021,1182,12.57,Me,7,5,M,,,,,,812
6034,2021,1182,12.57,Me,7,5,V,,,6.73,Me,2.0,812
6035,2021,1182,12.57,Me,7,6,S,0.0,0.0,,,,812
6036,2021,1182,12.57,Me,7,7,M,0.0,0.0,4.68,Sh,3.0,812
6037,2021,1182,12.57,Me,7,7,M,0.0,0.0,5.61,Me,7.0,812
6038,2021,1183,1.39,Sh,3,1,B,,,,,,812
6039,2021,1183,1.39,Sh,3,2,V,,,0.92,Sh,5.0,812
6040,2021,1183,1.39,Sh,3,3,S,0.0,0.0,,,,812
6041,2021,1184,1.08,Sh,3,1,B,,,,,,812
6042,2021,1184,1.08,Sh,3,2,M,0.0,0.0,1.66,Sh,3.0,812
6043,2021,1184,1.08,Sh,3,2,M,0.0,0.0,1.23,Sh,4.0,812
6044,2021,1184,1.08,Sh,3,3,B,,,,,,812
6045,2021,1185,0.72,Sh,2,1,V,,,0.54,Sh,4.0,812
6046,2021,1185,0.72,Sh,2,1,M,0.0,0.0,1.93,Sh,4.0,812
6047,2021,1185,0.72,Sh,2,2,B,,,,,,812
6048,2021,1188,1.64,Sh,4,1,B,,,,,,812
6049,2021,1188,1.64,Sh,4,2,S,0.0,0.0,,,,812
6050,2021,1188,1.64,Sh,4,3,V,,,,,,812
6051,2021,1188,1.64,Sh,4,4,M,0.0,0.0,1.37,Sh,4.0,812
6052,2021,1189,2.54,Sh,3,1,M,0.0,0.0,5.02,Me,2.0,812
6053,2021,1189,2.54,Sh,3,2,B,,,,,,812
6054,2021,1189,2.54,Sh,3,3,B,,,,,,812
6055,2021,1190,4.15,Sh,4,1,B,,,,,,812
6056,2021,1190,4.15,Sh,4,2,M,1.0,3.0,3.85,Sh,4.0,812
6057,2021,1190,4.15,Sh,4,3,B,,,,,,812
6058,2021,1190,4.15,Sh,4,4,V,,,4.04,Sh,4.0,812
6059,2021,1190,4.15,Sh,4,4,V,,,4.28,Sh,4.0,812
6060,2021,1190,4.15,Sh,4,4,V,,,4.15,Sh,6.0,812
6061,2021,1191,1.25,Sh,6,1,V,,,,,,812
6062,2021,1191,1.25,Sh,6,1,V,,,1.71,Sh,4.0,812
6063,2021,1191,1.25,Sh,6,2,S,0.0,0.0,,,,812
6064,2021,1191,1.25,Sh,6,3,S,0.0,0.0,,,,812
6065,2021,1191,1.25,Sh,6,4,M,1.0,6.0,0.59,Sh,2.0,812
6066,2021,1191,1.25,Sh,6,5,V,,,5.81,Me,6.0,812
6067,2021,1191,1.25,Sh,6,6,S,0.0,0.0,,,,812
6068,2021,1192,0.8,Sh,2,1,V,,,0.62,Sh,1.0,812
6069,2021,1192,0.8,Sh,2,2,S,0.0,0.0,,,,812
6070,2021,1193,5.77,Me,3,1,M,0.0,0.0,1.07,Sh,1.0,812
6071,2021,1193,5.77,Me,3,1,M,0.0,0.0,0.99,Sh,3.0,812
6072,2021,1193,5.77,Me,3,2,B,,,,,,812
6073,2021,1193,5.77,Me,3,3,M,1.0,2.0,4.97,Sh,2.0,812
6074,2021,1194,2.83,Sh,1,1,V,,,1.53,Sh,3.0,812
6075,2021,1194,2.83,Sh,1,1,V,,,3.95,Sh,4.0,812
6076,2021,1194,2.83,Sh,1,1,M,0.0,0.0,1.54,Sh,2.0,812
6077,2021,1195,2.05,Sh,3,1,B,,,,,,812
6078,2021,1195,2.05,Sh,3,2,V,,,0.82,Sh,4.0,812
6079,2021,1195,2.05,Sh,3,2,V,,,,,,812
6080,2021,1195,2.05,Sh,3,2,M,,,,,,812
6081,2021,1195,2.05,Sh,3,3,V,,,3.6,Sh,5.0,812
6082,2021,1195,2.05,Sh,3,3,V,,,2.74,Sh,3.0,812
6083,2021,1195,2.05,Sh,3,3,M,0.0,0.0,0.65,Sh,1.0,812
6084,2021,1196,3.09,Sh,2,1,B,,,,,,812
6085,2021,1196,3.09,Sh,2,2,V,,,,,,812
6086,2021,1196,3.09,Sh,2,2,V,,,2.48,Sh,3.0,812
6087,2021,1196,3.09,Sh,2,2,V,,,6.79,Me,3.0,812
6088,2021,1196,3.09,Sh,2,2,V,,,4.91,Sh,5.0,812
6089,2021,1196,3.09,Sh,2,2,V,,,3.91,Sh,7.0,812
6090,2021,1197,8.11,Me,6,1,S,0.0,0.0,,,,812
6091,2021,1197,8.11,Me,6,2,V,,,0.89,Sh,2.0,812
6092,2021,1197,8.11,Me,6,3,V,,,1.09,Sh,2.0,812
6093,2021,1197,8.11,Me,6,4,M,,,,,,812
6094,2021,1197,8.11,Me,6,4,M,1.0,1.0,2.27,Sh,7.0,812
6095,2021,1197,8.11,Me,6,4,M,0.0,0.0,0.55,Sh,1.0,812
6096,2021,1197,8.11,Me,6,5,S,0.0,0.0,,,,812
6097,2021,1197,8.11,Me,6,6,V,,,9.08,Me,6.0,812
6098,2021,1198,0.66,Sh,2,1,B,,,,,,812
6099,2021,1198,0.66,Sh,2,2,M,0.0,0.0,2.21,Sh,2.0,812
6100,2021,1199,9.11,Me,5,1,B,,,,,,812
6101,2021,1199,9.11,Me,5,2,V,,,0.97,Sh,2.0,812
6102,2021,1199,9.11,Me,5,3,V,,,2.64,Sh,4.0,812
6103,2021,1199,9.11,Me,5,4,M,1.0,2.0,5.47,Me,3.0,812
6104,2021,1199,9.11,Me,5,5,M,0.0,0.0,5.98,Me,7.0,812
6105,2021,1200,1.11,Sh,1,1,V,,,3.86,Sh,5.0,812
6106,2021,1201,2.65,Sh,1,1,S,0.0,0.0,,,,812
6107,2021,1203,1.97,Sh,5,1,V,,,6.61,Me,3.0,812
6108,2021,1203,1.97,Sh,5,2,V,,,1.16,Sh,1.0,812
6109,2021,1203,1.97,Sh,5,3,B,,,,,,812
6110,2021,1203,1.97,Sh,5,4,B,,,,,,812
6111,2021,1203,1.97,Sh,5,5,M,,,,,,812
6112,2021,1204,5.69,Me,2,1,B,,,,,,812
6113,2021,1204,5.69,Me,2,2,B,,,,,,812
6114,2021,1205,0.76,Sh,2,1,V,,,4.93,Sh,6.0,812
6115,2021,1205,0.76,Sh,2,1,V,,,,,,812
6116,2021,1205,0.76,Sh,2,2,S,0.0,0.0,,,,812
6117,2021,1206,4.88,Sh,4,1,B,,,,,,812
6118,2021,1206,4.88,Sh,4,2,V,,,1.88,Sh,1.0,812
6119,2021,1206,4.88,Sh,4,2,V,,,,,,812
6120,2021,1206,4.88,Sh,4,3,M,,,,,,812
6121,2021,1206,4.88,Sh,4,4,M,1.0,5.0,5.38,Me,5.0,812
6122,2021,1207,2.79,Sh,4,1,V,,,0.69,Sh,3.0,812
6123,2021,1207,2.79,Sh,4,2,M,0.0,0.0,1.19,Sh,1.0,812
6124,2021,1207,2.79,Sh,4,3,B,,,,,,812
6125,2021,1207,2.79,Sh,4,4,M,1.0,7.0,3.19,Sh,3.0,812
6126,2021,1207,2.79,Sh,4,4,M,0.0,0.0,3.57,Sh,3.0,812
6127,2021,1209,2.55,Sh,2,1,V,,,0.21,Sh,2.0,812
6128,2021,1209,2.55,Sh,2,1,M,0.0,0.0,0.31,Sh,1.0,812
6129,2021,1209,2.55,Sh,2,1,M,0.0,0.0,0.33,Sh,2.0,812
6130,2021,1209,2.55,Sh,2,2,M,1.0,2.0,6.05,Me,6.0,812
6131,2021,1210,2.12,Sh,2,1,V,,,0.31,Sh,3.0,812
6132,2021,1210,2.12,Sh,2,1,V,,,0.9,Sh,3.0,812
6133,2021,1210,2.12,Sh,2,1,V,,,0.09,Sh,1.0,812
6134,2021,1210,2.12,Sh,2,2,B,,,,,,812
6135,2021,1211,2.96,Sh,2,1,S,0.0,0.0,,,,812
6136,2021,1211,2.96,Sh,2,2,B,,,,,,812
6137,2021,1212,4.04,Sh,3,1,M,0.0,0.0,1.77,Sh,5.0,812
6138,2021,1212,4.04,Sh,3,2,S,0.0,0.0,,,,812
6139,2021,1212,4.04,Sh,3,3,V,,,3.35,Sh,3.0,812
6140,2021,1212,4.04,Sh,3,3,M,0.0,0.0,5.49,Me,7.0,812
6141,2021,1212,4.04,Sh,3,3,M,0.0,0.0,4.32,Sh,3.0,812
6142,2021,1212,4.04,Sh,3,3,V,,,3.22,Sh,6.0,812
6143,2021,1213,6.53,Me,4,1,B,,,,,,812
6144,2021,1213,6.53,Me,4,2,S,0.0,0.0,,,,812
6145,2021,1213,6.53,Me,4,3,B,,,,,,812
6146,2021,1213,6.53,Me,4,4,M,0.0,0.0,9.94,Me,8.0,812
6147,2021,1214,7.01,Me,5,1,V,,,0.7,Sh,1.0,812
6148,2021,1214,7.01,Me,5,1,V,,,,,,812
6149,2021,1214,7.01,Me,5,2,V,,,0.11,Sh,2.0,812
6150,2021,1214,7.01,Me,5,3,S,0.0,0.0,,,,812
6151,2021,1214,7.01,Me,5,4,S,0.0,0.0,,,,812
6152,2021,1214,7.01,Me,5,5,V,,,1.13,Sh,1.0,812
6153,2021,1214,7.01,Me,5,5,M,,,,,,812
6154,2021,1214,7.01,Me,5,5,V,,,6.81,Me,6.0,812
6155,2021,1214,7.01,Me,5,5,M,0.0,0.0,11.2,Me,9.0,812
6156,2021,1215,1.73,Sh,2,1,S,0.0,0.0,,,,812
6157,2021,1215,1.73,Sh,2,2,S,0.0,0.0,,,,812
6158,2021,1216,7.46,Me,5,1,B,,,,,,812
6159,2021,1216,7.46,Me,5,2,V,,,4.46,Sh,4.0,812
6160,2021,1216,7.46,Me,5,2,V,,,,,,812
6161,2021,1216,7.46,Me,5,3,S,0.0,0.0,,,,812
6162,2021,1216,7.46,Me,5,4,M,0.0,0.0,5.34,Me,3.0,812
6163,2021,1216,7.46,Me,5,4,V,,,7.17,Me,2.0,812
6164,2021,1216,7.46,Me,5,4,V,,,6.0,Me,7.0,812
6165,2021,1216,7.46,Me,5,5,M,0.0,0.0,8.03,Me,7.0,812
6166,2021,1217,7.06,Me,7,1,V,,,3.95,Sh,2.0,812
6167,2021,1217,7.06,Me,7,1,M,0.0,0.0,2.32,Sh,2.0,812
6168,2021,1217,7.06,Me,7,1,M,,,,,,812
6169,2021,1217,7.06,Me,7,2,V,,,0.45,Sh,3.0,812
6170,2021,1217,7.06,Me,7,3,B,,,,,,812
6171,2021,1217,7.06,Me,7,4,V,,,7.91,Me,8.0,812
6172,2021,1217,7.06,Me,7,5,S,0.0,0.0,,,,812
6173,2021,1217,7.06,Me,7,6,S,0.0,0.0,,,,812
6174,2021,1217,7.06,Me,7,7,M,0.0,0.0,11.74,Me,6.0,812
6175,2021,1217,7.06,Me,7,7,M,1.0,4.0,1.4,Sh,3.0,812
6176,2021,1218,4.07,Sh,2,1,M,1.0,3.0,3.06,Sh,7.0,812
6177,2021,1218,4.07,Sh,2,2,V,,,,,,812
6178,2021,1219,9.42,Me,3,1,B,,,,,,812
6179,2021,1219,9.42,Me,3,2,V,,,3.88,Sh,4.0,812
6180,2021,1219,9.42,Me,3,2,V,,,,,,812
6181,2021,1219,9.42,Me,3,3,M,0.0,0.0,6.05,Me,3.0,812
6182,2021,1219,9.42,Me,3,3,M,0.0,0.0,4.27,Sh,4.0,812
6183,2021,1220,11.51,Me,7,1,B,,,,,,812
6184,2021,1220,11.51,Me,7,2,V,,,7.11,Me,2.0,812
6185,2021,1220,11.51,Me,7,3,M,0.0,0.0,0.12,Sh,3.0,812
6186,2021,1220,11.51,Me,7,3,V,,,0.96,Sh,2.0,812
6187,2021,1220,11.51,Me,7,4,S,0.0,0.0,,,,812
6188,2021,1220,11.51,Me,7,5,S,0.0,0.0,,,,812
6189,2021,1220,11.51,Me,7,6,M,0.0,0.0,5.57,Me,6.0,812
6190,2021,1220,11.51,Me,7,6,V,,,4.54,Sh,4.0,812
6191,2021,1220,11.51,Me,7,6,M,0.0,0.0,5.84,Me,2.0,812
6192,2021,1220,11.51,Me,7,7,M,0.0,0.0,3.13,Sh,2.0,812
6193,2021,1221,2.52,Sh,3,1,B,,,,,,812
6194,2021,1221,2.52,Sh,3,2,B,,,,,,812
6195,2021,1221,2.52,Sh,3,3,M,0.0,0.0,5.69,Me,3.0,812
6196,2021,1222,5.24,Me,5,1,B,,,,,,812
6197,2021,1222,5.24,Me,5,2,M,0.0,0.0,3.07,Sh,1.0,812
6198,2021,1222,5.24,Me,5,3,S,0.0,0.0,,,,812
6199,2021,1222,5.24,Me,5,4,S,0.0,0.0,,,,812
6200,2021,1222,5.24,Me,5,5,V,,,5.77,Me,6.0,812
6201,2021,1222,5.24,Me,5,5,V,,,3.17,Sh,2.0,812
6202,2021,1222,5.24,Me,5,5,M,0.0,0.0,4.01,Sh,7.0,812
6203,2021,1222,5.24,Me,5,5,V,,,6.68,Me,7.0,812
6204,2021,1225,2.95,Sh,5,1,S,0.0,0.0,,,,812
6205,2021,1225,2.95,Sh,5,2,S,0.0,0.0,,,,812
6206,2021,1225,2.95,Sh,5,3,B,,,,,,812
6207,2021,1225,2.95,Sh,5,4,V,,,2.71,Sh,3.0,812
6208,2021,1225,2.95,Sh,5,4,M,0.0,0.0,2.29,Sh,5.0,812
6209,2021,1225,2.95,Sh,5,4,M,0.0,0.0,5.16,Me,6.0,812
6210,2021,1225,2.95,Sh,5,4,M,,,,,,812
6211,2021,1225,2.95,Sh,5,4,M,0.0,0.0,4.34,Sh,5.0,812
6212,2021,1225,2.95,Sh,5,5,V,,,3.2,Sh,3.0,812
6213,2021,1226,3.56,Sh,3,1,B,,,,,,812
6214,2021,1226,3.56,Sh,3,2,V,,,0.72,Sh,4.0,812
6215,2021,1226,3.56,Sh,3,3,M,0.0,0.0,1.37,Sh,1.0,812
6216,2021,1227,2.02,Sh,4,1,M,0.0,0.0,0.03,Sh,4.0,812
6217,2021,1227,2.02,Sh,4,1,V,,,1.23,Sh,3.0,812
6218,2021,1227,2.02,Sh,4,1,V,,,3.16,Sh,4.0,812
6219,2021,1227,2.02,Sh,4,2,V,,,2.63,Sh,1.0,812
6220,2021,1227,2.02,Sh,4,3,B,,,,,,812
6221,2021,1227,2.02,Sh,4,4,M,1.0,2.0,3.44,Sh,3.0,812
6222,2021,1228,3.58,Sh,6,1,B,,,,,,812
6223,2021,1228,3.58,Sh,6,2,B,,,,,,812
6224,2021,1228,3.58,Sh,6,3,S,0.0,0.0,,,,812
6225,2021,1228,3.58,Sh,6,4,S,0.0,0.0,,,,812
6226,2021,1228,3.58,Sh,6,5,M,0.0,0.0,2.86,Sh,3.0,812
6227,2021,1228,3.58,Sh,6,6,V,,,5.44,Me,1.0,812
6228,2021,1229,4.19,Sh,6,1,B,,,,,,812
6229,2021,1229,4.19,Sh,6,2,B,,,,,,812
6230,2021,1229,4.19,Sh,6,3,M,0.0,0.0,6.16,Me,4.0,812
6231,2021,1229,4.19,Sh,6,4,S,0.0,0.0,,,,812
6232,2021,1229,4.19,Sh,6,5,M,0.0,0.0,0.13,Sh,1.0,812
6233,2021,1229,4.19,Sh,6,6,S,0.0,0.0,,,,812
6234,2021,1230,3.5,Sh,2,1,V,,,,,,812
6235,2021,1230,3.5,Sh,2,2,V,,,3.45,Sh,2.0,812
6236,2021,1231,1.59,Sh,6,1,B,,,,,,812
6237,2021,1231,1.59,Sh,6,2,M,,,,,,812
6238,2021,1231,1.59,Sh,6,2,V,,,1.58,Sh,2.0,812
6239,2021,1231,1.59,Sh,6,2,V,,,,,,812
6240,2021,1231,1.59,Sh,6,3,B,,,,,,812
6241,2021,1231,1.59,Sh,6,4,M,0.0,0.0,5.48,Me,6.0,812
6242,2021,1231,1.59,Sh,6,5,M,0.0,0.0,8.03,Me,3.0,812
6243,2021,1231,1.59,Sh,6,5,V,,,7.17,Me,3.0,812
6244,2021,1231,1.59,Sh,6,6,V,,,3.76,Sh,4.0,812
6245,2021,1231,1.61,Sh,1,1,S,0.0,0.0,,,,812
6246,2021,1231,2.87,Sh,3,1,B,,,,,,812
6247,2021,1231,2.87,Sh,3,2,B,,,,,,812
6248,2021,1231,2.87,Sh,3,3,B,,,,,,812
6249,2021,1231,2.12,Sh,4,1,B,,,,,,812
6250,2021,1231,2.12,Sh,4,2,B,,,,,,812
6251,2021,1231,2.12,Sh,4,3,V,,,1.76,Sh,2.0,812
6252,2021,1231,2.12,Sh,4,4,B,,,,,,812
6253,2021,1232,2.97,Sh,3,1,B,,,,,,812
6254,2021,1232,2.97,Sh,3,2,S,0.0,0.0,,,,812
6255,2021,1232,2.97,Sh,3,3,B,,,,,,812
6256,2021,1233,5.19,Me,9,1,M,,,,,,812
6257,2021,1233,5.19,Me,9,1,V,,,,,,812
6258,2021,1233,5.19,Me,9,2,V,,,,,,812
6259,2021,1233,5.19,Me,9,3,M,1.0,1.0,4.29,Sh,5.0,812
6260,2021,1233,5.19,Me,9,4,V,,,2.7,Sh,1.0,812
6261,2021,1233,5.19,Me,9,5,V,,,,,,812
6262,2021,1233,5.19,Me,9,6,V,,,2.21,Sh,3.0,812
6263,2021,1233,5.19,Me,9,7,M,1.0,2.0,6.24,Me,3.0,812
6264,2021,1233,5.19,Me,9,8,M,1.0,3.0,3.99,Sh,3.0,812
6265,2021,1233,5.19,Me,9,9,M,1.0,4.0,11.67,Me,9.0,812
6266,2021,1234,1.47,Sh,1,1,B,,,,,,812
6267,2021,1235,5.21,Me,3,1,V,,,1.25,Sh,2.0,812
6268,2021,1235,5.21,Me,3,2,S,0.0,0.0,,,,812
6269,2021,1235,5.21,Me,3,3,B,,,,,,812
6270,2021,1236,7.22,Me,7,1,V,,,3.17,Sh,4.0,812
6271,2021,1236,7.22,Me,7,2,B,,,,,,812
6272,2021,1236,7.22,Me,7,3,V,,,3.84,Sh,3.0,812
6273,2021,1236,7.22,Me,7,4,B,,,,,,812
6274,2021,1236,7.22,Me,7,5,M,1.0,3.0,3.25,Sh,2.0,812
6275,2021,1236,7.22,Me,7,6,M,0.0,0.0,4.02,Sh,2.0,812
6276,2021,1236,7.22,Me,7,6,M,0.0,0.0,3.47,Sh,5.0,812
6277,2021,1236,7.22,Me,7,6,V,,,1.55,Sh,1.0,812
6278,2021,1236,7.22,Me,7,7,S,0.0,0.0,,,,812
6279,2021,1237,4.74,Sh,2,1,B,,,,,,812
6280,2021,1237,4.74,Sh,2,2,V,,,4.15,Sh,6.0,812
6281,2021,1238,3.74,Sh,4,1,V,,,,,,812
6282,2021,1238,3.74,Sh,4,2,V,,,1.65,Sh,1.0,812
6283,2021,1238,3.74,Sh,4,3,M,0.0,0.0,0.48,Sh,2.0,812
6284,2021,1238,3.74,Sh,4,4,M,1.0,4.0,2.31,Sh,1.0,812
6285,2021,1239,3.37,Sh,3,1,V,,,2.46,Sh,4.0,812
6286,2021,1239,3.37,Sh,3,2,B,,,,,,812
6287,2021,1239,3.37,Sh,3,3,B,,,,,,812
6288,2021,1241,1.48,Sh,4,1,B,,,,,,812
6289,2021,1241,1.48,Sh,4,2,V,,,,,,812
6290,2021,1241,1.48,Sh,4,3,S,0.0,0.0,,,,812
6291,2021,1241,1.48,Sh,4,4,M,0.0,0.0,5.08,Me,6.0,812
6292,2021,1243,1.9,Sh,2,1,B,,,,,,812
6293,2021,1243,1.9,Sh,2,2,S,0.0,0.0,,,,812
6294,2021,1245,3.68,Sh,2,1,V,,,2.44,Sh,4.0,812
6295,2021,1245,3.68,Sh,2,2,S,0.0,0.0,,,,812
6296,2021,1246,9.26,Me,8,1,B,,,,,,812
6297,2021,1246,9.26,Me,8,2,M,0.0,0.0,0.05,Sh,1.0,812
6298,2021,1246,9.26,Me,8,3,B,,,,,,812
6299,2021,1246,9.26,Me,8,4,M,,,,,,812
6300,2021,1246,9.26,Me,8,4,M,0.0,0.0,5.57,Me,4.0,812
6301,2021,1246,9.26,Me,8,4,M,,,,,,812
6302,2021,1246,9.26,Me,8,4,M,,,,,,812
6303,2021,1246,9.26,Me,8,5,M,0.0,0.0,1.29,Sh,3.0,812
6304,2021,1246,9.26,Me,8,6,V,,,4.18,Sh,3.0,812
6305,2021,1246,9.26,Me,8,6,M,0.0,0.0,5.4,Me,2.0,812
6306,2021,1246,9.26,Me,8,7,V,,,7.74,Me,4.0,812
6307,2021,1246,9.26,Me,8,7,V,,,4.54,Sh,3.0,812
6308,2021,1246,9.26,Me,8,8,V,,,3.85,Sh,3.0,812
6309,2021,1248,10.61,Me,7,1,B,,,,,,812
6310,2021,1248,10.61,Me,7,2,B,,,,,,812
6311,2021,1248,10.61,Me,7,3,V,,,,,,812
6312,2021,1248,10.61,Me,7,3,V,,,4.56,Sh,1.0,812
6313,2021,1248,10.61,Me,7,4,S,0.0,0.0,,,,812
6314,2021,1248,10.61,Me,7,5,S,0.0,0.0,,,,812
6315,2021,1248,10.61,Me,7,6,M,0.0,0.0,0.5,Sh,3.0,812
6316,2021,1248,10.61,Me,7,7,M,0.0,0.0,5.95,Me,9.0,812
6317,2021,1249,9.68,Me,6,1,V,,,3.59,Sh,3.0,812
6318,2021,1249,9.68,Me,6,1,V,,,0.32,Sh,1.0,812
6319,2021,1249,9.68,Me,6,1,V,,,,,,812
6320,2021,1249,9.68,Me,6,2,B,,,,,,812
6321,2021,1249,9.68,Me,6,3,V,,,7.81,Me,4.0,812
6322,2021,1249,9.68,Me,6,3,V,,,4.77,Sh,5.0,812
6323,2021,1249,9.68,Me,6,4,S,0.0,0.0,,,,812
6324,2021,1249,9.68,Me,6,5,M,1.0,5.0,4.38,Sh,7.0,812
6325,2021,1249,9.68,Me,6,6,V,,,9.23,Me,7.0,812
6326,2021,1250,8.59,Me,5,1,V,,,,,,812
6327,2021,1250,8.59,Me,5,2,B,,,,,,812
6328,2021,1250,8.59,Me,5,3,M,1.0,2.0,2.94,Sh,6.0,812
6329,2021,1250,8.59,Me,5,4,M,0.0,0.0,0.18,Sh,1.0,812
6330,2021,1250,8.59,Me,5,5,M,0.0,0.0,1.36,Sh,3.0,812
6331,2021,1251,5.72,Me,5,1,B,,,,,,812
6332,2021,1251,5.72,Me,5,2,V,,,2.58,Sh,5.0,812
6333,2021,1251,5.72,Me,5,3,V,,,0.78,Sh,3.0,812
6334,2021,1251,5.72,Me,5,4,S,0.0,0.0,,,,812
6335,2021,1251,5.72,Me,5,5,B,,,,,,812
6336,2021,1252,6.46,Me,6,1,B,,,,,,812
6337,2021,1252,6.46,Me,6,2,V,,,2.16,Sh,2.0,812
6338,2021,1252,6.46,Me,6,3,M,1.0,4.0,5.37,Me,6.0,812
6339,2021,1252,6.46,Me,6,3,M,,,,,,812
6340,2021,1252,6.46,Me,6,4,V,,,0.75,Sh,3.0,812
6341,2021,1252,6.46,Me,6,5,S,0.0,0.0,,,,812
6342,2021,1252,6.46,Me,6,6,M,0.0,0.0,1.44,Sh,3.0,812
6343,2021,1252,6.46,Me,6,6,M,1.0,3.0,1.47,Sh,2.0,812
6344,2021,1255,2.04,Sh,5,1,V,,,,,,812
6345,2021,1255,2.04,Sh,5,1,V,,,,,,812
6346,2021,1255,2.04,Sh,5,1,V,,,2.52,Sh,6.0,812
6347,2021,1255,2.04,Sh,5,2,V,,,0.83,Sh,1.0,812
6348,2021,1255,2.04,Sh,5,2,V,,,1.04,Sh,2.0,812
6349,2021,1255,2.04,Sh,5,2,V,,,0.88,Sh,2.0,812
6350,2021,1255,2.04,Sh,5,2,M,,,,,,812
6351,2021,1255,2.04,Sh,5,3,M,0.0,0.0,1.74,Sh,2.0,812
6352,2021,1255,2.04,Sh,5,4,S,0.0,0.0,,,,812
6353,2021,1255,2.04,Sh,5,5,M,0.0,0.0,2.72,Sh,2.0,812
6354,2021,1255,3.08,Sh,2,1,V,,,0.77,Sh,3.0,812
6355,2021,1255,3.08,Sh,2,2,V,,,4.34,Sh,1.0,812
6356,2021,1257,2.13,Sh,2,1,V,,,2.3,Sh,4.0,812
6357,2021,1257,2.13,Sh,2,2,B,,,,,,812
6358,2021,1258,2.62,Sh,1,1,M,1.0,1.0,1.07,Sh,1.0,812
6359,2021,1259,6.56,Me,5,1,B,,,,,,812
6360,2021,1259,6.56,Me,5,2,S,0.0,0.0,,,,812
6361,2021,1259,6.56,Me,5,3,S,0.0,0.0,,,,812
6362,2021,1259,6.56,Me,5,4,S,0.0,0.0,,,,812
6363,2021,1259,6.56,Me,5,5,M,0.0,0.0,0.21,Sh,2.0,812
6364,2021,1260,2.55,Sh,3,1,V,,,2.78,Sh,2.0,812
6365,2021,1260,2.55,Sh,3,1,M,0.0,0.0,0.31,Sh,2.0,812
6366,2021,1260,2.55,Sh,3,2,S,0.0,0.0,,,,812
6367,2021,1260,2.55,Sh,3,3,M,0.0,0.0,4.78,Sh,9.0,812
6368,2021,1261,1.8,Sh,1,1,V,,,5.67,Me,5.0,812
6369,2021,1261,1.8,Sh,1,1,V,,,1.29,Sh,1.0,812
6370,2021,1262,10.74,Me,7,1,B,,,,,,812
6371,2021,1262,10.74,Me,7,2,S,0.0,0.0,,,,812
6372,2021,1262,10.74,Me,7,3,V,,,0.92,Sh,3.0,812
6373,2021,1262,10.74,Me,7,3,M,0.0,0.0,4.14,Sh,2.0,812
6374,2021,1262,10.74,Me,7,3,V,,,1.69,Sh,3.0,812
6375,2021,1262,10.74,Me,7,3,V,,,5.32,Me,7.0,812
6376,2021,1262,10.74,Me,7,4,M,0.0,0.0,13.57,Me,9.0,812
6377,2021,1262,10.74,Me,7,4,V,,,0.94,Sh,3.0,812
6378,2021,1262,10.74,Me,7,4,V,,,3.93,Sh,7.0,812
6379,2021,1262,10.74,Me,7,4,M,0.0,0.0,1.64,Sh,2.0,812
6380,2021,1262,10.74,Me,7,5,V,,,3.8,Sh,5.0,812
6381,2021,1262,10.74,Me,7,6,S,0.0,0.0,,,,812
6382,2021,1262,10.74,Me,7,7,M,0.0,0.0,5.2,Me,5.0,812
6383,2021,1263,8.02,Me,6,1,V,,,6.95,Me,2.0,812
6384,2021,1263,8.02,Me,6,2,V,,,5.39,Me,5.0,812
6385,2021,1263,8.02,Me,6,3,M,1.0,1.0,2.15,Sh,4.0,812
6386,2021,1263,8.02,Me,6,3,V,,,1.07,Sh,3.0,812
6387,2021,1263,8.02,Me,6,4,V,,,0.23,Sh,4.0,812
6388,2021,1263,8.02,Me,6,5,S,0.0,0.0,,,,812
6389,2021,1263,8.02,Me,6,6,M,0.0,0.0,4.87,Sh,3.0,812
6390,2021,1264,6.16,Me,3,1,B,,,,,,812
6391,2021,1264,6.16,Me,3,2,M,0.0,0.0,4.67,Sh,3.0,812
6392,2021,1264,6.16,Me,3,3,B,,,,,,812
6393,2021,1265,3.45,Sh,4,1,V,,,,,,812
6394,2021,1265,3.45,Sh,4,2,V,,,,,,812
6395,2021,1265,3.45,Sh,4,2,V,,,0.82,Sh,1.0,812
6396,2021,1265,3.45,Sh,4,2,V,,,0.27,Sh,2.0,812
6397,2021,1265,3.45,Sh,4,3,S,0.0,0.0,,,,812
6398,2021,1265,3.45,Sh,4,4,V,,,3.78,Sh,4.0,812
6399,2021,1266,2.7,Sh,4,1,V,,,1.19,Sh,3.0,812
6400,2021,1266,2.7,Sh,4,2,S,0.0,0.0,,,,812
6401,2021,1266,2.7,Sh,4,3,S,0.0,0.0,,,,812
6402,2021,1266,2.7,Sh,4,4,V,,,4.54,Sh,6.0,812
6403,2021,1267,11.85,Me,7,1,V,,,0.92,Sh,3.0,812
6404,2021,1267,11.85,Me,7,2,V,,,,,,812
6405,2021,1267,11.85,Me,7,3,B,,,,,,812
6406,2021,1267,11.85,Me,7,4,S,0.0,0.0,,,,812
6407,2021,1267,11.85,Me,7,5,V,,,5.46,Me,2.0,812
6408,2021,1267,11.85,Me,7,6,M,1.0,9.0,1.34,Sh,3.0,812
6409,2021,1267,11.85,Me,7,6,M,,,,,,812
6410,2021,1267,11.85,Me,7,7,V,,,3.03,Sh,3.0,812
6411,2021,1271,1.36,Sh,5,1,S,0.0,0.0,,,,812
6412,2021,1271,1.36,Sh,5,2,V,,,,,,812
6413,2021,1271,1.36,Sh,5,3,S,0.0,0.0,,,,812
6414,2021,1271,1.36,Sh,5,4,B,,,,,,812
6415,2021,1271,1.36,Sh,5,5,M,0.0,0.0,1.46,Sh,3.0,812
6416,2021,1272,4.77,Sh,2,1,S,0.0,0.0,,,,812
6417,2021,1272,4.77,Sh,2,2,M,1.0,5.0,1.72,Sh,7.0,812
6418,2021,1273,6.48,Me,6,1,V,,,2.96,Sh,1.0,812
6419,2021,1273,6.48,Me,6,2,S,0.0,0.0,,,,812
6420,2021,1273,6.48,Me,6,3,V,,,2.17,Sh,2.0,812
6421,2021,1273,6.48,Me,6,3,V,,,3.76,Sh,2.0,812
6422,2021,1273,6.48,Me,6,4,M,0.0,0.0,2.65,Sh,3.0,812
6423,2021,1273,6.48,Me,6,4,V,,,0.27,Sh,1.0,812
6424,2021,1273,6.48,Me,6,5,S,0.0,0.0,,,,812
6425,2021,1273,6.48,Me,6,6,S,0.0,0.0,,,,812
6426,2021,1274,6.03,Me,7,1,B,,,,,,812
6427,2021,1274,6.03,Me,7,2,V,,,1.46,Sh,4.0,812
6428,2021,1274,6.03,Me,7,3,S,0.0,0.0,,,,812
6429,2021,1274,6.03,Me,7,4,M,0.0,0.0,3.84,Sh,7.0,812
6430,2021,1274,6.03,Me,7,4,V,,,0.45,Sh,4.0,812
6431,2021,1274,6.03,Me,7,5,M,0.0,0.0,0.41,Sh,4.0,812
6432,2021,1274,6.03,Me,7,6,M,0.0,0.0,3.57,Sh,3.0,812
6433,2021,1274,6.03,Me,7,7,M,,,,,,812
6434,2021,1275,3.98,Sh,5,1,B,,,,,,812
6435,2021,1275,3.98,Sh,5,2,B,,,,,,812
6436,2021,1275,3.98,Sh,5,3,B,,,,,,812
6437,2021,1275,3.98,Sh,5,4,M,0.0,0.0,1.64,Sh,5.0,812
6438,2021,1275,3.98,Sh,5,4,M,1.0,2.0,2.76,Sh,6.0,812
6439,2021,1275,3.98,Sh,5,5,M,0.0,0.0,5.49,Me,3.0,812
6440,2021,1276,3.86,Sh,7,1,V,,,0.62,Sh,2.0,812
6441,2021,1276,3.86,Sh,7,2,B,,,,,,812
6442,2021,1276,3.86,Sh,7,3,B,,,,,,812
6443,2021,1276,3.86,Sh,7,4,M,0.0,0.0,2.29,Sh,3.0,812
6444,2021,1276,3.86,Sh,7,5,M,0.0,0.0,3.88,Sh,5.0,812
6445,2021,1276,3.86,Sh,7,6,M,1.0,3.0,9.54,Me,4.0,812
6446,2021,1276,3.86,Sh,7,7,M,0.0,0.0,1.15,Sh,4.0,812
6447,2021,1277,7.36,Me,5,1,V,,,,,,812
6448,2021,1277,7.36,Me,5,2,M,1.0,1.0,0.3,Sh,2.0,812
6449,2021,1277,7.36,Me,5,2,M,1.0,2.0,5.3,Me,8.0,812
6450,2021,1277,7.36,Me,5,2,V,,,1.39,Sh,3.0,812
6451,2021,1277,7.36,Me,5,3,M,0.0,0.0,3.9,Sh,3.0,812
6452,2021,1277,7.36,Me,5,4,M,0.0,0.0,1.88,Sh,2.0,812
6453,2021,1277,7.36,Me,5,5,V,,,6.3,Me,5.0,812
6454,2021,1280,0.85,Sh,2,1,M,1.0,2.0,0.8,Sh,3.0,812
6455,2021,1280,0.85,Sh,2,1,V,,,0.04,Sh,1.0,812
6456,2021,1280,0.85,Sh,2,2,B,,,,,,812
6457,2021,1281,1.66,Sh,2,1,B,,,,,,812
6458,2021,1281,1.66,Sh,2,2,S,0.0,0.0,,,,812
6459,2021,1282,3.88,Sh,7,1,B,,,,,,812
6460,2021,1282,3.88,Sh,7,2,V,,,1.5,Sh,1.0,812
6461,2021,1282,3.88,Sh,7,3,V,,,0.41,Sh,2.0,812
6462,2021,1282,3.88,Sh,7,4,S,0.0,0.0,,,,812
6463,2021,1282,3.88,Sh,7,5,M,0.0,0.0,1.96,Sh,2.0,812
6464,2021,1282,3.88,Sh,7,6,S,0.0,0.0,,,,812
6465,2021,1282,3.88,Sh,7,7,M,0.0,0.0,5.24,Me,4.0,812
6466,2021,1283,6.71,Me,6,1,B,,,,,,812
6467,2021,1283,6.71,Me,6,2,S,0.0,0.0,,,,812
6468,2021,1283,6.71,Me,6,3,M,0.0,0.0,5.78,Me,5.0,812
6469,2021,1283,6.71,Me,6,3,V,,,3.29,Sh,2.0,812
6470,2021,1283,6.71,Me,6,3,V,,,0.68,Sh,3.0,812
6471,2021,1283,6.71,Me,6,4,V,,,0.86,Sh,2.0,812
6472,2021,1283,6.71,Me,6,5,M,1.0,3.0,1.86,Sh,1.0,812
6473,2021,1283,6.71,Me,6,6,M,0.0,0.0,10.92,Me,11.0,812
6474,2021,1284,5.67,Me,5,1,M,0.0,0.0,1.36,Sh,5.0,812
6475,2021,1284,5.67,Me,5,2,S,0.0,0.0,,,,812
6476,2021,1284,5.67,Me,5,3,B,,,,,,812
6477,2021,1284,5.67,Me,5,4,V,,,3.18,Sh,4.0,812
6478,2021,1284,5.67,Me,5,4,M,1.0,3.0,1.12,Sh,2.0,812
6479,2021,1284,5.67,Me,5,5,M,1.0,3.0,2.45,Sh,2.0,812
6480,2021,1285,7.29,Me,6,1,V,,,,,,812
6481,2021,1285,7.29,Me,6,1,V,,,0.17,Sh,2.0,812
6482,2021,1285,7.29,Me,6,2,B,,,,,,812
6483,2021,1285,7.29,Me,6,3,B,,,,,,812
6484,2021,1285,7.29,Me,6,4,V,,,2.81,Sh,2.0,812
6485,2021,1285,7.29,Me,6,5,M,0.0,0.0,0.05,Sh,2.0,812
6486,2021,1285,7.29,Me,6,5,V,,,2.77,Sh,5.0,812
6487,2021,1285,7.29,Me,6,6,M,,,,,,812
6488,2021,1286,7.01,Me,1,1,V,,,2.26,Sh,4.0,812
6489,2021,1286,7.01,Me,1,1,M,0.0,0.0,3.49,Sh,2.0,812
6490,2021,1287,7.05,Me,5,1,V,,,,,,812
6491,2021,1287,7.05,Me,5,2,S,0.0,0.0,,,,812
6492,2021,1287,7.05,Me,5,3,S,0.0,0.0,,,,812
6493,2021,1287,7.05,Me,5,4,B,,,,,,812
6494,2021,1287,7.05,Me,5,5,S,0.0,0.0,,,,812
6495,2021,1288,14.0,Me,13,1,B,,,,,,812
6496,2021,1288,14.0,Me,13,2,V,,,,,,812
6497,2021,1288,14.0,Me,13,3,V,,,,,,812
6498,2021,1288,14.0,Me,13,4,V,,,0.48,Sh,4.0,812
6499,2021,1288,14.0,Me,13,5,M,1.0,1.0,1.08,Sh,3.0,812
6500,2021,1288,14.0,Me,13,6,S,0.0,0.0,,,,812
6501,2021,1288,14.0,Me,13,7,V,,,3.38,Sh,3.0,812
6502,2021,1288,14.0,Me,13,8,M,1.0,1.0,1.89,Sh,3.0,812
6503,2021,1288,14.0,Me,13,9,V,,,0.42,Sh,1.0,812
6504,2021,1288,14.0,Me,13,9,M,0.0,0.0,2.76,Sh,3.0,812
6505,2021,1288,14.0,Me,13,10,M,0.0,0.0,2.39,Sh,6.0,812
6506,2021,1288,14.0,Me,13,11,M,1.0,3.0,1.9,Sh,1.0,812
6507,2021,1288,14.0,Me,13,12,V,,,7.39,Me,5.0,812
6508,2021,1288,14.0,Me,13,13,S,0.0,0.0,,,,812
6509,2021,1289,4.48,Sh,3,1,B,,,,,,812
6510,2021,1289,4.48,Sh,3,2,B,,,,,,812
6511,2021,1289,4.48,Sh,3,3,B,,,,,,812
6512,2021,1291,4.28,Sh,7,1,S,0.0,0.0,,,,812
6513,2021,1291,4.28,Sh,7,2,B,,,,,,812
6514,2021,1291,4.28,Sh,7,3,V,,,0.95,Sh,2.0,812
6515,2021,1291,4.28,Sh,7,3,V,,,3.76,Sh,6.0,812
6516,2021,1291,4.28,Sh,7,4,M,1.0,4.0,4.0,Sh,5.0,812
6517,2021,1291,4.28,Sh,7,5,V,,,,,,812
6518,2021,1291,4.28,Sh,7,6,M,0.0,0.0,5.5,Me,5.0,812
6519,2021,1291,4.28,Sh,7,7,M,0.0,0.0,1.48,Sh,5.0,812
6520,2021,1293,1.33,Sh,4,1,B,,,,,,812
6521,2021,1293,1.33,Sh,4,2,V,,,0.17,Sh,2.0,812
6522,2021,1293,1.33,Sh,4,3,V,,,,,,812
6523,2021,1293,1.33,Sh,4,4,V,,,6.04,Me,7.0,812
6524,2021,1293,2.32,Sh,2,1,V,,,1.03,Sh,2.0,812
6525,2021,1293,2.32,Sh,2,1,V,,,0.63,Sh,2.0,812
6526,2021,1293,2.32,Sh,2,2,B,,,,,,812
6527,2021,1295,2.47,Sh,2,1,S,0.0,0.0,,,,812
6528,2021,1295,2.47,Sh,2,2,V,,,3.12,Sh,4.0,812
6529,2021,1296,8.76,Me,7,1,B,,,,,,812
6530,2021,1296,8.76,Me,7,2,S,0.0,0.0,,,,812
6531,2021,1296,8.76,Me,7,3,V,,,1.85,Sh,1.0,812
6532,2021,1296,8.76,Me,7,3,V,,,2.83,Sh,1.0,812
6533,2021,1296,8.76,Me,7,3,M,0.0,0.0,3.78,Sh,5.0,812
6534,2021,1296,8.76,Me,7,3,M,0.0,0.0,1.64,Sh,4.0,812
6535,2021,1296,8.76,Me,7,4,V,,,2.03,Sh,3.0,812
6536,2021,1296,8.76,Me,7,5,V,,,6.66,Me,4.0,812
6537,2021,1296,8.76,Me,7,6,M,1.0,1.0,3.67,Sh,5.0,812
6538,2021,1296,8.76,Me,7,7,M,1.0,8.0,4.54,Sh,3.0,812
6539,2021,1296,8.76,Me,7,7,V,,,4.04,Sh,3.0,812
6540,2021,1297,8.83,Me,8,1,B,,,,,,812
6541,2021,1297,8.83,Me,8,2,V,,,1.01,Sh,2.0,812
6542,2021,1297,8.83,Me,8,3,V,,,1.92,Sh,4.0,812
6543,2021,1297,8.83,Me,8,3,M,0.0,0.0,0.5,Sh,3.0,812
6544,2021,1297,8.83,Me,8,4,V,,,3.92,Sh,1.0,812
6545,2021,1297,8.83,Me,8,4,V,,,1.58,Sh,3.0,812
6546,2021,1297,8.83,Me,8,5,V,,,1.64,Sh,4.0,812
6547,2021,1297,8.83,Me,8,5,V,,,1.03,Sh,2.0,812
6548,2021,1297,8.83,Me,8,6,M,1.0,4.0,0.6,Sh,1.0,812
6549,2021,1297,8.83,Me,8,6,M,0.0,0.0,1.75,Sh,1.0,812
6550,2021,1297,8.83,Me,8,6,M,0.0,0.0,2.88,Sh,4.0,812
6551,2021,1297,8.83,Me,8,6,M,0.0,0.0,7.1,Me,6.0,812
6552,2021,1297,8.83,Me,8,7,M,0.0,0.0,0.26,Sh,3.0,812
6553,2021,1297,8.83,Me,8,8,S,0.0,0.0,,,,812
6554,2021,1298,1.84,Sh,2,1,B,,,,,,812
6555,2021,1298,1.84,Sh,2,2,M,1.0,3.0,0.45,Sh,2.0,812
6556,2021,1299,5.77,Me,6,1,B,,,,,,812
6557,2021,1299,5.77,Me,6,2,M,0.0,0.0,0.18,Sh,3.0,812
6558,2021,1299,5.77,Me,6,2,V,,,,,,812
6559,2021,1299,5.77,Me,6,3,S,0.0,0.0,,,,812
6560,2021,1299,5.77,Me,6,4,S,0.0,0.0,,,,812
6561,2021,1299,5.77,Me,6,5,M,1.0,4.0,6.15,Me,4.0,812
6562,2021,1299,5.77,Me,6,6,M,0.0,0.0,6.08,Me,3.0,812
6563,2021,1300,1.78,Sh,3,1,V,,,,,,812
6564,2021,1300,1.78,Sh,3,2,M,1.0,1.0,4.37,Sh,3.0,812
6565,2021,1300,1.78,Sh,3,3,B,,,,,,812
6566,2021,1301,3.98,Sh,1,1,S,0.0,0.0,,,,812
6567,2021,1303,5.11,Me,3,1,S,0.0,0.0,,,,812
6568,2021,1303,5.11,Me,3,2,B,,,,,,812
6569,2021,1303,5.11,Me,3,3,M,0.0,0.0,4.82,Sh,2.0,812
6570,2021,1304,0.42,Sh,1,1,V,,,3.77,Sh,2.0,812
6571,2021,1305,9.15,Me,4,1,V,,,3.26,Sh,2.0,812
6572,2021,1305,9.15,Me,4,1,V,,,0.83,Sh,3.0,812
6573,2021,1305,9.15,Me,4,2,S,0.0,0.0,,,,812
6574,2021,1305,9.15,Me,4,3,B,,,,,,812
6575,2021,1305,9.15,Me,4,4,V,,,1.77,Sh,3.0,812
6576,2021,1305,9.15,Me,4,4,V,,,3.76,Sh,1.0,812
6577,2021,1305,9.15,Me,4,4,V,,,5.65,Me,5.0,812
6578,2021,1306,8.66,Me,3,1,M,0.0,0.0,4.6,Sh,4.0,812
6579,2021,1306,8.66,Me,3,2,V,,,5.18,Me,5.0,812
6580,2021,1306,8.66,Me,3,3,M,1.0,3.0,9.13,Me,8.0,812
6581,2021,1307,9.84,Me,6,1,V,,,5.59,Me,5.0,812
6582,2021,1307,9.84,Me,6,2,B,,,,,,812
6583,2021,1307,9.84,Me,6,3,V,,,1.33,Sh,3.0,812
6584,2021,1307,9.84,Me,6,4,V,,,3.52,Sh,5.0,812
6585,2021,1307,9.84,Me,6,5,M,0.0,0.0,6.98,Me,5.0,812
6586,2021,1307,9.84,Me,6,6,M,0.0,0.0,4.07,Sh,3.0,812
6587,2021,1307,9.84,Me,6,6,M,0.0,0.0,2.7,Sh,2.0,812
6588,2021,1308,5.31,Me,4,1,V,,,7.17,Me,3.0,812
6589,2021,1308,5.31,Me,4,1,V,,,0.26,Sh,3.0,812
6590,2021,1308,5.31,Me,4,1,V,,,2.12,Sh,7.0,812
6591,2021,1308,5.31,Me,4,1,V,,,,,,812
6592,2021,1308,5.31,Me,4,1,V,,,0.12,Sh,1.0,812
6593,2021,1308,5.31,Me,4,2,B,,,,,,812
6594,2021,1308,5.31,Me,4,3,M,0.0,0.0,7.07,Me,7.0,812
6595,2021,1308,5.31,Me,4,3,M,1.0,1.0,1.86,Sh,1.0,812
6596,2021,1308,5.31,Me,4,3,V,,,4.56,Sh,3.0,812
6597,2021,1308,5.31,Me,4,4,M,0.0,0.0,1.97,Sh,4.0,812
6598,2021,1308,5.31,Me,4,4,M,0.0,0.0,3.47,Sh,3.0,812
6599,2021,1309,1.77,Sh,7,1,B,,,,,,812
6600,2021,1309,1.77,Sh,7,2,B,,,,,,812
6601,2021,1309,1.77,Sh,7,3,B,,,,,,812
6602,2021,1309,1.77,Sh,7,4,S,0.0,0.0,,,,812
6603,2021,1309,1.77,Sh,7,5,S,0.0,0.0,,,,812
6604,2021,1309,1.77,Sh,7,6,M,1.0,8.0,3.84,Sh,4.0,812
6605,2021,1309,1.77,Sh,7,7,V,,,5.36,Me,4.0,812
6606,2021,1309,1.77,Sh,7,7,M,0.0,0.0,4.86,Sh,6.0,812
6607,2021,1310,1.27,Sh,4,1,V,,,2.26,Sh,1.0,812
6608,2021,1310,1.27,Sh,4,2,M,0.0,0.0,4.88,Sh,4.0,812
6609,2021,1310,1.27,Sh,4,2,M,,,,,,812
6610,2021,1310,1.27,Sh,4,3,S,0.0,0.0,,,,812
6611,2021,1310,1.27,Sh,4,4,B,,,,,,812
6612,2021,1312,3.27,Sh,6,1,V,,,,,,812
6613,2021,1312,3.27,Sh,6,2,V,,,4.65,Sh,3.0,812
6614,2021,1312,3.27,Sh,6,3,S,0.0,0.0,,,,812
6615,2021,1312,3.27,Sh,6,4,V,,,4.26,Sh,2.0,812
6616,2021,1312,3.27,Sh,6,5,M,1.0,2.0,6.15,Me,6.0,812
6617,2021,1312,3.27,Sh,6,6,B,,,,,,812
6618,2021,1313,0.57,Sh,1,1,B,,,,,,812
6619,2021,1315,5.66,Me,3,1,B,,,,,,812
6620,2021,1315,5.66,Me,3,2,B,,,,,,812
6621,2021,1315,5.66,Me,3,3,S,0.0,0.0,,,,812
6622,2021,1316,0.43,Sh,3,1,S,0.0,0.0,,,,812
6623,2021,1316,0.43,Sh,3,2,V,,,0.96,Sh,2.0,812
6624,2021,1316,0.43,Sh,3,3,M,1.0,4.0,3.0,Sh,4.0,812
6625,2021,1317,3.58,Sh,3,1,V,,,0.14,Sh,1.0,812
6626,2021,1317,3.58,Sh,3,2,S,0.0,0.0,,,,812
6627,2021,1317,3.58,Sh,3,3,B,,,,,,812
6628,2021,1318,6.0,Me,6,1,M,1.0,1.0,1.97,Sh,7.0,812
6629,2021,1318,6.0,Me,6,2,V,,,0.24,Sh,1.0,812
6630,2021,1318,6.0,Me,6,2,M,0.0,0.0,2.0,Sh,4.0,812
6631,2021,1318,6.0,Me,6,3,V,,,4.51,Sh,3.0,812
6632,2021,1318,6.0,Me,6,3,M,0.0,0.0,3.17,Sh,4.0,812
6633,2021,1318,6.0,Me,6,4,M,0.0,0.0,4.56,Sh,6.0,812
6634,2021,1318,6.0,Me,6,5,M,0.0,0.0,0.16,Sh,2.0,812
6635,2021,1318,6.0,Me,6,6,M,0.0,0.0,1.11,Sh,2.0,812
6636,2021,1319,9.86,Me,4,1,B,,,,,,812
6637,2021,1319,9.86,Me,4,2,S,0.0,0.0,,,,812
6638,2021,1319,9.86,Me,4,3,M,1.0,2.0,2.54,Sh,2.0,812
6639,2021,1319,9.86,Me,4,4,V,,,4.97,Sh,6.0,812
6640,2021,1320,5.69,Me,6,1,B,,,,,,812
6641,2021,1320,5.69,Me,6,2,V,,,3.99,Sh,5.0,812
6642,2021,1320,5.69,Me,6,3,B,,,,,,812
6643,2021,1320,5.69,Me,6,4,S,0.0,0.0,,,,812
6644,2021,1320,5.69,Me,6,5,S,0.0,0.0,,,,812
6645,2021,1320,5.69,Me,6,6,V,,,5.08,Me,2.0,812
6646,2021,1320,5.69,Me,6,6,M,1.0,1.0,6.37,Me,5.0,812
6647,2021,1322,3.58,Sh,7,1,V,,,6.86,Me,4.0,812
6648,2021,1322,3.58,Sh,7,2,B,,,,,,812
6649,2021,1322,3.58,Sh,7,3,V,,,1.3,Sh,4.0,812
6650,2021,1322,3.58,Sh,7,4,V,,,,,,812
6651,2021,1322,3.58,Sh,7,4,M,0.0,0.0,1.78,Sh,2.0,812
6652,2021,1322,3.58,Sh,7,4,M,0.0,0.0,3.49,Sh,4.0,812
6653,2021,1322,3.58,Sh,7,5,V,,,2.36,Sh,2.0,812
6654,2021,1322,3.58,Sh,7,6,S,0.0,0.0,,,,812
6655,2021,1322,3.58,Sh,7,7,V,,,,,,812
6656,2021,1323,1.97,Sh,1,1,V,,,0.24,Sh,3.0,812
6657,2021,1324,3.41,Sh,5,1,B,,,,,,812
6658,2021,1324,3.41,Sh,5,2,S,0.0,0.0,,,,812
6659,2021,1324,3.41,Sh,5,3,M,1.0,2.0,6.02,Me,3.0,812
6660,2021,1324,3.41,Sh,5,4,V,,,3.83,Sh,4.0,812
6661,2021,1324,3.41,Sh,5,5,V,,,4.5,Sh,4.0,812
6662,2021,1325,4.77,Sh,5,1,V,,,,,,812
6663,2021,1325,4.77,Sh,5,2,V,,,5.36,Me,5.0,812
6664,2021,1325,4.77,Sh,5,2,M,0.0,0.0,2.11,Sh,3.0,812
6665,2021,1325,4.77,Sh,5,2,V,,,7.45,Me,2.0,812
6666,2021,1325,4.77,Sh,5,2,M,,,,,,812
6667,2021,1325,4.77,Sh,5,3,B,,,,,,812
6668,2021,1325,4.77,Sh,5,4,M,0.0,0.0,5.02,Me,6.0,812
6669,2021,1325,4.77,Sh,5,5,M,0.0,0.0,4.65,Sh,4.0,812
6670,2021,1325,4.77,Sh,5,5,V,,,3.56,Sh,3.0,812
6671,2021,1326,5.26,Me,3,1,V,,,3.03,Sh,1.0,812
6672,2021,1326,5.26,Me,3,2,S,0.0,0.0,,,,812
6673,2021,1326,5.26,Me,3,3,M,0.0,0.0,2.27,Sh,1.0,812
6674,2021,1327,8.34,Me,2,1,B,,,,,,812
6675,2021,1327,8.34,Me,2,2,M,1.0,6.0,3.11,Sh,1.0,812
6676,2021,1327,8.34,Me,2,2,V,,,10.78,Me,7.0,812
6677,2021,1328,5.16,Me,6,1,V,,,2.26,Sh,2.0,812
6678,2021,1328,5.16,Me,6,2,S,0.0,0.0,,,,812
6679,2021,1328,5.16,Me,6,3,S,0.0,0.0,,,,812
6680,2021,1328,5.16,Me,6,4,V,,,,,,812
6681,2021,1328,5.16,Me,6,5,S,0.0,0.0,,,,812
6682,2021,1328,5.16,Me,6,6,V,,,2.78,Sh,4.0,812
6683,2021,1329,7.61,Me,6,1,B,,,,,,812
6684,2021,1329,7.61,Me,6,2,B,,,,,,812
6685,2021,1329,7.61,Me,6,3,S,0.0,0.0,,,,812
6686,2021,1329,7.61,Me,6,4,S,0.0,0.0,,,,812
6687,2021,1329,7.61,Me,6,5,B,,,,,,812
6688,2021,1329,7.61,Me,6,6,S,0.0,0.0,,,,812
6689,2021,1330,2.57,Sh,3,1,V,,,,,,812
6690,2021,1330,2.57,Sh,3,1,V,,,0.46,Sh,2.0,812
6691,2021,1330,2.57,Sh,3,1,M,0.0,0.0,5.49,Me,4.0,812
6692,2021,1330,2.57,Sh,3,2,B,,,,,,812
6693,2021,1330,2.57,Sh,3,3,V,,,10.1,Me,9.0,812
6694,2021,1332,0.97,Sh,1,1,B,,,,,,812
6695,2021,1333,5.61,Me,4,1,M,0.0,0.0,4.39,Sh,5.0,812
6696,2021,1333,5.61,Me,4,2,B,,,,,,812
6697,2021,1333,5.61,Me,4,3,V,,,0.7,Sh,2.0,812
6698,2021,1333,5.61,Me,4,4,S,0.0,0.0,,,,812
6699,2021,1334,3.86,Sh,2,1,M,0.0,0.0,0.88,Sh,2.0,812
6700,2021,1334,3.86,Sh,2,1,M,0.0,0.0,1.79,Sh,4.0,812
6701,2021,1334,3.86,Sh,2,1,V,,,1.29,Sh,1.0,812
6702,2021,1334,3.86,Sh,2,1,V,,,0.69,Sh,2.0,812
6703,2021,1334,3.86,Sh,2,1,V,,,2.81,Sh,3.0,812
6704,2021,1334,3.86,Sh,2,2,M,1.0,2.0,4.01,Sh,2.0,812
6705,2021,1334,3.86,Sh,2,2,M,1.0,9.0,6.64,Me,6.0,812
6706,2021,1334,3.86,Sh,2,2,V,,,4.59,Sh,4.0,812
6707,2021,1335,9.32,Me,6,1,S,0.0,0.0,,,,812
6708,2021,1335,9.32,Me,6,2,M,1.0,3.0,0.7,Sh,3.0,812
6709,2021,1335,9.32,Me,6,2,M,,,,,,812
6710,2021,1335,9.32,Me,6,2,V,,,6.11,Me,5.0,812
6711,2021,1335,9.32,Me,6,3,B,,,,,,812
6712,2021,1335,9.32,Me,6,4,V,,,,,,812
6713,2021,1335,9.32,Me,6,5,M,0.0,0.0,7.13,Me,3.0,812
6714,2021,1335,9.32,Me,6,5,V,,,2.3,Sh,4.0,812
6715,2021,1335,9.32,Me,6,5,M,1.0,4.0,4.63,Sh,4.0,812
6716,2021,1335,9.32,Me,6,6,M,0.0,0.0,2.24,Sh,4.0,812
6717,2021,1335,9.32,Me,6,6,M,0.0,0.0,12.63,Me,11.0,812
6718,2021,1339,3.18,Sh,6,1,M,1.0,1.0,0.76,Sh,2.0,812
6719,2021,1339,3.18,Sh,6,2,V,,,0.12,Sh,1.0,812
6720,2021,1339,3.18,Sh,6,3,S,0.0,0.0,,,,812
6721,2021,1339,3.18,Sh,6,4,S,0.0,0.0,,,,812
6722,2021,1339,3.18,Sh,6,5,V,,,2.11,Sh,5.0,812
6723,2021,1339,3.18,Sh,6,6,M,0.0,0.0,4.94,Sh,5.0,812
6724,2021,1340,3.54,Sh,5,1,V,,,,,,812
6725,2021,1340,3.54,Sh,5,2,V,,,4.46,Sh,4.0,812
6726,2021,1340,3.54,Sh,5,2,V,,,3.3,Sh,4.0,812
6727,2021,1340,3.54,Sh,5,2,M,,,,,,812
6728,2021,1340,3.54,Sh,5,3,V,,,2.94,Sh,4.0,812
6729,2021,1340,3.54,Sh,5,4,S,0.0,0.0,,,,812
6730,2021,1340,3.54,Sh,5,5,V,,,4.77,Sh,6.0,812
6731,2021,1340,3.54,Sh,5,5,V,,,2.79,Sh,5.0,812
6732,2021,1341,1.19,Sh,2,1,B,,,,,,812
6733,2021,1341,1.19,Sh,2,2,V,,,3.01,Sh,6.0,812
6734,2021,1341,1.19,Sh,2,2,V,,,0.91,Sh,4.0,812
6735,2021,1341,1.19,Sh,2,2,V,,,1.26,Sh,4.0,812
6736,2021,1342,1.93,Sh,1,1,S,0.0,0.0,,,,812
6737,2021,1345,0.64,Sh,1,1,V,,,3.89,Sh,5.0,812
6738,2021,1346,1.95,Sh,1,1,V,,,4.14,Sh,3.0,812
6739,2021,1347,0.67,Sh,1,1,V,,,0.48,Sh,3.0,812
6740,2021,1347,0.67,Sh,1,1,V,,,0.76,Sh,3.0,812
6741,2021,1348,8.12,Me,5,1,B,,,,,,812
6742,2021,1348,8.12,Me,5,2,S,0.0,0.0,,,,812
6743,2021,1348,8.12,Me,5,3,S,0.0,0.0,,,,812
6744,2021,1348,8.12,Me,5,4,B,,,,,,812
6745,2021,1348,8.12,Me,5,5,M,0.0,0.0,5.98,Me,5.0,812
6746,2021,1348,8.12,Me,5,5,M,0.0,0.0,10.6,Me,8.0,812
6747,2021,1349,4.62,Sh,4,1,V,,,1.97,Sh,1.0,812
6748,2021,1349,4.62,Sh,4,1,V,,,1.82,Sh,5.0,812
6749,2021,1349,4.62,Sh,4,2,B,,,,,,812
6750,2021,1349,4.62,Sh,4,3,S,0.0,0.0,,,,812
6751,2021,1349,4.62,Sh,4,4,M,0.0,0.0,4.3,Sh,5.0,812
6752,2021,1351,0.08,Sh,3,1,S,0.0,0.0,,,,812
6753,2021,1351,0.08,Sh,3,2,M,,,,,,812
6754,2021,1351,0.08,Sh,3,3,B,,,,,,812
6755,2021,1354,2.72,Sh,2,1,M,0.0,0.0,1.57,Sh,3.0,812
6756,2021,1354,2.72,Sh,2,2,S,0.0,0.0,,,,812
6757,2021,1354,1.96,Sh,2,1,B,,,,,,812
6758,2021,1354,1.96,Sh,2,2,S,0.0,0.0,,,,812
6759,2021,1356,2.41,Sh,7,1,B,,,,,,812
6760,2021,1356,2.41,Sh,7,2,B,,,,,,812
6761,2021,1356,2.41,Sh,7,3,V,,,0.82,Sh,2.0,812
6762,2021,1356,2.41,Sh,7,4,V,,,2.22,Sh,2.0,812
6763,2021,1356,2.41,Sh,7,5,S,0.0,0.0,,,,812
6764,2021,1356,2.41,Sh,7,6,M,0.0,0.0,5.7,Me,9.0,812
6765,2021,1356,2.41,Sh,7,7,S,0.0,0.0,,,,812
6766,2021,1357,3.75,Sh,4,1,B,,,,,,812
6767,2021,1357,3.75,Sh,4,2,B,,,,,,812
6768,2021,1357,3.75,Sh,4,3,B,,,,,,812
6769,2021,1357,3.75,Sh,4,4,M,0.0,0.0,3.7,Sh,5.0,812
6770,2021,1357,3.75,Sh,4,4,V,,,,,,812
6771,2021,1357,3.75,Sh,4,4,M,0.0,0.0,6.49,Me,5.0,812
6772,2021,1358,1.07,Sh,1,1,B,,,,,,812
6773,2021,1359,0.64,Sh,1,1,B,,,,,,812
6774,2021,1360,3.49,Sh,5,1,B,,,,,,812
6775,2021,1360,3.49,Sh,5,2,V,,,4.85,Sh,6.0,812
6776,2021,1360,3.49,Sh,5,2,V,,,1.15,Sh,4.0,812
6777,2021,1360,3.49,Sh,5,3,B,,,,,,812
6778,2021,1360,3.49,Sh,5,4,M,0.0,0.0,0.86,Sh,1.0,812
6779,2021,1360,3.49,Sh,5,4,M,0.0,0.0,0.8,Sh,2.0,812
6780,2021,1360,3.49,Sh,5,5,M,0.0,0.0,1.53,Sh,4.0,812
6781,2021,1360,3.49,Sh,5,5,M,0.0,0.0,2.22,Sh,2.0,812
6782,2021,1360,3.49,Sh,5,5,V,,,3.63,Sh,4.0,812
6783,2021,1360,2.75,Sh,1,1,S,0.0,0.0,,,,812
6784,2021,1361,7.94,Me,7,1,M,0.0,0.0,1.07,Sh,4.0,812
6785,2021,1361,7.94,Me,7,1,V,,,0.05,Sh,1.0,812
6786,2021,1361,7.94,Me,7,2,S,0.0,0.0,,,,812
6787,2021,1361,7.94,Me,7,3,B,,,,,,812
6788,2021,1361,7.94,Me,7,4,V,,,1.98,Sh,5.0,812
6789,2021,1361,7.94,Me,7,4,M,1.0,4.0,3.04,Sh,3.0,812
6790,2021,1361,7.94,Me,7,5,S,0.0,0.0,,,,812
6791,2021,1361,7.94,Me,7,6,M,1.0,5.0,2.89,Sh,2.0,812
6792,2021,1361,7.94,Me,7,7,M,1.0,3.0,7.23,Me,7.0,812
6793,2021,1362,1.62,Sh,1,1,S,0.0,0.0,,,,812
6794,2021,1363,2.65,Sh,5,1,V,,,,,,812
6795,2021,1363,2.65,Sh,5,1,V,,,0.62,Sh,3.0,812
6796,2021,1363,2.65,Sh,5,2,B,,,,,,812
6797,2021,1363,2.65,Sh,5,3,B,,,,,,812
6798,2021,1363,2.65,Sh,5,4,M,0.0,0.0,1.16,Sh,1.0,812
6799,2021,1363,2.65,Sh,5,4,M,0.0,0.0,2.07,Sh,2.0,812
6800,2021,1363,2.65,Sh,5,4,V,,,3.09,Sh,3.0,812
6801,2021,1363,2.65,Sh,5,5,M,0.0,0.0,9.86,Me,4.0,812
6802,2021,1364,3.2,Sh,6,1,M,0.0,0.0,3.43,Sh,4.0,812
6803,2021,1364,3.2,Sh,6,1,V,,,0.13,Sh,3.0,812
6804,2021,1364,3.2,Sh,6,2,B,,,,,,812
6805,2021,1364,3.2,Sh,6,3,V,,,4.2,Sh,6.0,812
6806,2021,1364,3.2,Sh,6,4,S,0.0,0.0,,,,812
6807,2021,1364,3.2,Sh,6,5,V,,,5.6,Me,5.0,812
6808,2021,1364,3.2,Sh,6,6,V,,,4.45,Sh,6.0,812
6809,2021,1364,3.2,Sh,6,6,M,0.0,0.0,2.8,Sh,6.0,812
6810,2021,1365,3.49,Sh,5,1,S,0.0,0.0,,,,812
6811,2021,1365,3.49,Sh,5,2,B,,,,,,812
6812,2021,1365,3.49,Sh,5,3,M,,,,,,812
6813,2021,1365,3.49,Sh,5,4,B,,,,,,812
6814,2021,1365,3.49,Sh,5,5,B,,,,,,812
6815,2021,1366,2.69,Sh,2,1,B,,,,,,812
6816,2021,1366,2.69,Sh,2,2,S,0.0,0.0,,,,812
6817,2021,1366,1.26,Sh,2,1,B,,,,,,812
6818,2021,1366,1.26,Sh,2,2,V,,,2.82,Sh,1.0,812
6819,2021,1366,1.26,Sh,2,2,M,0.0,0.0,2.99,Sh,5.0,812
6820,2021,1367,2.92,Sh,4,1,B,,,,,,812
6821,2021,1367,2.92,Sh,4,2,B,,,,,,812
6822,2021,1367,2.92,Sh,4,3,B,,,,,,812
6823,2021,1367,2.92,Sh,4,4,B,,,,,,812
6824,2021,1368,1.21,Sh,3,1,V,,,,,,812
6825,2021,1368,1.21,Sh,3,2,S,0.0,0.0,,,,812
6826,2021,1368,1.21,Sh,3,3,V,,,1.88,Sh,2.0,812
6827,2021,1368,3.22,Sh,3,1,B,,,,,,812
6828,2021,1368,3.22,Sh,3,2,V,,,5.17,Me,5.0,812
6829,2021,1368,3.22,Sh,3,3,V,,,3.16,Sh,5.0,812
6830,2021,1369,1.06,Sh,5,1,V,,,0.41,Sh,1.0,812
6831,2021,1369,1.06,Sh,5,1,V,,,,,,812
6832,2021,1369,1.06,Sh,5,1,V,,,3.74,Sh,4.0,812
6833,2021,1369,1.06,Sh,5,2,B,,,,,,812
6834,2021,1369,1.06,Sh,5,3,V,,,0.98,Sh,2.0,812
6835,2021,1369,1.06,Sh,5,3,V,,,,,,812
6836,2021,1369,1.06,Sh,5,4,V,,,2.86,Sh,5.0,812
6837,2021,1369,1.06,Sh,5,5,M,0.0,0.0,1.77,Sh,6.0,812
6838,2021,1370,1.78,Sh,5,1,V,,,2.93,Sh,4.0,812
6839,2021,1370,1.78,Sh,5,1,V,,,0.86,Sh,3.0,812
6840,2021,1370,1.78,Sh,5,2,M,0.0,0.0,0.39,Sh,4.0,812
6841,2021,1370,1.78,Sh,5,3,V,,,3.47,Sh,5.0,812
6842,2021,1370,1.78,Sh,5,3,V,,,3.95,Sh,4.0,812
6843,2021,1370,1.78,Sh,5,4,S,0.0,0.0,,,,812
6844,2021,1370,1.78,Sh,5,5,M,0.0,0.0,1.3,Sh,1.0,812
6845,2021,1370,1.78,Sh,5,5,M,0.0,0.0,4.5,Sh,1.0,812
6846,2021,1373,3.54,Sh,3,1,V,,,1.99,Sh,2.0,812
6847,2021,1373,3.54,Sh,3,2,S,0.0,0.0,,,,812
6848,2021,1373,3.54,Sh,3,3,V,,,4.78,Sh,3.0,812
6849,2021,1374,2.32,Sh,2,1,B,,,,,,812
6850,2021,1374,2.32,Sh,2,2,B,,,,,,812
6851,2021,1375,9.57,Me,5,1,B,,,,,,812
6852,2021,1375,9.57,Me,5,2,V,,,,,,812
6853,2021,1375,9.57,Me,5,3,S,0.0,0.0,,,,812
6854,2021,1375,9.57,Me,5,4,B,,,,,,812
6855,2021,1375,9.57,Me,5,5,V,,,4.75,Sh,3.0,812
6856,2021,1375,9.57,Me,5,5,M,0.0,0.0,3.61,Sh,3.0,812
6857,2021,1378,0.02,Sh,3,1,V,,,0.83,Sh,4.0,812
6858,2021,1378,0.02,Sh,3,1,V,,,2.26,Sh,2.0,812
6859,2021,1378,0.02,Sh,3,2,B,,,,,,812
6860,2021,1378,0.02,Sh,3,3,M,1.0,4.0,4.84,Sh,4.0,812
6861,2021,1378,0.02,Sh,3,3,V,,,,,,812
6862,2021,1379,0.36,Sh,2,1,B,,,,,,812
6863,2021,1379,0.36,Sh,2,2,B,,,,,,812
6864,2021,1381,2.52,Sh,5,1,B,,,,,,812
6865,2021,1381,2.52,Sh,5,2,S,0.0,0.0,,,,812
6866,2021,1381,2.52,Sh,5,3,S,0.0,0.0,,,,812
6867,2021,1381,2.52,Sh,5,4,S,0.0,0.0,,,,812
6868,2021,1381,2.52,Sh,5,5,V,,,8.41,Me,6.0,812
6869,2021,1382,0.89,Sh,3,1,V,,,2.41,Sh,2.0,812
6870,2021,1382,0.89,Sh,3,1,V,,,0.95,Sh,3.0,812
6871,2021,1382,0.89,Sh,3,2,S,0.0,0.0,,,,812
6872,2021,1382,0.89,Sh,3,3,M,0.0,0.0,5.73,Me,2.0,812
6873,2021,1382,1.45,Sh,3,1,B,,,,,,812
6874,2021,1382,1.45,Sh,3,2,B,,,,,,812
6875,2021,1382,1.45,Sh,3,3,V,,,3.62,Sh,2.0,812
6876,2021,1382,1.45,Sh,3,3,V,,,4.25,Sh,5.0,812
6877,2021,1382,1.45,Sh,3,3,M,0.0,0.0,4.23,Sh,5.0,812
6878,2021,1383,0.97,Sh,1,1,M,0.0,0.0,1.67,Sh,4.0,812
6879,2021,1383,0.97,Sh,1,1,V,,,3.72,Sh,2.0,812
6880,2021,1384,4.21,Sh,4,1,M,0.0,0.0,2.83,Sh,4.0,812
6881,2021,1384,4.21,Sh,4,2,V,,,1.08,Sh,5.0,812
6882,2021,1384,4.21,Sh,4,3,M,1.0,3.0,6.79,Me,6.0,812
6883,2021,1384,4.21,Sh,4,4,M,0.0,0.0,0.31,Sh,3.0,812
6884,2021,1385,5.11,Me,4,1,B,,,,,,812
6885,2021,1385,5.11,Me,4,2,V,,,6.91,Me,3.0,812
6886,2021,1385,5.11,Me,4,2,V,,,,,,812
6887,2021,1385,5.11,Me,4,2,V,,,2.4,Sh,2.0,812
6888,2021,1385,5.11,Me,4,3,S,0.0,0.0,,,,812
6889,2021,1385,5.11,Me,4,4,V,,,6.24,Me,5.0,812
6890,2021,1386,3.25,Sh,4,1,S,0.0,0.0,,,,812
6891,2021,1386,3.25,Sh,4,2,B,,,,,,812
6892,2021,1386,3.25,Sh,4,3,S,0.0,0.0,,,,812
6893,2021,1386,3.25,Sh,4,4,S,0.0,0.0,,,,812
6894,2021,1387,3.94,Sh,4,1,V,,,0.11,Sh,1.0,812
6895,2021,1387,3.94,Sh,4,2,B,,,,,,812
6896,2021,1387,3.94,Sh,4,3,V,,,1.72,Sh,3.0,812
6897,2021,1387,3.94,Sh,4,4,M,0.0,0.0,5.57,Me,1.0,812
6898,2021,1388,1.35,Sh,1,1,V,,,,,,812
6899,2021,1388,1.35,Sh,1,1,V,,,0.67,Sh,2.0,812
6900,2021,1388,1.35,Sh,1,1,V,,,3.7,Sh,4.0,812
6901,2021,1388,1.35,Sh,1,1,V,,,0.72,Sh,3.0,812
6902,2021,1389,1.77,Sh,3,1,B,,,,,,812
6903,2021,1389,1.77,Sh,3,2,S,0.0,0.0,,,,812
6904,2021,1389,1.77,Sh,3,3,V,,,2.28,Sh,1.0,812
6905,2021,1390,4.79,Sh,5,1,V,,,,,,812
6906,2021,1390,4.79,Sh,5,2,S,0.0,0.0,,,,812
6907,2021,1390,4.79,Sh,5,3,M,0.0,0.0,6.67,Me,6.0,812
6908,2021,1390,4.79,Sh,5,4,S,0.0,0.0,,,,812
6909,2021,1390,4.79,Sh,5,5,V,,,8.32,Me,7.0,812
6910,2021,1392,1.84,Sh,2,1,M,0.0,0.0,2.88,Sh,5.0,812
6911,2021,1392,1.84,Sh,2,2,V,,,4.9,Sh,7.0,812
6912,2021,1392,2.82,Sh,3,1,V,,,,,,812
6913,2021,1392,2.82,Sh,3,2,S,0.0,0.0,,,,812
6914,2021,1392,2.82,Sh,3,3,S,0.0,0.0,,,,812
6915,2021,1393,8.78,Me,7,1,V,,,3.92,Sh,4.0,812
6916,2021,1393,8.78,Me,7,2,M,,,,,,812
6917,2021,1393,8.78,Me,7,2,V,,,,,,812
6918,2021,1393,8.78,Me,7,2,M,0.0,0.0,1.62,Sh,3.0,812
6919,2021,1393,8.78,Me,7,3,M,1.0,1.0,4.8,Sh,4.0,812
6920,2021,1393,8.78,Me,7,3,V,,,7.98,Me,5.0,812
6921,2021,1393,8.78,Me,7,3,V,,,1.9,Sh,3.0,812
6922,2021,1393,8.78,Me,7,4,S,0.0,0.0,,,,812
6923,2021,1393,8.78,Me,7,5,B,,,,,,812
6924,2021,1393,8.78,Me,7,6,M,1.0,6.0,1.22,Sh,1.0,812
6925,2021,1393,8.78,Me,7,7,V,,,7.51,Me,5.0,812
6926,2021,1394,1.47,Sh,5,1,B,,,,,,812
6927,2021,1394,1.47,Sh,5,2,B,,,,,,812
6928,2021,1394,1.47,Sh,5,3,B,,,,,,812
6929,2021,1394,1.47,Sh,5,4,M,0.0,0.0,0.85,Sh,1.0,812
6930,2021,1394,1.47,Sh,5,5,M,0.0,0.0,4.99,Sh,5.0,812
6931,2021,1394,1.47,Sh,5,5,M,1.0,7.0,5.9,Me,3.0,812
6932,2021,1395,0.57,Sh,2,1,V,,,1.04,Sh,3.0,812
6933,2021,1395,0.57,Sh,2,2,M,0.0,0.0,3.24,Sh,4.0,812
6934,2021,1395,0.57,Sh,2,2,M,0.0,0.0,5.28,Me,4.0,812
6935,2021,1396,1.73,Sh,6,1,V,,,1.07,Sh,1.0,812
6936,2021,1396,1.73,Sh,6,2,V,,,0.2,Sh,3.0,812
6937,2021,1396,1.73,Sh,6,3,S,0.0,0.0,,,,812
6938,2021,1396,1.73,Sh,6,4,V,,,3.65,Sh,4.0,812
6939,2021,1396,1.73,Sh,6,5,M,1.0,4.0,3.99,Sh,2.0,812
6940,2021,1396,1.73,Sh,6,6,M,1.0,3.0,3.98,Sh,3.0,812
6941,2021,1397,3.19,Sh,6,1,V,,,3.67,Sh,6.0,812
6942,2021,1397,3.19,Sh,6,2,B,,,,,,812
6943,2021,1397,3.19,Sh,6,3,M,1.0,6.0,1.33,Sh,3.0,812
6944,2021,1397,3.19,Sh,6,4,S,0.0,0.0,,,,812
6945,2021,1397,3.19,Sh,6,5,B,,,,,,812
6946,2021,1397,3.19,Sh,6,6,M,1.0,1.0,5.12,Me,6.0,812
6947,2021,1397,3.19,Sh,6,6,V,,,2.27,Sh,3.0,812
6948,2021,1398,3.73,Sh,4,1,S,0.0,0.0,,,,812
6949,2021,1398,3.73,Sh,4,2,S,0.0,0.0,,,,812
6950,2021,1398,3.73,Sh,4,3,S,0.0,0.0,,,,812
6951,2021,1398,3.73,Sh,4,4,V,,,,,,812
6952,2021,1401,1.83,Sh,5,1,V,,,0.0,Sh,,812
6953,2021,1401,1.83,Sh,5,2,V,,,,,,812
6954,2021,1401,1.83,Sh,5,2,V,,,2.49,Sh,2.0,812
6955,2021,1401,1.83,Sh,5,3,B,,,,,,812
6956,2021,1401,1.83,Sh,5,4,V,,,2.97,Sh,4.0,812
6957,2021,1401,1.83,Sh,5,4,M,0.0,0.0,4.89,Sh,7.0,812
6958,2021,1401,1.83,Sh,5,4,V,,,1.94,Sh,4.0,812
6959,2021,1401,1.83,Sh,5,5,M,0.0,0.0,4.08,Sh,6.0,812
6960,2021,1401,1.83,Sh,5,5,M,,,,,,812
6961,2021,1402,1.31,Sh,3,1,S,0.0,0.0,,,,812
6962,2021,1402,1.31,Sh,3,2,V,,,2.23,Sh,2.0,812
6963,2021,1402,1.31,Sh,3,3,V,,,,,,812
6964,2021,1402,1.31,Sh,3,3,V,,,6.37,Me,8.0,812
6965,2021,1403,3.89,Sh,6,1,V,,,,,,812
6966,2021,1403,3.89,Sh,6,1,V,,,1.37,Sh,3.0,812
6967,2021,1403,3.89,Sh,6,2,B,,,,,,812
6968,2021,1403,3.89,Sh,6,3,M,,,,,,812
6969,2021,1403,3.89,Sh,6,3,M,0.0,0.0,0.34,Sh,1.0,812
6970,2021,1403,3.89,Sh,6,3,V,,,3.56,Sh,7.0,812
6971,2021,1403,3.89,Sh,6,4,S,0.0,0.0,,,,812
6972,2021,1403,3.89,Sh,6,5,M,0.0,0.0,5.27,Me,4.0,812
6973,2021,1403,3.89,Sh,6,6,M,1.0,1.0,7.57,Me,6.0,812
6974,2021,1403,3.89,Sh,6,6,M,,,,,,812
6975,2021,1404,2.68,Sh,4,1,V,,,,,,812
6976,2021,1404,2.68,Sh,4,1,V,,,0.87,Sh,5.0,812
6977,2021,1404,2.68,Sh,4,1,V,,,,,,812
6978,2021,1404,2.68,Sh,4,2,B,,,,,,812
6979,2021,1404,2.68,Sh,4,3,S,0.0,0.0,,,,812
6980,2021,1404,2.68,Sh,4,4,V,,,6.47,Me,1.0,812
6981,2021,1405,4.04,Sh,1,1,S,0.0,0.0,,,,812
6982,2021,1407,3.54,Sh,2,1,V,,,,,,812
6983,2021,1407,3.54,Sh,2,1,M,0.0,0.0,1.15,Sh,4.0,812
6984,2021,1407,3.54,Sh,2,2,V,,,3.16,Sh,4.0,812
6985,2021,1408,4.55,Sh,2,1,V,,,,,,812
6986,2021,1408,4.55,Sh,2,2,M,1.0,5.0,3.65,Sh,5.0,812
6987,2021,1408,4.55,Sh,2,2,V,,,4.0,Sh,1.0,812
6988,2021,1409,10.7,Me,10,1,B,,,,,,812
6989,2021,1409,10.7,Me,10,2,B,,,,,,812
6990,2021,1409,10.7,Me,10,3,V,,,4.68,Sh,7.0,812
6991,2021,1409,10.7,Me,10,4,M,0.0,0.0,3.12,Sh,5.0,812
6992,2021,1409,10.7,Me,10,5,M,,,,,,812
6993,2021,1409,10.7,Me,10,5,M,,,,,,812
6994,2021,1409,10.7,Me,10,6,V,,,3.21,Sh,4.0,812
6995,2021,1409,10.7,Me,10,7,M,1.0,8.0,1.1,Sh,2.0,812
6996,2021,1409,10.7,Me,10,8,M,1.0,6.0,7.31,Me,7.0,812
6997,2021,1409,10.7,Me,10,8,V,,,2.73,Sh,8.0,812
6998,2021,1409,10.7,Me,10,9,S,0.0,0.0,,,,812
6999,2021,1409,10.7,Me,10,10,V,,,1.24,Sh,4.0,812
7000,2021,1410,1.16,Sh,2,1,B,,,,,,812
7001,2021,1410,1.16,Sh,2,2,B,,,,,,812
7002,2021,1411,2.55,Sh,3,1,V,,,3.9,Sh,3.0,812
7003,2021,1411,2.55,Sh,3,2,S,0.0,0.0,,,,812
7004,2021,1411,2.55,Sh,3,3,M,1.0,5.0,3.29,Sh,2.0,812
7005,2021,1412,4.9,Sh,3,1,B,,,,,,812
7006,2021,1412,4.9,Sh,3,2,S,0.0,0.0,,,,812
7007,2021,1412,4.9,Sh,3,3,B,,,,,,812
7008,2021,1413,4.98,Sh,5,1,M,,,,,,812
7009,2021,1413,4.98,Sh,5,1,M,1.0,6.0,2.83,Sh,6.0,812
7010,2021,1413,4.98,Sh,5,1,M,,,,,,812
7011,2021,1413,4.98,Sh,5,2,V,,,0.65,Sh,1.0,812
7012,2021,1413,4.98,Sh,5,3,S,0.0,0.0,,,,812
7013,2021,1413,4.98,Sh,5,4,M,0.0,0.0,2.52,Sh,4.0,812
7014,2021,1413,4.98,Sh,5,5,V,,,2.78,Sh,5.0,812
7015,2021,1413,2.4,Sh,3,1,B,,,,,,812
7016,2021,1413,2.4,Sh,3,2,S,0.0,0.0,,,,812
7017,2021,1413,2.4,Sh,3,3,V,,,5.92,Me,4.0,812
7018,2021,1414,1.18,Sh,2,1,S,0.0,0.0,,,,812
7019,2021,1414,1.18,Sh,2,2,B,,,,,,812
7020,2021,1416,2.79,Sh,6,1,V,,,2.57,Sh,1.0,812
7021,2021,1416,2.79,Sh,6,2,V,,,4.57,Sh,6.0,812
7022,2021,1416,2.79,Sh,6,2,M,0.0,0.0,5.99,Me,7.0,812
7023,2021,1416,2.79,Sh,6,3,V,,,5.92,Me,8.0,812
7024,2021,1416,2.79,Sh,6,4,M,1.0,4.0,4.85,Sh,6.0,812
7025,2021,1416,2.79,Sh,6,5,S,0.0,0.0,,,,812
7026,2021,1416,2.79,Sh,6,6,M,1.0,4.0,3.13,Sh,2.0,812
7027,2021,1416,2.79,Sh,6,6,M,0.0,0.0,2.28,Sh,3.0,812
7028,2021,1417,1.55,Sh,4,1,B,,,,,,812
7029,2021,1417,1.55,Sh,4,2,B,,,,,,812
7030,2021,1417,1.55,Sh,4,3,B,,,,,,812
7031,2021,1417,1.55,Sh,4,4,M,1.0,3.0,3.97,Sh,5.0,812
7032,2021,1418,4.62,Sh,6,1,B,,,,,,812
7033,2021,1418,4.62,Sh,6,2,B,,,,,,812
7034,2021,1418,4.62,Sh,6,3,V,,,0.69,Sh,1.0,812
7035,2021,1418,4.62,Sh,6,4,S,0.0,0.0,,,,812
7036,2021,1418,4.62,Sh,6,5,V,,,5.51,Me,4.0,812
7037,2021,1418,4.62,Sh,6,5,V,,,2.94,Sh,4.0,812
7038,2021,1418,4.62,Sh,6,6,M,0.0,0.0,3.7,Sh,4.0,812
7039,2021,1420,3.49,Sh,1,1,M,0.0,0.0,4.02,Sh,5.0,812
7040,2021,1420,2.81,Sh,5,1,B,,,,,,812
7041,2021,1420,2.81,Sh,5,2,V,,,,,,812
7042,2021,1420,2.81,Sh,5,3,M,1.0,1.0,4.51,Sh,3.0,812
7043,2021,1420,2.81,Sh,5,4,M,0.0,0.0,7.49,Me,4.0,812
7044,2021,1420,2.81,Sh,5,4,M,0.0,0.0,7.9,Me,7.0,812
7045,2021,1420,2.81,Sh,5,4,V,,,,,,812
7046,2021,1420,2.81,Sh,5,5,S,0.0,0.0,,,,812
7047,2021,1421,2.86,Sh,5,1,M,0.0,0.0,2.62,Sh,1.0,812
7048,2021,1421,2.86,Sh,5,2,V,,,0.3,Sh,4.0,812
7049,2021,1421,2.86,Sh,5,3,B,,,,,,812
7050,2021,1421,2.86,Sh,5,4,M,1.0,2.0,0.92,Sh,2.0,812
7051,2021,1421,2.86,Sh,5,4,M,0.0,0.0,5.27,Me,2.0,812
7052,2021,1421,2.86,Sh,5,5,M,0.0,0.0,0.91,Sh,4.0,812
7053,2021,1422,1.67,Sh,2,1,V,,,,,,812
7054,2021,1422,1.67,Sh,2,1,V,,,0.48,Sh,1.0,812
7055,2021,1422,1.67,Sh,2,2,S,0.0,0.0,,,,812
7056,2021,1423,1.46,Sh,1,1,V,,,1.06,Sh,1.0,812
7057,2021,1423,1.46,Sh,1,1,V,,,5.89,Me,8.0,812
7058,2021,1423,1.46,Sh,1,1,V,,,2.47,Sh,5.0,812
7059,2021,1423,1.46,Sh,1,1,V,,,5.49,Me,4.0,812
7060,2021,1423,1.46,Sh,1,1,V,,,3.05,Sh,4.0,812
7061,2021,1424,7.98,Me,6,1,V,,,,,,812
7062,2021,1424,7.98,Me,6,1,V,,,2.81,Sh,1.0,812
7063,2021,1424,7.98,Me,6,1,V,,,,,,812
7064,2021,1424,7.98,Me,6,2,S,0.0,0.0,,,,812
7065,2021,1424,7.98,Me,6,3,B,,,,,,812
7066,2021,1424,7.98,Me,6,4,V,,,7.37,Me,7.0,812
7067,2021,1424,7.98,Me,6,5,B,,,,,,812
7068,2021,1424,7.98,Me,6,6,M,0.0,0.0,3.58,Sh,5.0,812
7069,2021,1425,3.3,Sh,3,1,V,,,1.31,Sh,3.0,812
7070,2021,1425,3.3,Sh,3,1,V,,,6.03,Me,7.0,812
7071,2021,1425,3.3,Sh,3,2,M,,,,,,812
7072,2021,1425,3.3,Sh,3,2,V,,,3.19,Sh,5.0,812
7073,2021,1425,3.3,Sh,3,3,V,,,,,,812
7074,2021,1425,3.3,Sh,3,3,M,0.0,0.0,5.26,Me,4.0,812
7075,2021,1426,6.53,Me,8,1,B,,,,,,812
7076,2021,1426,6.53,Me,8,2,V,,,0.54,Sh,1.0,812
7077,2021,1426,6.53,Me,8,3,B,,,,,,812
7078,2021,1426,6.53,Me,8,4,B,,,,,,812
7079,2021,1426,6.53,Me,8,5,M,0.0,0.0,2.61,Sh,8.0,812
7080,2021,1426,6.53,Me,8,6,M,1.0,3.0,3.1,Sh,4.0,812
7081,2021,1426,6.53,Me,8,7,V,,,5.6,Me,5.0,812
7082,2021,1426,6.53,Me,8,8,M,0.0,0.0,7.6,Me,5.0,812
7083,2021,1427,6.94,Me,4,1,M,,,,,,812
7084,2021,1427,6.94,Me,4,1,V,,,2.52,Sh,1.0,812
7085,2021,1427,6.94,Me,4,2,M,0.0,0.0,3.47,Sh,5.0,812
7086,2021,1427,6.94,Me,4,3,S,0.0,0.0,,,,812
7087,2021,1427,6.94,Me,4,4,V,,,10.48,Me,7.0,812
7088,2021,1428,2.61,Sh,4,1,B,,,,,,812
7089,2021,1428,2.61,Sh,4,2,S,0.0,0.0,,,,812
7090,2021,1428,2.61,Sh,4,3,B,,,,,,812
7091,2021,1428,2.61,Sh,4,4,M,1.0,4.0,7.97,Me,3.0,812
7092,2021,1429,4.57,Sh,5,1,V,,,3.76,Sh,4.0,812
7093,2021,1429,4.57,Sh,5,1,V,,,1.31,Sh,3.0,812
7094,2021,1429,4.57,Sh,5,1,V,,,1.76,Sh,3.0,812
7095,2021,1429,4.57,Sh,5,2,V,,,,,,812
7096,2021,1429,4.57,Sh,5,3,S,0.0,0.0,,,,812
7097,2021,1429,4.57,Sh,5,4,M,0.0,0.0,6.99,Me,3.0,812
7098,2021,1429,4.57,Sh,5,5,M,1.0,5.0,8.79,Me,6.0,812
7099,2021,1433,4.46,Sh,3,1,B,,,,,,812
7100,2021,1433,4.46,Sh,3,2,S,0.0,0.0,,,,812
7101,2021,1433,4.46,Sh,3,3,V,,,4.21,Sh,4.0,812
7102,2021,1434,7.07,Me,6,1,B,,,,,,812
7103,2021,1434,7.07,Me,6,2,M,1.0,1.0,7.11,Me,3.0,812
7104,2021,1434,7.07,Me,6,3,S,0.0,0.0,,,,812
7105,2021,1434,7.07,Me,6,4,S,0.0,0.0,,,,812
7106,2021,1434,7.07,Me,6,5,S,0.0,0.0,,,,812
7107,2021,1434,7.07,Me,6,6,M,0.0,0.0,3.8,Sh,2.0,812
7108,2021,1435,4.72,Sh,4,1,M,0.0,0.0,0.68,Sh,3.0,812
7109,2021,1435,4.72,Sh,4,2,B,,,,,,812
7110,2021,1435,4.72,Sh,4,3,S,0.0,0.0,,,,812
7111,2021,1435,4.72,Sh,4,4,B,,,,,,812
7112,2021,1436,6.17,Me,4,1,V,,,0.17,Sh,2.0,812
7113,2021,1436,6.17,Me,4,2,B,,,,,,812
7114,2021,1436,6.17,Me,4,3,V,,,2.34,Sh,2.0,812
7115,2021,1436,6.17,Me,4,4,M,0.0,0.0,5.47,Me,4.0,812
7116,2021,1438,1.3,Sh,4,1,V,,,1.31,Sh,1.0,812
7117,2021,1438,1.3,Sh,4,2,V,,,3.16,Sh,1.0,812
7118,2021,1438,1.3,Sh,4,2,V,,,,,,812
7119,2021,1438,1.3,Sh,4,3,V,,,0.57,Sh,2.0,812
7120,2021,1438,1.3,Sh,4,3,V,,,4.05,Sh,7.0,812
7121,2021,1438,1.3,Sh,4,4,S,0.0,0.0,,,,812
7122,2021,1439,3.45,Sh,5,1,B,,,,,,812
7123,2021,1439,3.45,Sh,5,2,B,,,,,,812
7124,2021,1439,3.45,Sh,5,3,S,0.0,0.0,,,,812
7125,2021,1439,3.45,Sh,5,4,V,,,2.35,Sh,5.0,812
7126,2021,1439,3.45,Sh,5,5,M,0.0,0.0,3.7,Sh,3.0,812
7127,2021,1439,3.45,Sh,5,5,M,0.0,0.0,5.96,Me,5.0,812
7128,2021,1440,1.17,Sh,2,1,V,,,2.69,Sh,3.0,812
7129,2021,1440,1.17,Sh,2,1,V,,,,,,812
7130,2021,1440,1.17,Sh,2,2,S,0.0,0.0,,,,812
7131,2021,1441,5.17,Me,3,1,V,,,2.59,Sh,3.0,812
7132,2021,1441,5.17,Me,3,2,S,0.0,0.0,,,,812
7133,2021,1441,5.17,Me,3,3,B,,,,,,812
7134,2021,1443,1.32,Sh,3,1,V,,,7.2,Me,5.0,812
7135,2021,1443,1.32,Sh,3,2,S,0.0,0.0,,,,812
7136,2021,1443,1.32,Sh,3,3,S,0.0,0.0,,,,812
7137,2021,1444,1.21,Sh,1,1,B,,,,,,812
7138,2021,1445,0.04,Sh,1,1,B,,,,,,812
7139,2021,1446,1.59,Sh,4,1,B,,,,,,812
7140,2021,1446,1.59,Sh,4,2,V,,,,,,812
7141,2021,1446,1.59,Sh,4,3,B,,,,,,812
7142,2021,1446,1.59,Sh,4,4,S,0.0,0.0,,,,812
7143,2021,1448,6.49,Me,6,1,V,,,2.28,Sh,2.0,812
7144,2021,1448,6.49,Me,6,2,S,0.0,0.0,,,,812
7145,2021,1448,6.49,Me,6,3,V,,,,,,812
7146,2021,1448,6.49,Me,6,3,M,0.0,0.0,3.95,Sh,5.0,812
7147,2021,1448,6.49,Me,6,4,S,0.0,0.0,,,,812
7148,2021,1448,6.49,Me,6,5,S,0.0,0.0,,,,812
7149,2021,1448,6.49,Me,6,6,M,1.0,1.0,4.35,Sh,3.0,812
7150,2021,1449,5.99,Me,6,1,V,,,2.55,Sh,1.0,812
7151,2021,1449,5.99,Me,6,2,M,0.0,0.0,2.81,Sh,5.0,812
7152,2021,1449,5.99,Me,6,2,V,,,1.82,Sh,2.0,812
7153,2021,1449,5.99,Me,6,3,V,,,1.01,Sh,2.0,812
7154,2021,1449,5.99,Me,6,4,M,0.0,0.0,3.33,Sh,2.0,812
7155,2021,1449,5.99,Me,6,4,M,0.0,0.0,10.51,Me,7.0,812
7156,2021,1449,5.99,Me,6,5,M,0.0,0.0,5.81,Me,7.0,812
7157,2021,1449,5.99,Me,6,6,M,1.0,2.0,2.84,Sh,1.0,812
7158,2021,1450,7.9,Me,7,1,M,,,,,,812
7159,2021,1450,7.9,Me,7,2,V,,,0.79,Sh,4.0,812
7160,2021,1450,7.9,Me,7,3,B,,,,,,812
7161,2021,1450,7.9,Me,7,4,B,,,,,,812
7162,2021,1450,7.9,Me,7,5,S,0.0,0.0,,,,812
7163,2021,1450,7.9,Me,7,6,B,,,,,,812
7164,2021,1450,7.9,Me,7,7,M,0.0,0.0,4.42,Sh,3.0,812
7165,2021,1451,1.09,Sh,2,1,V,,,1.19,Sh,4.0,812
7166,2021,1451,1.09,Sh,2,2,V,,,1.8,Sh,4.0,812
7167,2021,1454,1.45,Sh,2,1,V,,,0.51,Sh,1.0,812
7168,2021,1454,1.45,Sh,2,1,V,,,1.0,Sh,3.0,812
7169,2021,1454,1.45,Sh,2,1,V,,,2.55,Sh,3.0,812
7170,2021,1454,1.45,Sh,2,2,S,0.0,0.0,,,,812
7171,2021,1455,5.32,Me,7,1,V,,,0.93,Sh,3.0,812
7172,2021,1455,5.32,Me,7,2,V,,,0.42,Sh,2.0,812
7173,2021,1455,5.32,Me,7,3,B,,,,,,812
7174,2021,1455,5.32,Me,7,4,M,0.0,0.0,4.64,Sh,4.0,812
7175,2021,1455,5.32,Me,7,4,M,0.0,0.0,6.31,Me,4.0,812
7176,2021,1455,5.32,Me,7,4,M,0.0,0.0,2.54,Sh,2.0,812
7177,2021,1455,5.32,Me,7,4,M,0.0,0.0,0.37,Sh,4.0,812
7178,2021,1455,5.32,Me,7,4,M,0.0,0.0,0.15,Sh,3.0,812
7179,2021,1455,5.32,Me,7,5,M,0.0,0.0,3.07,Sh,3.0,812
7180,2021,1455,5.32,Me,7,5,M,0.0,0.0,0.18,Sh,4.0,812
7181,2021,1455,5.32,Me,7,6,M,1.0,3.0,4.88,Sh,3.0,812
7182,2021,1455,5.32,Me,7,7,M,0.0,0.0,6.59,Me,7.0,812
7183,2021,1455,5.32,Me,7,7,M,1.0,2.0,6.4,Me,6.0,812
7184,2021,1457,8.89,Me,5,1,B,,,,,,812
7185,2021,1457,8.89,Me,5,2,S,0.0,0.0,,,,812
7186,2021,1457,8.89,Me,5,3,V,,,3.01,Sh,1.0,812
7187,2021,1457,8.89,Me,5,4,M,0.0,0.0,2.3,Sh,4.0,812
7188,2021,1457,8.89,Me,5,5,V,,,5.97,Me,4.0,812
7189,2021,1458,2.84,Sh,2,1,S,0.0,0.0,,,,812
7190,2021,1458,2.84,Sh,2,2,S,0.0,0.0,,,,812
7191,2021,1459,2.69,Sh,4,1,V,,,0.39,Sh,2.0,812
7192,2021,1459,2.69,Sh,4,2,S,0.0,0.0,,,,812
7193,2021,1459,2.69,Sh,4,3,V,,,1.49,Sh,1.0,812
7194,2021,1459,2.69,Sh,4,4,M,0.0,0.0,4.17,Sh,4.0,812
7195,2021,1460,6.0,Me,2,1,V,,,,,,812
7196,2021,1460,6.0,Me,2,1,M,,,,,,812
7197,2021,1460,6.0,Me,2,1,V,,,0.41,Sh,3.0,812
7198,2021,1460,6.0,Me,2,2,B,,,,,,812
7199,2021,1461,2.24,Sh,1,1,S,0.0,0.0,,,,812
7200,2021,1462,4.38,Sh,4,1,V,,,1.64,Sh,3.0,812
7201,2021,1462,4.38,Sh,4,2,S,0.0,0.0,,,,812
7202,2021,1462,4.38,Sh,4,3,M,1.0,4.0,7.43,Me,6.0,812
7203,2021,1462,4.38,Sh,4,4,S,0.0,0.0,,,,812
7204,2021,1465,2.42,Sh,2,1,S,0.0,0.0,,,,812
7205,2021,1465,2.42,Sh,2,2,M,0.0,0.0,0.66,Sh,2.0,812
7206,2021,1465,2.42,Sh,2,2,M,0.0,0.0,3.34,Sh,1.0,812
7207,2021,1465,2.42,Sh,2,2,M,,,,,,812
7208,2021,1465,1.45,Sh,3,1,B,,,,,,812
7209,2021,1465,1.45,Sh,3,2,M,0.0,0.0,3.64,Sh,2.0,812
7210,2021,1465,1.45,Sh,3,2,M,1.0,1.0,3.8,Sh,4.0,812
7211,2021,1465,1.45,Sh,3,3,M,0.0,0.0,0.97,Sh,1.0,812
7212,2021,1465,1.4,Sh,3,1,V,,,0.91,Sh,2.0,812
7213,2021,1465,1.4,Sh,3,2,V,,,,,,812
7214,2021,1465,1.4,Sh,3,2,M,0.0,0.0,3.32,Sh,5.0,812
7215,2021,1465,1.4,Sh,3,3,V,,,2.57,Sh,4.0,812
7216,2021,1465,1.4,Sh,3,3,M,0.0,0.0,3.65,Sh,3.0,812
7217,2021,1465,1.4,Sh,3,3,V,,,10.3,Me,9.0,812
7218,2021,1466,5.47,Me,6,1,V,,,2.34,Sh,4.0,812
7219,2021,1466,5.47,Me,6,1,V,,,,,,812
7220,2021,1466,5.47,Me,6,1,M,0.0,0.0,1.93,Sh,1.0,812
7221,2021,1466,5.47,Me,6,2,B,,,,,,812
7222,2021,1466,5.47,Me,6,3,V,,,0.81,Sh,1.0,812
7223,2021,1466,5.47,Me,6,4,M,1.0,4.0,8.3,Me,8.0,812
7224,2021,1466,5.47,Me,6,5,M,0.0,0.0,1.26,Sh,3.0,812
7225,2021,1466,5.47,Me,6,6,V,,,3.77,Sh,6.0,812
7226,2021,1467,2.77,Sh,4,1,M,0.0,0.0,0.93,Sh,1.0,812
7227,2021,1467,2.77,Sh,4,1,M,1.0,3.0,3.16,Sh,3.0,812
7228,2021,1467,2.77,Sh,4,1,V,,,3.89,Sh,2.0,812
7229,2021,1467,2.77,Sh,4,2,B,,,,,,812
7230,2021,1467,2.77,Sh,4,3,M,1.0,3.0,5.96,Me,4.0,812
7231,2021,1467,2.77,Sh,4,4,S,0.0,0.0,,,,812
7232,2021,1468,9.63,Me,9,1,V,,,,,,812
7233,2021,1468,9.63,Me,9,2,V,,,0.04,Sh,2.0,812
7234,2021,1468,9.63,Me,9,2,V,,,,,,812
7235,2021,1468,9.63,Me,9,3,S,0.0,0.0,,,,812
7236,2021,1468,9.63,Me,9,4,B,,,,,,812
7237,2021,1468,9.63,Me,9,5,S,0.0,0.0,,,,812
7238,2021,1468,9.63,Me,9,6,V,,,,,,812
7239,2021,1468,9.63,Me,9,7,M,0.0,0.0,1.1,Sh,5.0,812
7240,2021,1468,9.63,Me,9,8,M,0.0,0.0,2.71,Sh,5.0,812
7241,2021,1468,9.63,Me,9,9,M,0.0,0.0,5.88,Me,3.0,812
7242,2021,1474,1.6,Sh,1,1,V,,,4.29,Sh,5.0,812
7243,2021,1475,6.28,Me,7,1,V,,,3.73,Sh,3.0,812
7244,2021,1475,6.28,Me,7,2,M,1.0,1.0,2.84,Sh,5.0,812
7245,2021,1475,6.28,Me,7,3,B,,,,,,812
7246,2021,1475,6.28,Me,7,4,B,,,,,,812
7247,2021,1475,6.28,Me,7,5,M,1.0,2.0,5.98,Me,6.0,812
7248,2021,1475,6.28,Me,7,6,M,0.0,0.0,1.63,Sh,1.0,812
7249,2021,1475,6.28,Me,7,7,M,0.0,0.0,2.71,Sh,2.0,812
7250,2021,1476,7.49,Me,4,1,V,,,4.65,Sh,6.0,812
7251,2021,1476,7.49,Me,4,2,M,,,,,,812
7252,2021,1476,7.49,Me,4,3,V,,,5.62,Me,4.0,812
7253,2021,1476,7.49,Me,4,4,V,,,6.5,Me,4.0,812
7254,2021,1477,8.36,Me,4,1,V,,,,,,812
7255,2021,1477,8.36,Me,4,2,V,,,5.96,Me,7.0,812
7256,2021,1477,8.36,Me,4,2,V,,,4.72,Sh,4.0,812
7257,2021,1477,8.36,Me,4,3,V,,,4.16,Sh,4.0,812
7258,2021,1477,8.36,Me,4,4,M,0.0,0.0,11.63,Me,5.0,812
7259,2021,1477,8.36,Me,4,4,V,,,6.68,Me,5.0,812
7260,2021,1477,8.36,Me,4,4,M,0.0,0.0,3.11,Sh,6.0,812
7261,2021,1478,1.33,Sh,2,1,V,,,3.21,Sh,2.0,812
7262,2021,1478,1.33,Sh,2,2,M,0.0,0.0,5.98,Me,4.0,812
7263,2021,1478,1.49,Sh,3,1,M,,,,,,812
7264,2021,1478,1.49,Sh,3,1,M,0.0,0.0,1.77,Sh,2.0,812
7265,2021,1478,1.49,Sh,3,2,B,,,,,,812
7266,2021,1478,1.49,Sh,3,3,V,,,4.45,Sh,5.0,812
7267,2021,1478,1.49,Sh,3,3,V,,,4.71,Sh,6.0,812
7268,2021,1480,7.63,Me,8,1,B,,,,,,812
7269,2021,1480,7.63,Me,8,2,B,,,,,,812
7270,2021,1480,7.63,Me,8,3,V,,,3.41,Sh,4.0,812
7271,2021,1480,7.63,Me,8,3,V,,,1.67,Sh,5.0,812
7272,2021,1480,7.63,Me,8,4,S,0.0,0.0,,,,812
7273,2021,1480,7.63,Me,8,5,S,0.0,0.0,,,,812
7274,2021,1480,7.63,Me,8,6,V,,,5.36,Me,4.0,812
7275,2021,1480,7.63,Me,8,7,M,0.0,0.0,8.85,Me,5.0,812
7276,2021,1480,7.63,Me,8,7,M,0.0,0.0,5.55,Me,4.0,812
7277,2021,1480,7.63,Me,8,7,M,0.0,0.0,4.57,Sh,6.0,812
7278,2021,1480,7.63,Me,8,8,M,,,,,,812
7279,2021,1480,7.63,Me,8,8,M,0.0,0.0,1.97,Sh,3.0,812
7280,2021,1481,5.12,Me,3,1,B,,,,,,812
7281,2021,1481,5.12,Me,3,2,M,1.0,5.0,1.72,Sh,6.0,812
7282,2021,1481,5.12,Me,3,2,V,,,2.24,Sh,1.0,812
7283,2021,1481,5.12,Me,3,3,V,,,1.8,Sh,1.0,812
7284,2021,1481,5.12,Me,3,3,M,0.0,0.0,3.45,Sh,4.0,812
7285,2021,1481,5.12,Me,3,3,V,,,,,,812
7286,2021,1482,1.51,Sh,2,1,B,,,,,,812
7287,2021,1482,1.51,Sh,2,2,V,,,2.82,Sh,4.0,812
7288,2021,1483,7.55,Me,9,1,V,,,3.53,Sh,1.0,812
7289,2021,1483,7.55,Me,9,2,B,,,,,,812
7290,2021,1483,7.55,Me,9,3,V,,,,,,812
7291,2021,1483,7.55,Me,9,4,B,,,,,,812
7292,2021,1483,7.55,Me,9,5,V,,,1.37,Sh,1.0,812
7293,2021,1483,7.55,Me,9,6,M,0.0,0.0,5.48,Me,7.0,812
7294,2021,1483,7.55,Me,9,6,M,1.0,1.0,3.37,Sh,4.0,812
7295,2021,1483,7.55,Me,9,7,M,1.0,2.0,5.38,Me,5.0,812
7296,2021,1483,7.55,Me,9,8,M,0.0,0.0,3.09,Sh,2.0,812
7297,2021,1483,7.55,Me,9,9,M,,,,,,812
7298,2021,1484,10.2,Me,10,1,M,0.0,0.0,1.46,Sh,4.0,812
7299,2021,1484,10.2,Me,10,1,V,,,0.83,Sh,2.0,812
7300,2021,1484,10.2,Me,10,2,V,,,,,,812
7301,2021,1484,10.2,Me,10,3,V,,,3.69,Sh,2.0,812
7302,2021,1484,10.2,Me,10,4,S,0.0,0.0,,,,812
7303,2021,1484,10.2,Me,10,5,S,0.0,0.0,,,,812
7304,2021,1484,10.2,Me,10,6,S,0.0,0.0,,,,812
7305,2021,1484,10.2,Me,10,7,M,1.0,3.0,5.49,Me,4.0,812
7306,2021,1484,10.2,Me,10,7,V,,,7.75,Me,8.0,812
7307,2021,1484,10.2,Me,10,7,M,0.0,0.0,4.55,Sh,5.0,812
7308,2021,1484,10.2,Me,10,8,M,1.0,1.0,5.44,Me,4.0,812
7309,2021,1484,10.2,Me,10,8,M,,,,,,812
7310,2021,1484,10.2,Me,10,9,M,1.0,2.0,6.63,Me,3.0,812
7311,2021,1484,10.2,Me,10,10,M,0.0,0.0,2.26,Sh,4.0,812
7312,2021,1484,10.2,Me,10,10,M,0.0,0.0,9.37,Me,2.0,812
7313,2021,1485,4.32,Sh,6,1,V,,,3.16,Sh,4.0,812
7314,2021,1485,4.32,Sh,6,2,V,,,4.05,Sh,4.0,812
7315,2021,1485,4.32,Sh,6,2,M,,,,,,812
7316,2021,1485,4.32,Sh,6,3,S,0.0,0.0,,,,812
7317,2021,1485,4.32,Sh,6,4,V,,,3.85,Sh,7.0,812
7318,2021,1485,4.32,Sh,6,5,V,,,4.17,Sh,3.0,812
7319,2021,1485,4.32,Sh,6,6,B,,,,,,812
7320,2021,1486,3.76,Sh,1,1,V,,,0.25,Sh,3.0,812
7321,2021,1487,7.83,Me,3,1,V,,,,,,812
7322,2021,1487,7.83,Me,3,2,B,,,,,,812
7323,2021,1487,7.83,Me,3,3,B,,,,,,812
7324,2021,1488,12.64,Me,6,1,B,,,,,,812
7325,2021,1488,12.64,Me,6,2,B,,,,,,812
7326,2021,1488,12.64,Me,6,3,V,,,4.29,Sh,2.0,812
7327,2021,1488,12.64,Me,6,4,V,,,5.92,Me,6.0,812
7328,2021,1488,12.64,Me,6,4,M,0.0,0.0,6.96,Me,2.0,812
7329,2021,1488,12.64,Me,6,5,V,,,1.54,Sh,5.0,812
7330,2021,1488,12.64,Me,6,6,V,,,7.5,Me,8.0,812
7331,2021,1488,12.64,Me,6,6,M,0.0,0.0,4.66,Sh,5.0,812
7332,2021,1489,4.43,Sh,5,1,B,,,,,,812
7333,2021,1489,4.43,Sh,5,2,M,,,,,,812
7334,2021,1489,4.43,Sh,5,3,S,0.0,0.0,,,,812
7335,2021,1489,4.43,Sh,5,4,S,0.0,0.0,,,,812
7336,2021,1489,4.43,Sh,5,5,S,0.0,0.0,,,,812
7337,2021,1490,7.68,Me,3,1,V,,,,,,812
7338,2021,1490,7.68,Me,3,2,S,0.0,0.0,,,,812
7339,2021,1490,7.68,Me,3,3,M,0.0,0.0,6.34,Me,2.0,812
7340,2021,1491,10.61,Me,7,1,V,,,,,,812
7341,2021,1491,10.61,Me,7,1,V,,,,,,812
7342,2021,1491,10.61,Me,7,1,V,,,1.14,Sh,2.0,812
7343,2021,1491,10.61,Me,7,1,V,,,,,,812
7344,2021,1491,10.61,Me,7,2,V,,,,,,812
7345,2021,1491,10.61,Me,7,2,V,,,,,,812
7346,2021,1491,10.61,Me,7,3,B,,,,,,812
7347,2021,1491,10.61,Me,7,4,S,0.0,0.0,,,,812
7348,2021,1491,10.61,Me,7,5,S,0.0,0.0,,,,812
7349,2021,1491,10.61,Me,7,6,B,,,,,,812
7350,2021,1491,10.61,Me,7,7,M,1.0,4.0,9.38,Me,6.0,812
7351,2021,1493,5.28,Me,2,1,V,,,3.24,Sh,6.0,812
7352,2021,1493,5.28,Me,2,2,M,1.0,1.0,5.48,Me,9.0,812
7353,2021,1494,3.16,Sh,4,1,V,,,2.39,Sh,1.0,812
7354,2021,1494,3.16,Sh,4,2,M,0.0,0.0,1.74,Sh,3.0,812
7355,2021,1494,3.16,Sh,4,2,V,,,4.15,Sh,1.0,812
7356,2021,1494,3.16,Sh,4,2,V,,,5.85,Me,6.0,812
7357,2021,1494,3.16,Sh,4,3,V,,,1.14,Sh,2.0,812
7358,2021,1494,3.16,Sh,4,3,V,,,3.46,Sh,3.0,812
7359,2021,1494,3.16,Sh,4,4,B,,,,,,812
7360,2021,1495,3.45,Sh,1,1,S,0.0,0.0,,,,812
7361,2021,1497,1.56,Sh,5,1,V,,,,,,812
7362,2021,1497,1.56,Sh,5,2,B,,,,,,812
7363,2021,1497,1.56,Sh,5,3,B,,,,,,812
7364,2021,1497,1.56,Sh,5,4,S,0.0,0.0,,,,812
7365,2021,1497,1.56,Sh,5,5,M,0.0,0.0,7.87,Me,8.0,812
7366,2021,1498,1.47,Sh,3,1,B,,,,,,812
7367,2021,1498,1.47,Sh,3,2,V,,,3.46,Sh,3.0,812
7368,2021,1498,1.47,Sh,3,3,V,,,1.58,Sh,3.0,812
7369,2021,1498,1.47,Sh,3,3,M,0.0,0.0,2.49,Sh,4.0,812
7370,2021,1499,5.15,Me,2,1,B,,,,,,812
7371,2021,1499,5.15,Me,2,2,S,0.0,0.0,,,,812
7372,2021,1500,1.24,Sh,3,1,V,,,1.3,Sh,5.0,812
7373,2021,1500,1.24,Sh,3,2,M,0.0,0.0,6.34,Me,5.0,812
7374,2021,1500,1.24,Sh,3,3,M,1.0,3.0,2.88,Sh,5.0,812
7375,2021,1501,6.91,Me,4,1,B,,,,,,812
7376,2021,1501,6.91,Me,4,2,B,,,,,,812
7377,2021,1501,6.91,Me,4,3,M,0.0,0.0,1.95,Sh,5.0,812
7378,2021,1501,6.91,Me,4,3,M,0.0,0.0,3.4,Sh,5.0,812
7379,2021,1501,6.91,Me,4,4,M,,,,,,812
7380,2021,1501,6.91,Me,4,4,V,,,8.34,Me,5.0,812
7381,2021,1502,0.53,Sh,1,1,V,,,0.55,Sh,1.0,812
7382,2021,1502,1.48,Sh,2,1,B,,,,,,812
7383,2021,1502,1.48,Sh,2,2,B,,,,,,812
7384,2021,1504,4.47,Sh,5,1,B,,,,,,812
7385,2021,1504,4.47,Sh,5,2,S,0.0,0.0,,,,812
7386,2021,1504,4.47,Sh,5,3,S,0.0,0.0,,,,812
7387,2021,1504,4.47,Sh,5,4,B,,,,,,812
7388,2021,1504,4.47,Sh,5,5,M,0.0,0.0,1.52,Sh,6.0,812
7389,2021,1505,7.29,Me,6,1,B,,,,,,812
7390,2021,1505,7.29,Me,6,2,B,,,,,,812
7391,2021,1505,7.29,Me,6,3,S,0.0,0.0,,,,812
7392,2021,1505,7.29,Me,6,4,S,0.0,0.0,,,,812
7393,2021,1505,7.29,Me,6,5,V,,,2.44,Sh,2.0,812
7394,2021,1505,7.29,Me,6,6,S,0.0,0.0,,,,812
7395,2021,1506,4.07,Sh,3,1,B,,,,,,812
7396,2021,1506,4.07,Sh,3,2,V,,,1.86,Sh,2.0,812
7397,2021,1506,4.07,Sh,3,3,S,0.0,0.0,,,,812
7398,2021,1508,1.79,Sh,2,1,V,,,0.89,Sh,3.0,812
7399,2021,1508,1.79,Sh,2,2,B,,,,,,812
7400,2021,1509,3.09,Sh,4,1,B,,,,,,812
7401,2021,1509,3.09,Sh,4,2,S,0.0,0.0,,,,812
7402,2021,1509,3.09,Sh,4,3,V,,,2.9,Sh,1.0,812
7403,2021,1509,3.09,Sh,4,3,M,0.0,0.0,5.16,Me,4.0,812
7404,2021,1509,3.09,Sh,4,4,M,0.0,0.0,0.68,Sh,1.0,812
7405,2021,1510,8.9,Me,7,1,V,,,,,,812
7406,2021,1510,8.9,Me,7,1,V,,,,,,812
7407,2021,1510,8.9,Me,7,2,S,0.0,0.0,,,,812
7408,2021,1510,8.9,Me,7,3,M,,,,,,812
7409,2021,1510,8.9,Me,7,3,M,0.0,0.0,0.94,Sh,3.0,812
7410,2021,1510,8.9,Me,7,3,V,,,5.57,Me,5.0,812
7411,2021,1510,8.9,Me,7,3,V,,,2.26,Sh,4.0,812
7412,2021,1510,8.9,Me,7,3,V,,,,,,812
7413,2021,1510,8.9,Me,7,3,V,,,0.77,Sh,4.0,812
7414,2021,1510,8.9,Me,7,4,B,,,,,,812
7415,2021,1510,8.9,Me,7,5,M,1.0,4.0,2.07,Sh,2.0,812
7416,2021,1510,8.9,Me,7,6,B,,,,,,812
7417,2021,1510,8.9,Me,7,7,M,0.0,0.0,6.97,Me,5.0,812
7418,2021,1510,8.9,Me,7,7,V,,,8.79,Me,9.0,812
7419,2021,1510,8.9,Me,7,7,M,0.0,0.0,0.63,Sh,7.0,812
7420,2021,1511,2.76,Sh,5,1,M,0.0,0.0,0.83,Sh,2.0,812
7421,2021,1511,2.76,Sh,5,2,S,0.0,0.0,,,,812
7422,2021,1511,2.76,Sh,5,3,B,,,,,,812
7423,2021,1511,2.76,Sh,5,4,S,0.0,0.0,,,,812
7424,2021,1511,2.76,Sh,5,5,S,0.0,0.0,,,,812
7425,2021,1512,9.77,Me,7,1,V,,,1.12,Sh,5.0,812
7426,2021,1512,9.77,Me,7,1,V,,,6.06,Me,4.0,812
7427,2021,1512,9.77,Me,7,1,V,,,2.21,Sh,5.0,812
7428,2021,1512,9.77,Me,7,1,M,0.0,0.0,0.47,Sh,3.0,812
7429,2021,1512,9.77,Me,7,2,B,,,,,,812
7430,2021,1512,9.77,Me,7,3,V,,,1.52,Sh,2.0,812
7431,2021,1512,9.77,Me,7,4,S,0.0,0.0,,,,812
7432,2021,1512,9.77,Me,7,5,M,1.0,1.0,3.3,Sh,3.0,812
7433,2021,1512,9.77,Me,7,6,S,0.0,0.0,,,,812
7434,2021,1512,9.77,Me,7,7,S,0.0,0.0,,,,812
7435,2021,1513,11.71,Me,7,1,B,,,,,,812
7436,2021,1513,11.71,Me,7,2,B,,,,,,812
7437,2021,1513,11.71,Me,7,3,S,0.0,0.0,,,,812
7438,2021,1513,11.71,Me,7,4,B,,,,,,812
7439,2021,1513,11.71,Me,7,5,S,0.0,0.0,,,,812
7440,2021,1513,11.71,Me,7,6,M,0.0,0.0,4.22,Sh,7.0,812
7441,2021,1513,11.71,Me,7,7,M,1.0,2.0,7.47,Me,9.0,812
7442,2021,1514,6.64,Me,6,1,B,,,,,,812
7443,2021,1514,6.64,Me,6,2,S,0.0,0.0,,,,812
7444,2021,1514,6.64,Me,6,3,V,,,,,,812
7445,2021,1514,6.64,Me,6,3,V,,,0.62,Sh,4.0,812
7446,2021,1514,6.64,Me,6,4,V,,,2.5,Sh,5.0,812
7447,2021,1514,6.64,Me,6,5,M,1.0,6.0,5.51,Me,5.0,812
7448,2021,1514,6.64,Me,6,6,M,1.0,4.0,9.6,Me,8.0,812
7449,2021,1514,6.64,Me,6,6,M,0.0,0.0,3.26,Sh,3.0,812
7450,2021,1515,0.18,Sh,2,1,V,,,0.8,Sh,2.0,812
7451,2021,1515,0.18,Sh,2,1,V,,,,,,812
7452,2021,1515,0.18,Sh,2,2,B,,,,,,812
7453,2021,1516,4.93,Sh,3,1,V,,,3.46,Sh,2.0,812
7454,2021,1516,4.93,Sh,3,2,B,,,,,,812
7455,2021,1516,4.93,Sh,3,3,B,,,,,,812
7456,2021,1518,3.75,Sh,6,1,B,,,,,,812
7457,2021,1518,3.75,Sh,6,2,B,,,,,,812
7458,2021,1518,3.75,Sh,6,3,M,,,,,,812
7459,2021,1518,3.75,Sh,6,4,V,,,,,,812
7460,2021,1518,3.75,Sh,6,5,M,,,,,,812
7461,2021,1518,3.75,Sh,6,6,M,1.0,3.0,10.56,Me,9.0,812
7462,2021,1520,0.35,Sh,4,1,B,,,,,,812
7463,2021,1520,0.35,Sh,4,2,M,0.0,0.0,0.16,Sh,2.0,812
7464,2021,1520,0.35,Sh,4,3,S,0.0,0.0,,,,812
7465,2021,1520,0.35,Sh,4,4,B,,,,,,812
7466,2021,1520,2.6,Sh,5,1,B,,,,,,812
7467,2021,1520,2.6,Sh,5,2,S,0.0,0.0,,,,812
7468,2021,1520,2.6,Sh,5,3,B,,,,,,812
7469,2021,1520,2.6,Sh,5,4,V,,,0.44,Sh,1.0,812
7470,2021,1520,2.6,Sh,5,5,M,0.0,0.0,5.39,Me,5.0,812
7471,2021,1522,6.44,Me,4,1,B,,,,,,812
7472,2021,1522,6.44,Me,4,2,V,,,1.35,Sh,3.0,812
7473,2021,1522,6.44,Me,4,3,S,0.0,0.0,,,,812
7474,2021,1522,6.44,Me,4,4,V,,,2.8,Sh,5.0,812
7475,2021,1522,6.44,Me,4,4,V,,,6.26,Me,3.0,812
7476,2021,1522,6.44,Me,4,4,V,,,5.5,Me,6.0,812
7477,2021,1522,6.44,Me,4,4,M,0.0,0.0,5.32,Me,7.0,812
7478,2021,1523,5.3,Me,6,1,V,,,1.72,Sh,6.0,812
7479,2021,1523,5.3,Me,6,1,M,0.0,0.0,1.79,Sh,4.0,812
7480,2021,1523,5.3,Me,6,1,V,,,,,,812
7481,2021,1523,5.3,Me,6,2,S,0.0,0.0,,,,812
7482,2021,1523,5.3,Me,6,3,S,0.0,0.0,,,,812
7483,2021,1523,5.3,Me,6,4,V,,,8.69,Me,6.0,812
7484,2021,1523,5.3,Me,6,5,V,,,3.6,Sh,4.0,812
7485,2021,1523,5.3,Me,6,6,M,1.0,5.0,2.78,Sh,2.0,812
7486,2021,1525,3.25,Sh,5,1,V,,,1.61,Sh,4.0,812
7487,2021,1525,3.25,Sh,5,1,M,0.0,0.0,0.82,Sh,6.0,812
7488,2021,1525,3.25,Sh,5,2,B,,,,,,812
7489,2021,1525,3.25,Sh,5,3,S,0.0,0.0,,,,812
7490,2021,1525,3.25,Sh,5,4,M,0.0,0.0,1.21,Sh,1.0,812
7491,2021,1525,3.25,Sh,5,4,M,0.0,0.0,3.44,Sh,6.0,812
7492,2021,1525,3.25,Sh,5,5,M,1.0,2.0,0.92,Sh,3.0,812
7493,2021,1525,3.25,Sh,5,5,M,0.0,0.0,3.27,Sh,4.0,812
7494,2021,1525,3.25,Sh,5,5,M,0.0,0.0,6.51,Me,7.0,812
7495,2021,1526,2.3,Sh,4,1,V,,,,,,812
7496,2021,1526,2.3,Sh,4,2,V,,,,,,812
7497,2021,1526,2.3,Sh,4,3,M,0.0,0.0,4.68,Sh,4.0,812
7498,2021,1526,2.3,Sh,4,3,V,,,9.42,Me,7.0,812
7499,2021,1526,2.3,Sh,4,4,V,,,0.14,Sh,2.0,812
7500,2021,1526,2.3,Sh,4,4,M,0.0,0.0,2.41,Sh,3.0,812
7501,2021,1527,2.71,Sh,7,1,B,,,,,,812
7502,2021,1527,2.71,Sh,7,2,B,,,,,,812
7503,2021,1527,2.71,Sh,7,3,B,,,,,,812
7504,2021,1527,2.71,Sh,7,4,V,,,5.24,Me,6.0,812
7505,2021,1527,2.71,Sh,7,4,V,,,1.09,Sh,2.0,812
7506,2021,1527,2.71,Sh,7,5,M,1.0,5.0,0.4,Sh,3.0,812
7507,2021,1527,2.71,Sh,7,5,V,,,7.95,Me,5.0,812
7508,2021,1527,2.71,Sh,7,6,M,0.0,0.0,2.34,Sh,2.0,812
7509,2021,1527,2.71,Sh,7,6,M,1.0,3.0,0.92,Sh,3.0,812
7510,2021,1527,2.71,Sh,7,7,M,,,,,,812
7511,2021,1527,2.71,Sh,7,7,M,0.0,0.0,4.72,Sh,5.0,812
7512,2021,1528,5.09,Me,3,1,V,,,1.55,Sh,2.0,812
7513,2021,1528,5.09,Me,3,1,V,,,0.44,Sh,3.0,812
7514,2021,1528,5.09,Me,3,2,B,,,,,,812
7515,2021,1528,5.09,Me,3,3,B,,,,,,812
7516,2021,1528,3.62,Sh,4,1,B,,,,,,812
7517,2021,1528,3.62,Sh,4,2,M,1.0,1.0,3.55,Sh,5.0,812
7518,2021,1528,3.62,Sh,4,3,S,0.0,0.0,,,,812
7519,2021,1528,3.62,Sh,4,4,M,1.0,2.0,3.85,Sh,2.0,812
7520,2021,1530,3.65,Sh,6,1,V,,,2.16,Sh,4.0,812
7521,2021,1530,3.65,Sh,6,2,S,0.0,0.0,,,,812
7522,2021,1530,3.65,Sh,6,3,M,,,,,,812
7523,2021,1530,3.65,Sh,6,3,V,,,1.05,Sh,3.0,812
7524,2021,1530,3.65,Sh,6,4,M,1.0,3.0,7.32,Me,5.0,812
7525,2021,1530,3.65,Sh,6,5,B,,,,,,812
7526,2021,1530,3.65,Sh,6,6,M,0.0,0.0,3.51,Sh,3.0,812
7527,2021,1531,8.3,Me,9,1,V,,,,,,812
7528,2021,1531,8.3,Me,9,2,V,,,5.45,Me,7.0,812
7529,2021,1531,8.3,Me,9,3,M,1.0,1.0,1.2,Sh,3.0,812
7530,2021,1531,8.3,Me,9,3,M,,,,,,812
7531,2021,1531,8.3,Me,9,3,M,,,,,,812
7532,2021,1531,8.3,Me,9,4,V,,,,,,812
7533,2021,1531,8.3,Me,9,5,B,,,,,,812
7534,2021,1531,8.3,Me,9,6,M,,,,,,812
7535,2021,1531,8.3,Me,9,6,M,1.0,2.0,4.96,Sh,3.0,812
7536,2021,1531,8.3,Me,9,7,S,0.0,0.0,,,,812
7537,2021,1531,8.3,Me,9,8,M,0.0,0.0,6.55,Me,7.0,812
7538,2021,1531,8.3,Me,9,9,V,,,5.49,Me,4.0,812
7539,2021,1532,2.91,Sh,3,1,V,,,0.79,Sh,2.0,812
7540,2021,1532,2.91,Sh,3,1,V,,,4.71,Sh,4.0,812
7541,2021,1532,2.91,Sh,3,2,S,0.0,0.0,,,,812
7542,2021,1532,2.91,Sh,3,3,V,,,3.08,Sh,1.0,812
7543,2021,1533,1.15,Sh,1,1,B,,,,,,812
7544,2021,1535,1.54,Sh,2,1,V,,,4.4,Sh,2.0,812
7545,2021,1535,1.54,Sh,2,2,S,0.0,0.0,,,,812
7546,2021,1536,0.11,Sh,2,1,V,,,1.69,Sh,1.0,812
7547,2021,1536,0.11,Sh,2,1,V,,,0.05,Sh,1.0,812
7548,2021,1536,0.11,Sh,2,2,V,,,6.48,Me,5.0,812
7549,2021,1536,0.11,Sh,2,2,V,,,7.39,Me,6.0,812
7550,2021,1537,4.16,Sh,2,1,M,0.0,0.0,2.63,Sh,2.0,812
7551,2021,1537,4.16,Sh,2,2,M,0.0,0.0,2.36,Sh,5.0,812
7552,2021,1540,1.33,Sh,1,1,B,,,,,,812
7553,2021,1541,1.22,Sh,6,1,B,,,,,,812
7554,2021,1541,1.22,Sh,6,2,M,,,,,,812
7555,2021,1541,1.22,Sh,6,3,B,,,,,,812
7556,2021,1541,1.22,Sh,6,4,V,,,5.48,Me,7.0,812
7557,2021,1541,1.22,Sh,6,5,M,1.0,4.0,6.96,Me,6.0,812
7558,2021,1541,1.22,Sh,6,5,M,1.0,3.0,6.91,Me,7.0,812
7559,2021,1541,1.22,Sh,6,6,M,0.0,0.0,6.96,Me,3.0,812
7560,2021,1542,1.77,Sh,4,1,S,0.0,0.0,,,,812
7561,2021,1542,1.77,Sh,4,2,M,1.0,2.0,1.45,Sh,2.0,812
7562,2021,1542,1.77,Sh,4,3,V,,,2.7,Sh,5.0,812
7563,2021,1542,1.77,Sh,4,3,V,,,4.2,Sh,5.0,812
7564,2021,1542,1.77,Sh,4,4,V,,,1.25,Sh,1.0,812
7565,2021,1542,0.58,Sh,2,1,V,,,0.19,Sh,4.0,812
7566,2021,1542,0.58,Sh,2,1,V,,,1.5,Sh,4.0,812
7567,2021,1542,0.58,Sh,2,1,M,0.0,0.0,0.73,Sh,1.0,812
7568,2021,1542,0.58,Sh,2,2,M,0.0,0.0,4.99,Sh,3.0,812
7569,2021,1542,0.58,Sh,2,2,V,,,5.01,Me,4.0,812
7570,2021,1543,4.62,Sh,6,1,V,,,,,,812
7571,2021,1543,4.62,Sh,6,2,S,0.0,0.0,,,,812
7572,2021,1543,4.62,Sh,6,3,M,0.0,0.0,0.96,Sh,2.0,812
7573,2021,1543,4.62,Sh,6,3,M,1.0,5.0,1.81,Sh,4.0,812
7574,2021,1543,4.62,Sh,6,3,M,,,,,,812
7575,2021,1543,4.62,Sh,6,4,M,0.0,0.0,1.24,Sh,1.0,812
7576,2021,1543,4.62,Sh,6,5,M,0.0,0.0,3.95,Sh,7.0,812
7577,2021,1543,4.62,Sh,6,5,M,0.0,0.0,7.72,Me,3.0,812
7578,2021,1543,4.62,Sh,6,6,S,0.0,0.0,,,,812
7579,2021,1546,5.79,Me,4,1,V,,,,,,812
7580,2021,1546,5.79,Me,4,2,B,,,,,,812
7581,2021,1546,5.79,Me,4,3,V,,,0.84,Sh,4.0,812
7582,2021,1546,5.79,Me,4,4,M,0.0,0.0,1.32,Sh,2.0,812
7583,2021,1547,1.19,Sh,3,1,B,,,,,,812
7584,2021,1547,1.19,Sh,3,2,V,,,4.81,Sh,5.0,812
7585,2021,1547,1.19,Sh,3,3,M,,,,,,812
7586,2021,1547,1.19,Sh,3,3,V,,,6.93,Me,5.0,812
7587,2021,1548,5.13,Me,3,1,V,,,4.06,Sh,5.0,812
7588,2021,1548,5.13,Me,3,1,V,,,4.99,Sh,2.0,812
7589,2021,1548,5.13,Me,3,2,M,0.0,0.0,1.8,Sh,6.0,812
7590,2021,1548,5.13,Me,3,3,M,0.0,0.0,6.11,Me,4.0,812
7591,2021,1549,5.01,Me,4,1,V,,,,,,812
7592,2021,1549,5.01,Me,4,2,V,,,1.94,Sh,4.0,812
7593,2021,1549,5.01,Me,4,3,S,0.0,0.0,,,,812
7594,2021,1549,5.01,Me,4,4,B,,,,,,812
7595,2021,1550,1.09,Sh,2,1,B,,,,,,812
7596,2021,1550,1.09,Sh,2,2,V,,,0.63,Sh,2.0,812
7597,2021,1550,1.09,Sh,2,2,M,0.0,0.0,3.13,Sh,3.0,812
7598,2021,1550,1.09,Sh,2,2,M,0.0,0.0,1.26,Sh,6.0,812
7599,2021,1551,6.03,Me,6,1,B,,,,,,812
7600,2021,1551,6.03,Me,6,2,M,1.0,1.0,4.12,Sh,6.0,812
7601,2021,1551,6.03,Me,6,2,V,,,1.08,Sh,5.0,812
7602,2021,1551,6.03,Me,6,2,M,0.0,0.0,0.2,Sh,1.0,812
7603,2021,1551,6.03,Me,6,3,V,,,1.52,Sh,2.0,812
7604,2021,1551,6.03,Me,6,4,S,0.0,0.0,,,,812
7605,2021,1551,6.03,Me,6,5,B,,,,,,812
7606,2021,1551,6.03,Me,6,6,S,0.0,0.0,,,,812
7607,2021,1554,2.24,Sh,3,1,M,0.0,0.0,3.99,Sh,4.0,812
7608,2021,1554,2.24,Sh,3,1,V,,,3.19,Sh,4.0,812
7609,2021,1554,2.24,Sh,3,2,B,,,,,,812
7610,2021,1554,2.24,Sh,3,3,V,,,1.53,Sh,3.0,812
7611,2021,1555,1.72,Sh,3,1,V,,,1.98,Sh,2.0,812
7612,2021,1555,1.72,Sh,3,1,V,,,1.44,Sh,3.0,812
7613,2021,1555,1.72,Sh,3,1,V,,,3.96,Sh,5.0,812
7614,2021,1555,1.72,Sh,3,2,S,0.0,0.0,,,,812
7615,2021,1555,1.72,Sh,3,3,V,,,5.84,Me,2.0,812
7616,2021,1555,1.72,Sh,3,3,V,,,3.28,Sh,7.0,812
7617,2021,1555,1.72,Sh,3,3,M,0.0,0.0,3.56,Sh,4.0,812
7618,2021,1557,1.95,Sh,4,1,B,,,,,,812
7619,2021,1557,1.95,Sh,4,2,M,0.0,0.0,1.58,Sh,1.0,812
7620,2021,1557,1.95,Sh,4,3,V,,,,,,812
7621,2021,1557,1.95,Sh,4,4,S,0.0,0.0,,,,812
7622,2021,1557,1.88,Sh,2,1,V,,,0.79,Sh,2.0,812
7623,2021,1557,1.88,Sh,2,2,V,,,3.99,Sh,3.0,812
7624,2021,1557,1.88,Sh,2,2,M,0.0,0.0,5.14,Me,6.0,812
7625,2021,1557,1.88,Sh,2,2,M,0.0,0.0,0.79,Sh,3.0,812
7626,2021,1557,1.88,Sh,2,2,M,0.0,0.0,4.87,Sh,6.0,812
7627,2021,1557,1.88,Sh,2,2,M,0.0,0.0,3.82,Sh,4.0,812
7628,2021,1558,4.11,Sh,2,1,B,,,,,,812
7629,2021,1558,4.11,Sh,2,2,S,0.0,0.0,,,,812
7630,2021,1559,4.25,Sh,6,1,B,,,,,,812
7631,2021,1559,4.25,Sh,6,2,M,,,,,,812
7632,2021,1559,4.25,Sh,6,3,S,0.0,0.0,,,,812
7633,2021,1559,4.25,Sh,6,4,B,,,,,,812
7634,2021,1559,4.25,Sh,6,5,S,0.0,0.0,,,,812
7635,2021,1559,4.25,Sh,6,6,M,0.0,0.0,2.72,Sh,2.0,812
7636,2021,1560,0.68,Sh,2,1,S,0.0,0.0,,,,812
7637,2021,1560,0.68,Sh,2,2,B,,,,,,812
7638,2021,1562,0.22,Sh,3,1,S,0.0,0.0,,,,812
7639,2021,1562,0.22,Sh,3,2,V,,,2.35,Sh,2.0,812
7640,2021,1562,0.22,Sh,3,3,V,,,2.54,Sh,1.0,812
7641,2021,1562,0.22,Sh,3,3,V,,,1.66,Sh,1.0,812
7642,2021,1563,1.06,Sh,1,1,M,0.0,0.0,2.21,Sh,5.0,812
7643,2021,1566,1.81,Sh,3,1,V,,,,,,812
7644,2021,1566,1.81,Sh,3,2,S,0.0,0.0,,,,812
7645,2021,1566,1.81,Sh,3,3,V,,,,,,812
7646,2021,1566,1.81,Sh,3,3,V,,,5.35,Me,3.0,812
7647,2021,1567,0.17,Sh,3,1,B,,,,,,812
7648,2021,1567,0.17,Sh,3,2,B,,,,,,812
7649,2021,1567,0.17,Sh,3,3,M,0.0,0.0,7.1,Me,5.0,812
7650,2021,1567,0.17,Sh,3,3,M,0.0,0.0,0.91,Sh,4.0,812
7651,2021,1567,0.17,Sh,3,3,V,,,4.11,Sh,3.0,812
7652,2021,1568,8.27,Me,6,1,M,0.0,0.0,1.88,Sh,4.0,812
7653,2021,1568,8.27,Me,6,2,B,,,,,,812
7654,2021,1568,8.27,Me,6,3,S,0.0,0.0,,,,812
7655,2021,1568,8.27,Me,6,4,M,1.0,4.0,2.72,Sh,2.0,812
7656,2021,1568,8.27,Me,6,5,S,0.0,0.0,,,,812
7657,2021,1568,8.27,Me,6,6,M,1.0,5.0,4.53,Sh,4.0,812
7658,2021,1569,7.87,Me,5,1,M,,,,,,812
7659,2021,1569,7.87,Me,5,1,V,,,5.06,Me,6.0,812
7660,2021,1569,7.87,Me,5,1,V,,,3.0,Sh,6.0,812
7661,2021,1569,7.87,Me,5,2,V,,,3.76,Sh,4.0,812
7662,2021,1569,7.87,Me,5,3,S,0.0,0.0,,,,812
7663,2021,1569,7.87,Me,5,4,S,0.0,0.0,,,,812
7664,2021,1569,7.87,Me,5,5,S,0.0,0.0,,,,812
7665,2021,1570,9.3,Me,5,1,V,,,3.82,Sh,3.0,812
7666,2021,1570,9.3,Me,5,1,V,,,,,,812
7667,2021,1570,9.3,Me,5,2,B,,,,,,812
7668,2021,1570,9.3,Me,5,3,V,,,3.35,Sh,4.0,812
7669,2021,1570,9.3,Me,5,4,M,0.0,0.0,0.01,Sh,2.0,812
7670,2021,1570,9.3,Me,5,4,V,,,2.93,Sh,3.0,812
7671,2021,1570,9.3,Me,5,5,M,0.0,0.0,4.64,Sh,4.0,812
7672,2021,1570,9.3,Me,5,5,V,,,3.47,Sh,2.0,812
7673,2021,1570,9.3,Me,5,5,M,1.0,6.0,2.2,Sh,2.0,812
7674,2021,1571,2.07,Sh,3,1,V,,,0.7,Sh,2.0,812
7675,2021,1571,2.07,Sh,3,2,M,,,,,,812
7676,2021,1571,2.07,Sh,3,2,V,,,1.43,Sh,4.0,812
7677,2021,1571,2.07,Sh,3,3,V,,,2.49,Sh,5.0,812
7678,2021,1571,2.07,Sh,3,3,M,0.0,0.0,5.44,Me,6.0,812
7679,2021,1571,2.07,Sh,3,3,V,,,4.65,Sh,3.0,812
7680,2021,1571,2.07,Sh,3,3,M,0.0,0.0,5.75,Me,7.0,812
7681,2021,1572,4.72,Sh,3,1,S,0.0,0.0,,,,812
7682,2021,1572,4.72,Sh,3,2,S,0.0,0.0,,,,812
7683,2021,1572,4.72,Sh,3,3,V,,,5.86,Me,3.0,812
7684,2021,1573,3.7,Sh,7,1,B,,,,,,812
7685,2021,1573,3.7,Sh,7,2,B,,,,,,812
7686,2021,1573,3.7,Sh,7,3,M,0.0,0.0,4.5,Sh,5.0,812
7687,2021,1573,3.7,Sh,7,4,V,,,2.2,Sh,6.0,812
7688,2021,1573,3.7,Sh,7,5,M,0.0,0.0,0.23,Sh,3.0,812
7689,2021,1573,3.7,Sh,7,6,M,1.0,6.0,3.02,Sh,6.0,812
7690,2021,1573,3.7,Sh,7,7,M,0.0,0.0,4.43,Sh,6.0,812
7691,2021,1573,3.7,Sh,7,7,M,,,,,,812
7692,2021,1573,1.95,Sh,5,1,B,,,,,,812
7693,2021,1573,1.95,Sh,5,2,V,,,1.23,Sh,2.0,812
7694,2021,1573,1.95,Sh,5,2,M,,,,,,812
7695,2021,1573,1.95,Sh,5,3,S,0.0,0.0,,,,812
7696,2021,1573,1.95,Sh,5,4,V,,,5.93,Me,7.0,812
7697,2021,1573,1.95,Sh,5,5,B,,,,,,812
7698,2021,1574,0.5,Sh,3,1,B,,,,,,812
7699,2021,1574,0.5,Sh,3,2,B,,,,,,812
7700,2021,1574,0.5,Sh,3,3,B,,,,,,812
7701,2021,1575,3.44,Sh,4,1,M,0.0,0.0,0.8,Sh,2.0,812
7702,2021,1575,3.44,Sh,4,2,B,,,,,,812
7703,2021,1575,3.44,Sh,4,3,V,,,5.09,Me,3.0,812
7704,2021,1575,3.44,Sh,4,3,V,,,4.84,Sh,6.0,812
7705,2021,1575,3.44,Sh,4,4,M,0.0,0.0,4.24,Sh,5.0,812
7706,2021,1575,3.44,Sh,4,4,M,0.0,0.0,3.59,Sh,6.0,812
7707,2021,1575,3.44,Sh,4,4,M,0.0,0.0,0.15,Sh,2.0,812
7708,2021,1575,3.44,Sh,4,4,V,,,5.51,Me,5.0,812
7709,2021,1576,7.44,Me,8,1,S,0.0,0.0,,,,812
7710,2021,1576,7.44,Me,8,2,V,,,1.09,Sh,1.0,812
7711,2021,1576,7.44,Me,8,3,M,1.0,2.0,3.67,Sh,2.0,812
7712,2021,1576,7.44,Me,8,4,V,,,1.16,Sh,3.0,812
7713,2021,1576,7.44,Me,8,5,M,,,,,,812
7714,2021,1576,7.44,Me,8,5,M,1.0,2.0,1.69,Sh,4.0,812
7715,2021,1576,7.44,Me,8,6,V,,,1.05,Sh,1.0,812
7716,2021,1576,7.44,Me,8,7,M,0.0,0.0,8.79,Me,7.0,812
7717,2021,1576,7.44,Me,8,7,M,0.0,0.0,5.71,Me,4.0,812
7718,2021,1576,7.44,Me,8,8,V,,,,,,812
7719,2021,1577,6.53,Me,5,1,B,,,,,,812
7720,2021,1577,6.53,Me,5,2,V,,,,,,812
7721,2021,1577,6.53,Me,5,2,V,,,0.49,Sh,2.0,812
7722,2021,1577,6.53,Me,5,3,V,,,1.77,Sh,1.0,812
7723,2021,1577,6.53,Me,5,4,V,,,,,,812
7724,2021,1577,6.53,Me,5,5,S,0.0,0.0,,,,812
7725,2021,1578,11.25,Me,7,1,M,,,,,,812
7726,2021,1578,11.25,Me,7,1,V,,,0.3,Sh,2.0,812
7727,2021,1578,11.25,Me,7,2,B,,,,,,812
7728,2021,1578,11.25,Me,7,3,M,0.0,0.0,3.19,Sh,4.0,812
7729,2021,1578,11.25,Me,7,4,M,1.0,1.0,1.71,Sh,5.0,812
7730,2021,1578,11.25,Me,7,4,M,1.0,7.0,1.21,Sh,2.0,812
7731,2021,1578,11.25,Me,7,5,M,1.0,3.0,4.77,Sh,3.0,812
7732,2021,1578,11.25,Me,7,6,V,,,2.47,Sh,3.0,812
7733,2021,1578,11.25,Me,7,6,M,0.0,0.0,4.38,Sh,9.0,812
7734,2021,1578,11.25,Me,7,7,M,0.0,0.0,9.1,Me,7.0,812
7735,2021,1582,0.61,Sh,3,1,V,,,,,,812
7736,2021,1582,0.61,Sh,3,2,B,,,,,,812
7737,2021,1582,0.61,Sh,3,3,V,,,1.9,Sh,3.0,812
7738,2021,1583,3.65,Sh,1,1,B,,,,,,812
7739,2021,1585,2.16,Sh,5,1,M,,,,,,812
7740,2021,1585,2.16,Sh,5,2,S,0.0,0.0,,,,812
7741,2021,1585,2.16,Sh,5,3,V,,,0.12,Sh,1.0,812
7742,2021,1585,2.16,Sh,5,4,V,,,8.17,Me,7.0,812
7743,2021,1585,2.16,Sh,5,4,M,0.0,0.0,3.74,Sh,4.0,812
7744,2021,1585,2.16,Sh,5,4,M,0.0,0.0,3.84,Sh,4.0,812
7745,2021,1585,2.16,Sh,5,5,V,,,,,,812
7746,2021,1585,1.53,Sh,3,1,V,,,2.38,Sh,2.0,812
7747,2021,1585,1.53,Sh,3,2,B,,,,,,812
7748,2021,1585,1.53,Sh,3,3,B,,,,,,812
7749,2021,1586,0.78,Sh,1,1,S,0.0,0.0,,,,812
7750,2021,1587,5.76,Me,1,1,S,0.0,0.0,,,,812
7751,2021,1588,1.52,Sh,3,1,V,,,1.52,Sh,2.0,812
7752,2021,1588,1.52,Sh,3,2,V,,,3.6,Sh,4.0,812
7753,2021,1588,1.52,Sh,3,3,B,,,,,,812
7754,2021,1589,5.65,Me,6,1,V,,,4.94,Sh,5.0,812
7755,2021,1589,5.65,Me,6,2,M,,,,,,812
7756,2021,1589,5.65,Me,6,2,V,,,7.34,Me,4.0,812
7757,2021,1589,5.65,Me,6,3,V,,,4.91,Sh,5.0,812
7758,2021,1589,5.65,Me,6,4,M,,,,,,812
7759,2021,1589,5.65,Me,6,5,V,,,2.24,Sh,5.0,812
7760,2021,1589,5.65,Me,6,6,B,,,,,,812
7761,2021,1590,2.73,Sh,1,1,S,0.0,0.0,,,,812
7762,2021,1591,5.39,Me,3,1,V,,,2.65,Sh,4.0,812
7763,2021,1591,5.39,Me,3,1,V,,,0.89,Sh,4.0,812
7764,2021,1591,5.39,Me,3,2,S,0.0,0.0,,,,812
7765,2021,1591,5.39,Me,3,3,S,0.0,0.0,,,,812
7766,2021,1592,8.72,Me,4,1,V,,,3.33,Sh,4.0,812
7767,2021,1592,8.72,Me,4,1,V,,,0.23,Sh,3.0,812
7768,2021,1592,8.72,Me,4,2,S,0.0,0.0,,,,812
7769,2021,1592,8.72,Me,4,3,S,0.0,0.0,,,,812
7770,2021,1592,8.72,Me,4,4,V,,,5.23,Me,3.0,812
7771,2021,1592,8.72,Me,4,4,M,0.0,0.0,1.2,Sh,2.0,812
7772,2021,1592,8.72,Me,4,4,V,,,2.4,Sh,3.0,812
7773,2021,1592,8.72,Me,4,4,V,,,7.42,Me,7.0,812
7774,2021,1592,8.72,Me,4,4,M,0.0,0.0,3.35,Sh,4.0,812
7775,2021,1596,1.01,Sh,1,1,B,,,,,,812
7776,2021,1597,2.17,Sh,2,1,S,0.0,0.0,,,,812
7777,2021,1597,2.17,Sh,2,2,S,0.0,0.0,,,,812
7778,2021,1599,2.64,Sh,2,1,V,,,3.06,Sh,1.0,812
7779,2021,1599,2.64,Sh,2,1,M,,,,,,812
7780,2021,1599,2.64,Sh,2,2,V,,,1.94,Sh,3.0,812
7781,2021,1601,2.69,Sh,2,1,V,,,,,,812
7782,2021,1601,2.69,Sh,2,2,M,0.0,0.0,5.28,Me,3.0,812
7783,2021,1602,1.55,Sh,1,1,B,,,,,,812
7784,2021,1603,4.04,Sh,6,1,V,,,,,,812
7785,2021,1603,4.04,Sh,6,2,S,0.0,0.0,,,,812
7786,2021,1603,4.04,Sh,6,3,V,,,6.75,Me,6.0,812
7787,2021,1603,4.04,Sh,6,4,V,,,0.19,Sh,1.0,812
7788,2021,1603,4.04,Sh,6,5,S,0.0,0.0,,,,812
7789,2021,1603,4.04,Sh,6,6,M,0.0,0.0,5.77,Me,6.0,812
7790,2021,1604,0.92,Sh,2,1,B,,,,,,812
7791,2021,1604,0.92,Sh,2,2,S,0.0,0.0,,,,812
7792,2021,1604,2.83,Sh,4,1,B,,,,,,812
7793,2021,1604,2.83,Sh,4,2,M,1.0,2.0,3.51,Sh,4.0,812
7794,2021,1604,2.83,Sh,4,3,M,0.0,0.0,2.7,Sh,3.0,812
7795,2021,1604,2.83,Sh,4,4,S,0.0,0.0,,,,812
7796,2021,1606,5.02,Me,6,1,B,,,,,,812
7797,2021,1606,5.02,Me,6,2,M,1.0,3.0,3.16,Sh,5.0,812
7798,2021,1606,5.02,Me,6,3,M,1.0,2.0,0.61,Sh,2.0,812
7799,2021,1606,5.02,Me,6,4,M,0.0,0.0,0.49,Sh,2.0,812
7800,2021,1606,5.02,Me,6,5,V,,,2.75,Sh,2.0,812
7801,2021,1606,5.02,Me,6,6,M,0.0,0.0,3.41,Sh,5.0,812
7802,2021,1606,5.02,Me,6,6,M,0.0,0.0,2.01,Sh,2.0,812
7803,2021,1606,5.02,Me,6,6,V,,,1.57,Sh,1.0,812
7804,2021,1606,5.02,Me,6,6,V,,,5.81,Me,6.0,812
7805,2021,1606,5.02,Me,6,6,M,0.0,0.0,3.79,Sh,6.0,812
7806,2021,1606,5.02,Me,6,6,M,0.0,0.0,7.34,Me,6.0,812
7807,2021,1608,0.75,Sh,3,1,V,,,,,,812
7808,2021,1608,0.75,Sh,3,1,V,,,,,,812
7809,2021,1608,0.75,Sh,3,1,V,,,2.56,Sh,4.0,812
7810,2021,1608,0.75,Sh,3,2,B,,,,,,812
7811,2021,1608,0.75,Sh,3,3,M,0.0,0.0,4.99,Sh,5.0,812
7812,2021,1608,0.75,Sh,3,3,V,,,,,,812
7813,2021,1609,2.51,Sh,4,1,V,,,,,,812
7814,2021,1609,2.51,Sh,4,2,V,,,0.22,Sh,1.0,812
7815,2021,1609,2.51,Sh,4,3,S,0.0,0.0,,,,812
7816,2021,1609,2.51,Sh,4,4,M,1.0,2.0,6.79,Me,5.0,812
7817,2021,1610,3.4,Sh,4,1,B,,,,,,812
7818,2021,1610,3.4,Sh,4,2,B,,,,,,812
7819,2021,1610,3.4,Sh,4,3,B,,,,,,812
7820,2021,1610,3.4,Sh,4,4,S,0.0,0.0,,,,812
7821,2021,1611,2.16,Sh,3,1,S,0.0,0.0,,,,812
7822,2021,1611,2.16,Sh,3,2,S,0.0,0.0,,,,812
7823,2021,1611,2.16,Sh,3,3,V,,,2.13,Sh,7.0,812
7824,2021,1612,5.75,Me,8,1,V,,,0.35,Sh,2.0,812
7825,2021,1612,5.75,Me,8,2,M,0.0,0.0,0.21,Sh,1.0,812
7826,2021,1612,5.75,Me,8,3,V,,,,,,812
7827,2021,1612,5.75,Me,8,4,M,0.0,0.0,6.21,Me,5.0,812
7828,2021,1612,5.75,Me,8,4,V,,,3.77,Sh,4.0,812
7829,2021,1612,5.75,Me,8,4,M,0.0,0.0,4.84,Sh,8.0,812
7830,2021,1612,5.75,Me,8,4,V,,,5.0,Sh,2.0,812
7831,2021,1612,5.75,Me,8,5,M,1.0,1.0,4.55,Sh,2.0,812
7832,2021,1612,5.75,Me,8,5,V,,,2.53,Sh,4.0,812
7833,2021,1612,5.75,Me,8,6,S,0.0,0.0,,,,812
7834,2021,1612,5.75,Me,8,7,M,1.0,3.0,7.77,Me,9.0,812
7835,2021,1612,5.75,Me,8,8,M,1.0,4.0,7.2,Me,4.0,812
7836,2021,1613,3.49,Sh,2,1,S,0.0,0.0,,,,812
7837,2021,1613,3.49,Sh,2,2,B,,,,,,812
7838,2021,1614,2.06,Sh,1,1,B,,,,,,812
7839,2021,1615,6.25,Me,7,1,V,,,,,,812
7840,2021,1615,6.25,Me,7,2,B,,,,,,812
7841,2021,1615,6.25,Me,7,3,S,0.0,0.0,,,,812
7842,2021,1615,6.25,Me,7,4,S,0.0,0.0,,,,812
7843,2021,1615,6.25,Me,7,5,S,0.0,0.0,,,,812
7844,2021,1615,6.25,Me,7,6,M,0.0,0.0,1.0,Sh,1.0,812
7845,2021,1615,6.25,Me,7,6,V,,,0.43,Sh,4.0,812
7846,2021,1615,6.25,Me,7,6,V,,,4.98,Sh,3.0,812
7847,2021,1615,6.25,Me,7,6,M,,,,,,812
7848,2021,1615,6.25,Me,7,7,M,,,,,,812
7849,2021,1615,6.25,Me,7,7,M,0.0,0.0,4.19,Sh,5.0,812
7850,2021,1616,6.78,Me,7,1,B,,,,,,812
7851,2021,1616,6.78,Me,7,2,B,,,,,,812
7852,2021,1616,6.78,Me,7,3,S,0.0,0.0,,,,812
7853,2021,1616,6.78,Me,7,4,M,0.0,0.0,7.56,Me,4.0,812
7854,2021,1616,6.78,Me,7,4,M,,,,,,812
7855,2021,1616,6.78,Me,7,5,M,0.0,0.0,0.81,Sh,3.0,812
7856,2021,1616,6.78,Me,7,5,M,0.0,0.0,0.29,Sh,3.0,812
7857,2021,1616,6.78,Me,7,6,V,,,4.76,Sh,3.0,812
7858,2021,1616,6.78,Me,7,7,M,0.0,0.0,5.97,Me,5.0,812
7859,2021,1617,3.44,Sh,6,1,V,,,,,,812
7860,2021,1617,3.44,Sh,6,1,V,,,4.19,Sh,5.0,812
7861,2021,1617,3.44,Sh,6,2,M,0.0,0.0,0.72,Sh,2.0,812
7862,2021,1617,3.44,Sh,6,3,M,0.0,0.0,0.69,Sh,5.0,812
7863,2021,1617,3.44,Sh,6,4,B,,,,,,812
7864,2021,1617,3.44,Sh,6,5,M,0.0,0.0,5.91,Me,8.0,812
7865,2021,1617,3.44,Sh,6,6,V,,,0.63,Sh,1.0,812
7866,2021,1618,9.48,Me,3,1,V,,,2.34,Sh,4.0,812
7867,2021,1618,9.48,Me,3,2,V,,,2.12,Sh,1.0,812
7868,2021,1618,9.48,Me,3,3,B,,,,,,812
7869,2021,1619,7.68,Me,6,1,V,,,,,,812
7870,2021,1619,7.68,Me,6,2,M,0.0,0.0,3.94,Sh,4.0,812
7871,2021,1619,7.68,Me,6,2,V,,,1.29,Sh,1.0,812
7872,2021,1619,7.68,Me,6,2,V,,,0.21,Sh,2.0,812
7873,2021,1619,7.68,Me,6,3,V,,,0.04,Sh,1.0,812
7874,2021,1619,7.68,Me,6,4,S,0.0,0.0,,,,812
7875,2021,1619,7.68,Me,6,5,S,0.0,0.0,,,,812
7876,2021,1619,7.68,Me,6,6,M,0.0,0.0,3.97,Sh,5.0,812
7877,2021,1619,7.68,Me,6,6,M,0.0,0.0,3.28,Sh,3.0,812
7878,2021,1620,7.53,Me,4,1,V,,,3.03,Sh,4.0,812
7879,2021,1620,7.53,Me,4,2,B,,,,,,812
7880,2021,1620,7.53,Me,4,3,B,,,,,,812
7881,2021,1620,7.53,Me,4,4,V,,,5.22,Me,5.0,812
7882,2021,1620,7.53,Me,4,4,M,0.0,0.0,4.21,Sh,6.0,812
7883,2021,1620,7.53,Me,4,4,M,0.0,0.0,2.89,Sh,3.0,812
7884,2021,1623,4.62,Sh,1,1,V,,,1.98,Sh,4.0,812
7885,2021,1626,4.5,Sh,1,1,V,,,1.05,Sh,1.0,812
7886,2021,1627,3.83,Sh,3,1,M,0.0,0.0,1.5,Sh,4.0,812
7887,2021,1627,3.83,Sh,3,1,V,,,0.62,Sh,1.0,812
7888,2021,1627,3.83,Sh,3,2,V,,,,,,812
7889,2021,1627,3.83,Sh,3,2,M,,,,,,812
7890,2021,1627,3.83,Sh,3,3,B,,,,,,812
7891,2021,1628,7.35,Me,5,1,B,,,,,,812
7892,2021,1628,7.35,Me,5,2,S,0.0,0.0,,,,812
7893,2021,1628,7.35,Me,5,3,M,0.0,0.0,4.23,Sh,5.0,812
7894,2021,1628,7.35,Me,5,4,S,0.0,0.0,,,,812
7895,2021,1628,7.35,Me,5,5,M,1.0,3.0,8.82,Me,7.0,812
7896,2021,1629,3.57,Sh,2,1,M,0.0,0.0,4.19,Sh,4.0,812
7897,2021,1629,3.57,Sh,2,1,V,,,5.94,Me,7.0,812
7898,2021,1629,3.57,Sh,2,1,V,,,,,,812
7899,2021,1629,3.57,Sh,2,2,S,0.0,0.0,,,,812
7900,2021,1629,1.27,Sh,1,1,S,0.0,0.0,,,,812
7901,2021,1630,7.99,Me,7,1,V,,,,,,812
7902,2021,1630,7.99,Me,7,1,M,,,,,,812
7903,2021,1630,7.99,Me,7,2,S,0.0,0.0,,,,812
7904,2021,1630,7.99,Me,7,3,M,1.0,6.0,1.97,Sh,3.0,812
7905,2021,1630,7.99,Me,7,3,V,,,0.99,Sh,1.0,812
7906,2021,1630,7.99,Me,7,4,S,0.0,0.0,,,,812
7907,2021,1630,7.99,Me,7,5,V,,,,,,812
7908,2021,1630,7.99,Me,7,6,S,0.0,0.0,,,,812
7909,2021,1630,7.99,Me,7,7,V,,,4.52,Sh,3.0,812
7910,2021,1631,4.37,Sh,6,1,M,,,,,,812
7911,2021,1631,4.37,Sh,6,2,B,,,,,,812
7912,2021,1631,4.37,Sh,6,3,S,0.0,0.0,,,,812
7913,2021,1631,4.37,Sh,6,4,S,0.0,0.0,,,,812
7914,2021,1631,4.37,Sh,6,5,S,0.0,0.0,,,,812
7915,2021,1631,4.37,Sh,6,6,V,,,10.81,Me,7.0,812
7916,2021,1633,1.29,Sh,2,1,B,,,,,,812
7917,2021,1633,1.29,Sh,2,2,V,,,3.79,Sh,5.0,812
7918,2021,1634,3.84,Sh,3,1,V,,,2.42,Sh,5.0,812
7919,2021,1634,3.84,Sh,3,2,S,0.0,0.0,,,,812
7920,2021,1634,3.84,Sh,3,3,M,1.0,5.0,5.98,Me,7.0,812
7921,2021,1635,0.18,Sh,3,1,V,,,2.53,Sh,2.0,812
7922,2021,1635,0.18,Sh,3,2,S,0.0,0.0,,,,812
7923,2021,1635,0.18,Sh,3,3,B,,,,,,812
7924,2021,1637,5.29,Me,5,1,V,,,,,,812
7925,2021,1637,5.29,Me,5,2,B,,,,,,812
7926,2021,1637,5.29,Me,5,3,B,,,,,,812
7927,2021,1637,5.29,Me,5,4,V,,,3.43,Sh,5.0,812
7928,2021,1637,5.29,Me,5,4,M,0.0,0.0,3.14,Sh,4.0,812
7929,2021,1637,5.29,Me,5,5,B,,,,,,812
7930,2021,1638,5.36,Me,7,1,M,0.0,0.0,0.32,Sh,3.0,812
7931,2021,1638,5.36,Me,7,2,B,,,,,,812
7932,2021,1638,5.36,Me,7,3,M,1.0,2.0,0.61,Sh,1.0,812
7933,2021,1638,5.36,Me,7,4,S,0.0,0.0,,,,812
7934,2021,1638,5.36,Me,7,5,M,0.0,0.0,5.07,Me,4.0,812
7935,2021,1638,5.36,Me,7,6,M,,,,,,812
7936,2021,1638,5.36,Me,7,6,M,0.0,0.0,3.5,Sh,3.0,812
7937,2021,1638,5.36,Me,7,6,M,0.0,0.0,4.76,Sh,4.0,812
7938,2021,1638,5.36,Me,7,7,S,0.0,0.0,,,,812
7939,2021,1639,8.15,Me,4,1,V,,,,,,812
7940,2021,1639,8.15,Me,4,1,V,,,2.02,Sh,4.0,812
7941,2021,1639,8.15,Me,4,1,V,,,1.59,Sh,2.0,812
7942,2021,1639,8.15,Me,4,1,V,,,1.82,Sh,1.0,812
7943,2021,1639,8.15,Me,4,2,S,0.0,0.0,,,,812
7944,2021,1639,8.15,Me,4,3,V,,,0.03,Sh,1.0,812
7945,2021,1639,8.15,Me,4,4,S,0.0,0.0,,,,812
7946,2021,1640,2.13,Sh,4,1,B,,,,,,812
7947,2021,1640,2.13,Sh,4,2,M,0.0,0.0,1.41,Sh,3.0,812
7948,2021,1640,2.13,Sh,4,2,V,,,2.56,Sh,3.0,812
7949,2021,1640,2.13,Sh,4,3,B,,,,,,812
7950,2021,1640,2.13,Sh,4,4,S,0.0,0.0,,,,812
7951,2021,1641,0.81,Sh,2,1,S,0.0,0.0,,,,812
7952,2021,1641,0.81,Sh,2,2,B,,,,,,812
7953,2021,1642,4.2,Sh,3,1,M,0.0,0.0,0.03,Sh,3.0,812
7954,2021,1642,4.2,Sh,3,1,V,,,5.73,Me,6.0,812
7955,2021,1642,4.2,Sh,3,2,B,,,,,,812
7956,2021,1642,4.2,Sh,3,3,V,,,2.59,Sh,3.0,812
7957,2021,1643,5.49,Me,4,1,V,,,,,,812
7958,2021,1643,5.49,Me,4,1,V,,,0.27,Sh,2.0,812
7959,2021,1643,5.49,Me,4,2,V,,,,,,812
7960,2021,1643,5.49,Me,4,3,M,0.0,0.0,2.21,Sh,1.0,812
7961,2021,1643,5.49,Me,4,4,V,,,9.25,Me,7.0,812
7962,2021,1644,8.49,Me,5,1,V,,,0.66,Sh,1.0,812
7963,2021,1644,8.49,Me,5,1,V,,,2.66,Sh,5.0,812
7964,2021,1644,8.49,Me,5,1,V,,,1.4,Sh,3.0,812
7965,2021,1644,8.49,Me,5,2,S,0.0,0.0,,,,812
7966,2021,1644,8.49,Me,5,3,S,0.0,0.0,,,,812
7967,2021,1644,8.49,Me,5,4,M,0.0,0.0,4.42,Sh,1.0,812
7968,2021,1644,8.49,Me,5,5,V,,,1.1,Sh,2.0,812
7969,2021,1645,0.87,Sh,4,1,B,,,,,,812
7970,2021,1645,0.87,Sh,4,2,S,0.0,0.0,,,,812
7971,2021,1645,0.87,Sh,4,3,V,,,1.24,Sh,1.0,812
7972,2021,1645,0.87,Sh,4,4,V,,,1.51,Sh,7.0,812
7973,2021,1645,0.87,Sh,4,4,M,0.0,0.0,3.56,Sh,5.0,812
7974,2021,1646,1.31,Sh,3,1,M,0.0,0.0,2.28,Sh,5.0,812
7975,2021,1646,1.31,Sh,3,2,B,,,,,,812
7976,2021,1646,1.31,Sh,3,3,B,,,,,,812
7977,2021,1647,7.32,Me,6,1,V,,,,,,812
7978,2021,1647,7.32,Me,6,2,V,,,0.04,Sh,1.0,812
7979,2021,1647,7.32,Me,6,2,M,0.0,0.0,2.6,Sh,2.0,812
7980,2021,1647,7.32,Me,6,3,S,0.0,0.0,,,,812
7981,2021,1647,7.32,Me,6,4,S,0.0,0.0,,,,812
7982,2021,1647,7.32,Me,6,5,M,0.0,0.0,4.36,Sh,1.0,812
7983,2021,1647,7.32,Me,6,6,B,,,,,,812
7984,2021,1648,8.23,Me,5,1,M,1.0,2.0,0.46,Sh,3.0,812
7985,2021,1648,8.23,Me,5,2,S,0.0,0.0,,,,812
7986,2021,1648,8.23,Me,5,3,M,0.0,0.0,7.46,Me,5.0,812
7987,2021,1648,8.23,Me,5,4,M,,,,,,812
7988,2021,1648,8.23,Me,5,4,M,0.0,0.0,3.55,Sh,2.0,812
7989,2021,1648,8.23,Me,5,4,V,,,8.43,Me,4.0,812
7990,2021,1648,8.23,Me,5,4,M,0.0,0.0,6.06,Me,6.0,812
7991,2021,1648,8.23,Me,5,4,V,,,5.38,Me,3.0,812
7992,2021,1648,8.23,Me,5,5,M,0.0,0.0,2.84,Sh,5.0,812
7993,2021,1649,8.28,Me,5,1,V,,,1.6,Sh,2.0,812
7994,2021,1649,8.28,Me,5,2,B,,,,,,812
7995,2021,1649,8.28,Me,5,3,S,0.0,0.0,,,,812
7996,2021,1649,8.28,Me,5,4,V,,,3.76,Sh,2.0,812
7997,2021,1649,8.28,Me,5,5,M,1.0,3.0,4.77,Sh,6.0,812
7998,2021,1650,2.97,Sh,3,1,B,,,,,,812
7999,2021,1650,2.97,Sh,3,2,B,,,,,,812
8000,2021,1650,2.97,Sh,3,3,V,,,2.13,Sh,2.0,812
8001,2021,1651,2.41,Sh,4,1,B,,,,,,812
8002,2021,1651,2.41,Sh,4,2,S,0.0,0.0,,,,812
8003,2021,1651,2.41,Sh,4,3,M,0.0,0.0,3.04,Sh,3.0,812
8004,2021,1651,2.41,Sh,4,4,V,,,2.98,Sh,3.0,812
8005,2021,1651,2.41,Sh,4,4,V,,,4.62,Sh,1.0,812
8006,2021,1651,2.41,Sh,4,4,V,,,6.04,Me,3.0,812
8007,2021,1651,2.41,Sh,4,4,M,0.0,0.0,2.3,Sh,2.0,812
8008,2021,1653,6.17,Me,4,1,V,,,0.74,Sh,1.0,812
8009,2021,1653,6.17,Me,4,1,V,,,0.06,Sh,1.0,812
8010,2021,1653,6.17,Me,4,2,V,,,1.65,Sh,3.0,812
8011,2021,1653,6.17,Me,4,2,M,1.0,1.0,3.73,Sh,3.0,812
8012,2021,1653,6.17,Me,4,3,S,0.0,0.0,,,,812
8013,2021,1653,6.17,Me,4,4,V,,,5.37,Me,1.0,812
8014,2021,1654,2.37,Sh,5,1,B,,,,,,812
8015,2021,1654,2.37,Sh,5,2,S,0.0,0.0,,,,812
8016,2021,1654,2.37,Sh,5,3,V,,,1.0,Sh,5.0,812
8017,2021,1654,2.37,Sh,5,4,S,0.0,0.0,,,,812
8018,2021,1654,2.37,Sh,5,5,M,1.0,2.0,5.92,Me,5.0,812
8019,2021,1655,0.45,Sh,1,1,S,0.0,0.0,,,,812
8020,2021,1655,1.36,Sh,3,1,B,,,,,,812
8021,2021,1655,1.36,Sh,3,2,V,,,2.55,Sh,2.0,812
8022,2021,1655,1.36,Sh,3,3,V,,,3.14,Sh,3.0,812
8023,2021,1655,1.36,Sh,3,3,M,1.0,3.0,1.12,Sh,2.0,812
8024,2021,1655,1.36,Sh,3,3,M,1.0,6.0,7.77,Me,6.0,812
8025,2021,1656,12.63,Me,7,1,B,,,,,,812
8026,2021,1656,12.63,Me,7,2,B,,,,,,812
8027,2021,1656,12.63,Me,7,3,M,,,,,,812
8028,2021,1656,12.63,Me,7,3,M,1.0,6.0,1.33,Sh,3.0,812
8029,2021,1656,12.63,Me,7,4,S,0.0,0.0,,,,812
8030,2021,1656,12.63,Me,7,5,S,0.0,0.0,,,,812
8031,2021,1656,12.63,Me,7,6,S,0.0,0.0,,,,812
8032,2021,1656,12.63,Me,7,7,M,0.0,0.0,5.66,Me,6.0,812
8033,2021,1657,1.61,Sh,4,1,B,,,,,,812
8034,2021,1657,1.61,Sh,4,2,S,0.0,0.0,,,,812
8035,2021,1657,1.61,Sh,4,3,S,0.0,0.0,,,,812
8036,2021,1657,1.61,Sh,4,4,B,,,,,,812
8037,2021,1658,5.72,Me,6,1,V,,,,,,812
8038,2021,1658,5.72,Me,6,1,V,,,2.74,Sh,7.0,812
8039,2021,1658,5.72,Me,6,1,M,,,,,,812
8040,2021,1658,5.72,Me,6,1,V,,,6.06,Me,8.0,812
8041,2021,1658,5.72,Me,6,2,B,,,,,,812
8042,2021,1658,5.72,Me,6,3,S,0.0,0.0,,,,812
8043,2021,1658,5.72,Me,6,4,S,0.0,0.0,,,,812
8044,2021,1658,5.72,Me,6,5,V,,,3.95,Sh,4.0,812
8045,2021,1658,5.72,Me,6,6,M,0.0,0.0,5.6,Me,4.0,812
8046,2021,1659,11.27,Me,9,1,B,,,,,,812
8047,2021,1659,11.27,Me,9,2,M,0.0,0.0,3.8,Sh,3.0,812
8048,2021,1659,11.27,Me,9,2,V,,,,,,812
8049,2021,1659,11.27,Me,9,2,M,,,,,,812
8050,2021,1659,11.27,Me,9,3,S,0.0,0.0,,,,812
8051,2021,1659,11.27,Me,9,4,S,0.0,0.0,,,,812
8052,2021,1659,11.27,Me,9,5,S,0.0,0.0,,,,812
8053,2021,1659,11.27,Me,9,6,V,,,0.68,Sh,4.0,812
8054,2021,1659,11.27,Me,9,7,S,0.0,0.0,,,,812
8055,2021,1659,11.27,Me,9,8,M,0.0,0.0,5.28,Me,6.0,812
8056,2021,1659,11.27,Me,9,9,S,0.0,0.0,,,,812
8057,2021,1660,3.76,Sh,3,1,B,,,,,,812
8058,2021,1660,3.76,Sh,3,2,B,,,,,,812
8059,2021,1660,3.76,Sh,3,3,V,,,4.89,Sh,4.0,812
8060,2021,1660,3.76,Sh,3,3,V,,,4.79,Sh,4.0,812
8061,2021,1661,1.38,Sh,5,1,V,,,2.67,Sh,3.0,812
8062,2021,1661,1.38,Sh,5,1,V,,,1.58,Sh,2.0,812
8063,2021,1661,1.38,Sh,5,2,V,,,,,,812
8064,2021,1661,1.38,Sh,5,3,M,0.0,0.0,0.79,Sh,1.0,812
8065,2021,1661,1.38,Sh,5,4,M,0.0,0.0,1.46,Sh,1.0,812
8066,2021,1661,1.38,Sh,5,4,V,,,1.02,Sh,4.0,812
8067,2021,1661,1.38,Sh,5,5,M,1.0,1.0,8.04,Me,5.0,812
8068,2021,1661,1.38,Sh,5,5,V,,,2.21,Sh,3.0,812
8069,2021,1662,0.81,Sh,3,1,V,,,4.43,Sh,4.0,812
8070,2021,1662,0.81,Sh,3,1,V,,,,,,812
8071,2021,1662,0.81,Sh,3,2,V,,,0.41,Sh,1.0,812
8072,2021,1662,0.81,Sh,3,3,B,,,,,,812
8073,2021,1664,1.36,Sh,2,1,V,,,,,,812
8074,2021,1664,1.36,Sh,2,2,S,0.0,0.0,,,,812
8075,2021,1665,0.7,Sh,2,1,B,,,,,,812
8076,2021,1665,0.7,Sh,2,2,B,,,,,,812
8077,2021,1666,2.02,Sh,3,1,B,,,,,,812
8078,2021,1666,2.02,Sh,3,2,V,,,0.13,Sh,2.0,812
8079,2021,1666,2.02,Sh,3,3,V,,,1.27,Sh,5.0,812
8080,2021,1666,1.45,Sh,5,1,M,0.0,0.0,4.68,Sh,4.0,812
8081,2021,1666,1.45,Sh,5,1,V,,,1.38,Sh,2.0,812
8082,2021,1666,1.45,Sh,5,1,M,,,,,,812
8083,2021,1666,1.45,Sh,5,1,V,,,4.9,Sh,3.0,812
8084,2021,1666,1.45,Sh,5,2,V,,,3.64,Sh,2.0,812
8085,2021,1666,1.45,Sh,5,2,V,,,1.86,Sh,3.0,812
8086,2021,1666,1.45,Sh,5,2,V,,,2.51,Sh,5.0,812
8087,2021,1666,1.45,Sh,5,2,V,,,1.36,Sh,4.0,812
8088,2021,1666,1.45,Sh,5,3,B,,,,,,812
8089,2021,1666,1.45,Sh,5,4,M,0.0,0.0,2.9,Sh,7.0,812
8090,2021,1666,1.45,Sh,5,4,V,,,5.18,Me,1.0,812
8091,2021,1666,1.45,Sh,5,4,M,0.0,0.0,0.46,Sh,3.0,812
8092,2021,1666,1.45,Sh,5,5,M,0.0,0.0,5.39,Me,4.0,812
8093,2021,1666,1.45,Sh,5,5,M,0.0,0.0,0.96,Sh,2.0,812
8094,2021,1667,4.78,Sh,1,1,S,0.0,0.0,,,,812
8095,2021,1667,0.83,Sh,2,1,B,,,,,,812
8096,2021,1667,0.83,Sh,2,2,B,,,,,,812
8097,2021,1667,1.6,Sh,3,1,B,,,,,,812
8098,2021,1667,1.6,Sh,3,2,S,0.0,0.0,,,,812
8099,2021,1667,1.6,Sh,3,3,V,,,,,,812
8100,2021,1668,3.13,Sh,5,1,V,,,2.77,Sh,3.0,812
8101,2021,1668,3.13,Sh,5,2,S,0.0,0.0,,,,812
8102,2021,1668,3.13,Sh,5,3,S,0.0,0.0,,,,812
8103,2021,1668,3.13,Sh,5,4,V,,,4.09,Sh,2.0,812
8104,2021,1668,3.13,Sh,5,4,V,,,5.1,Me,3.0,812
8105,2021,1668,3.13,Sh,5,4,M,0.0,0.0,0.46,Sh,1.0,812
8106,2021,1668,3.13,Sh,5,4,M,0.0,0.0,3.5,Sh,5.0,812
8107,2021,1668,3.13,Sh,5,5,M,0.0,0.0,8.13,Me,9.0,812
8108,2021,1669,2.18,Sh,3,1,B,,,,,,812
8109,2021,1669,2.18,Sh,3,2,S,0.0,0.0,,,,812
8110,2021,1669,2.18,Sh,3,3,B,,,,,,812
8111,2021,1670,2.64,Sh,3,1,B,,,,,,812
8112,2021,1670,2.64,Sh,3,2,M,1.0,6.0,3.8,Sh,3.0,812
8113,2021,1670,2.64,Sh,3,3,B,,,,,,812
8114,2021,1671,0.54,Sh,2,1,M,,,,,,812
8115,2021,1671,0.54,Sh,2,2,V,,,2.75,Sh,4.0,812
8116,2021,1672,5.89,Me,6,1,S,0.0,0.0,,,,812
8117,2021,1672,5.89,Me,6,2,V,,,0.07,Sh,1.0,812
8118,2021,1672,5.89,Me,6,2,V,,,1.66,Sh,2.0,812
8119,2021,1672,5.89,Me,6,2,V,,,,,,812
8120,2021,1672,5.89,Me,6,3,V,,,3.96,Sh,5.0,812
8121,2021,1672,5.89,Me,6,4,B,,,,,,812
8122,2021,1672,5.89,Me,6,5,V,,,3.94,Sh,4.0,812
8123,2021,1672,5.89,Me,6,6,M,0.0,0.0,3.1,Sh,2.0,812
8124,2021,1674,1.01,Sh,4,1,B,,,,,,812
8125,2021,1674,1.01,Sh,4,2,S,0.0,0.0,,,,812
8126,2021,1674,1.01,Sh,4,3,M,,,,,,812
8127,2021,1674,1.01,Sh,4,3,V,,,7.74,Me,6.0,812
8128,2021,1674,1.01,Sh,4,4,S,0.0,0.0,,,,812
8129,2021,1675,9.98,Me,5,1,B,,,,,,812
8130,2021,1675,9.98,Me,5,2,V,,,1.0,Sh,2.0,812
8131,2021,1675,9.98,Me,5,3,V,,,8.84,Me,5.0,812
8132,2021,1675,9.98,Me,5,4,M,0.0,0.0,6.39,Me,6.0,812
8133,2021,1675,9.98,Me,5,5,V,,,1.75,Sh,1.0,812
8134,2021,1676,7.46,Me,9,1,V,,,,,,812
8135,2021,1676,7.46,Me,9,2,B,,,,,,812
8136,2021,1676,7.46,Me,9,3,V,,,,,,812
8137,2021,1676,7.46,Me,9,4,S,0.0,0.0,,,,812
8138,2021,1676,7.46,Me,9,5,S,0.0,0.0,,,,812
8139,2021,1676,7.46,Me,9,6,M,,,,,,812
8140,2021,1676,7.46,Me,9,7,M,0.0,0.0,4.18,Sh,1.0,812
8141,2021,1676,7.46,Me,9,8,M,1.0,3.0,10.24,Me,6.0,812
8142,2021,1676,7.46,Me,9,9,M,0.0,0.0,1.65,Sh,3.0,812
8143,2021,1678,1.29,Sh,6,1,M,0.0,0.0,0.28,Sh,1.0,812
8144,2021,1678,1.29,Sh,6,2,V,,,4.08,Sh,3.0,812
8145,2021,1678,1.29,Sh,6,2,V,,,2.0,Sh,1.0,812
8146,2021,1678,1.29,Sh,6,3,M,1.0,1.0,1.13,Sh,3.0,812
8147,2021,1678,1.29,Sh,6,4,S,0.0,0.0,,,,812
8148,2021,1678,1.29,Sh,6,5,M,0.0,0.0,1.37,Sh,4.0,812
8149,2021,1678,1.29,Sh,6,5,M,0.0,0.0,7.96,Me,4.0,812
8150,2021,1678,1.29,Sh,6,6,M,0.0,0.0,2.88,Sh,6.0,812
8151,2021,1679,5.57,Me,5,1,M,,,,,,812
8152,2021,1679,5.57,Me,5,2,V,,,7.25,Me,3.0,812
8153,2021,1679,5.57,Me,5,3,B,,,,,,812
8154,2021,1679,5.57,Me,5,4,B,,,,,,812
8155,2021,1679,5.57,Me,5,5,V,,,2.7,Sh,2.0,812
8156,2021,1680,0.3,Sh,2,1,B,,,,,,812
8157,2021,1680,0.3,Sh,2,2,M,1.0,1.0,5.28,Me,5.0,812
8158,2021,1681,2.28,Sh,2,1,B,,,,,,812
8159,2021,1681,2.28,Sh,2,2,V,,,3.89,Sh,6.0,812
8160,2021,1682,0.09,Sh,3,1,S,0.0,0.0,,,,812
8161,2021,1682,0.09,Sh,3,2,M,0.0,0.0,1.37,Sh,4.0,812
8162,2021,1682,0.09,Sh,3,3,M,0.0,0.0,3.87,Sh,6.0,812
8163,2021,1683,6.21,Me,7,1,V,,,2.72,Sh,4.0,812
8164,2021,1683,6.21,Me,7,1,V,,,,,,812
8165,2021,1683,6.21,Me,7,2,B,,,,,,812
8166,2021,1683,6.21,Me,7,3,B,,,,,,812
8167,2021,1683,6.21,Me,7,4,M,1.0,1.0,0.56,Sh,2.0,812
8168,2021,1683,6.21,Me,7,5,M,0.0,0.0,1.7,Sh,4.0,812
8169,2021,1683,6.21,Me,7,5,V,,,3.87,Sh,5.0,812
8170,2021,1683,6.21,Me,7,5,M,0.0,0.0,2.86,Sh,3.0,812
8171,2021,1683,6.21,Me,7,6,V,,,5.13,Me,6.0,812
8172,2021,1683,6.21,Me,7,7,V,,,5.1,Me,5.0,812
8173,2021,1683,6.21,Me,7,7,M,,,,,,812
8174,2021,1683,6.21,Me,7,7,V,,,6.42,Me,6.0,812
8175,2021,1683,6.21,Me,7,7,M,0.0,0.0,8.42,Me,7.0,812
8176,2021,1683,6.21,Me,7,7,M,0.0,0.0,4.46,Sh,6.0,812
8177,2021,1685,3.85,Sh,3,1,V,,,1.87,Sh,2.0,812
8178,2021,1685,3.85,Sh,3,2,B,,,,,,812
8179,2021,1685,3.85,Sh,3,3,B,,,,,,812
8180,2021,1686,1.1,Sh,2,1,B,,,,,,812
8181,2021,1686,1.1,Sh,2,2,B,,,,,,812
8182,2021,1686,1.82,Sh,3,1,V,,,0.97,Sh,4.0,812
8183,2021,1686,1.82,Sh,3,2,B,,,,,,812
8184,2021,1686,1.82,Sh,3,3,S,0.0,0.0,,,,812
8185,2021,1687,0.78,Sh,4,1,V,,,,,,812
8186,2021,1687,0.78,Sh,4,2,S,0.0,0.0,,,,812
8187,2021,1687,0.78,Sh,4,3,B,,,,,,812
8188,2021,1687,0.78,Sh,4,4,V,,,3.34,Sh,3.0,812
8189,2021,1687,0.78,Sh,4,4,V,,,2.63,Sh,3.0,812
8190,2021,1688,4.61,Sh,6,1,B,,,,,,812
8191,2021,1688,4.61,Sh,6,2,V,,,0.76,Sh,4.0,812
8192,2021,1688,4.61,Sh,6,2,V,,,3.85,Sh,3.0,812
8193,2021,1688,4.61,Sh,6,2,M,1.0,3.0,2.19,Sh,2.0,812
8194,2021,1688,4.61,Sh,6,3,B,,,,,,812
8195,2021,1688,4.61,Sh,6,4,S,0.0,0.0,,,,812
8196,2021,1688,4.61,Sh,6,5,V,,,6.29,Me,4.0,812
8197,2021,1688,4.61,Sh,6,5,M,0.0,0.0,0.7,Sh,3.0,812
8198,2021,1688,4.61,Sh,6,5,M,0.0,0.0,4.73,Sh,5.0,812
8199,2021,1688,4.61,Sh,6,6,M,0.0,0.0,4.64,Sh,4.0,812
8200,2021,1689,6.43,Me,7,1,V,,,1.43,Sh,3.0,812
8201,2021,1689,6.43,Me,7,2,S,0.0,0.0,,,,812
8202,2021,1689,6.43,Me,7,3,S,0.0,0.0,,,,812
8203,2021,1689,6.43,Me,7,4,B,,,,,,812
8204,2021,1689,6.43,Me,7,5,S,0.0,0.0,,,,812
8205,2021,1689,6.43,Me,7,6,V,,,1.97,Sh,3.0,812
8206,2021,1689,6.43,Me,7,7,M,0.0,0.0,1.56,Sh,1.0,812
8207,2021,1690,2.19,Sh,5,1,B,,,,,,812
8208,2021,1690,2.19,Sh,5,2,B,,,,,,812
8209,2021,1690,2.19,Sh,5,3,M,0.0,0.0,4.3,Sh,5.0,812
8210,2021,1690,2.19,Sh,5,4,S,0.0,0.0,,,,812
8211,2021,1690,2.19,Sh,5,5,V,,,6.45,Me,4.0,812
8212,2021,1693,1.63,Sh,4,1,B,,,,,,812
8213,2021,1693,1.63,Sh,4,2,S,0.0,0.0,,,,812
8214,2021,1693,1.63,Sh,4,3,B,,,,,,812
8215,2021,1693,1.63,Sh,4,4,V,,,3.51,Sh,5.0,812
8216,2021,1694,1.05,Sh,3,1,B,,,,,,812
8217,2021,1694,1.05,Sh,3,2,B,,,,,,812
8218,2021,1694,1.05,Sh,3,3,V,,,3.14,Sh,2.0,812
8219,2021,1694,1.05,Sh,3,3,V,,,5.67,Me,5.0,812
8220,2021,1694,1.05,Sh,3,3,V,,,5.84,Me,5.0,812
8221,2021,1694,0.65,Sh,1,1,S,0.0,0.0,,,,812
8222,2021,1696,3.97,Sh,8,1,B,,,,,,812
8223,2021,1696,3.97,Sh,8,2,V,,,4.18,Sh,2.0,812
8224,2021,1696,3.97,Sh,8,3,S,0.0,0.0,,,,812
8225,2021,1696,3.97,Sh,8,4,S,0.0,0.0,,,,812
8226,2021,1696,3.97,Sh,8,5,S,0.0,0.0,,,,812
8227,2021,1696,3.97,Sh,8,6,M,0.0,0.0,3.08,Sh,3.0,812
8228,2021,1696,3.97,Sh,8,6,M,0.0,0.0,1.83,Sh,4.0,812
8229,2021,1696,3.97,Sh,8,7,M,,,,,,812
8230,2021,1696,3.97,Sh,8,8,M,0.0,0.0,5.51,Me,3.0,812
8231,2021,1696,3.97,Sh,8,8,V,,,3.51,Sh,4.0,812
8232,2021,1697,1.55,Sh,2,1,V,,,3.31,Sh,6.0,812
8233,2021,1697,1.55,Sh,2,2,V,,,5.99,Me,2.0,812
8234,2021,1697,1.17,Sh,2,1,V,,,5.08,Me,3.0,812
8235,2021,1697,1.17,Sh,2,2,M,1.0,4.0,8.28,Me,1.0,812
8236,2021,1698,1.19,Sh,2,1,B,,,,,,812
8237,2021,1698,1.19,Sh,2,2,V,,,2.05,Sh,3.0,812
8238,2021,1698,1.19,Sh,2,2,M,,,,,,812
8239,2021,1698,0.54,Sh,2,1,V,,,,,,812
8240,2021,1698,0.54,Sh,2,2,V,,,2.16,Sh,4.0,812
8241,2021,1698,1.64,Sh,4,1,V,,,3.38,Sh,2.0,812
8242,2021,1698,1.64,Sh,4,1,M,0.0,0.0,3.11,Sh,5.0,812
8243,2021,1698,1.64,Sh,4,1,V,,,,,,812
8244,2021,1698,1.64,Sh,4,2,S,0.0,0.0,,,,812
8245,2021,1698,1.64,Sh,4,3,V,,,4.54,Sh,7.0,812
8246,2021,1698,1.64,Sh,4,4,M,0.0,0.0,8.66,Me,8.0,812
8247,2021,1698,1.64,Sh,4,4,V,,,1.43,Sh,5.0,812
8248,2021,1698,1.35,Sh,2,1,B,,,,,,812
8249,2021,1698,1.35,Sh,2,2,V,,,1.82,Sh,7.0,812
8250,2021,1699,4.51,Sh,5,1,B,,,,,,812
8251,2021,1699,4.51,Sh,5,2,S,0.0,0.0,,,,812
8252,2021,1699,4.51,Sh,5,3,M,1.0,3.0,2.13,Sh,1.0,812
8253,2021,1699,4.51,Sh,5,4,M,1.0,3.0,8.38,Me,6.0,812
8254,2021,1699,4.51,Sh,5,4,M,0.0,0.0,6.11,Me,6.0,812
8255,2021,1699,4.51,Sh,5,5,M,0.0,0.0,3.07,Sh,3.0,812
8256,2021,1699,4.51,Sh,5,5,V,,,1.96,Sh,2.0,812
8257,2021,1700,7.15,Me,5,1,B,,,,,,812
8258,2021,1700,7.15,Me,5,2,B,,,,,,812
8259,2021,1700,7.15,Me,5,3,B,,,,,,812
8260,2021,1700,7.15,Me,5,4,S,0.0,0.0,,,,812
8261,2021,1700,7.15,Me,5,5,V,,,5.69,Me,2.0,812
8262,2021,1701,7.82,Me,7,1,M,0.0,0.0,3.9,Sh,5.0,812
8263,2021,1701,7.82,Me,7,2,V,,,1.01,Sh,1.0,812
8264,2021,1701,7.82,Me,7,2,M,0.0,0.0,5.16,Me,4.0,812
8265,2021,1701,7.82,Me,7,3,S,0.0,0.0,,,,812
8266,2021,1701,7.82,Me,7,4,M,0.0,0.0,2.67,Sh,1.0,812
8267,2021,1701,7.82,Me,7,5,V,,,0.57,Sh,4.0,812
8268,2021,1701,7.82,Me,7,5,V,,,2.25,Sh,4.0,812
8269,2021,1701,7.82,Me,7,5,M,1.0,5.0,2.52,Sh,3.0,812
8270,2021,1701,7.82,Me,7,6,V,,,4.11,Sh,4.0,812
8271,2021,1701,7.82,Me,7,7,M,1.0,2.0,6.64,Me,4.0,812
8272,2021,1702,4.29,Sh,4,1,B,,,,,,812
8273,2021,1702,4.29,Sh,4,2,S,0.0,0.0,,,,812
8274,2021,1702,4.29,Sh,4,3,V,,,,,,812
8275,2021,1702,4.29,Sh,4,4,M,0.0,0.0,1.49,Sh,1.0,812
8276,2021,1703,3.04,Sh,6,1,B,,,,,,812
8277,2021,1703,3.04,Sh,6,2,M,0.0,0.0,4.76,Sh,4.0,812
8278,2021,1703,3.04,Sh,6,3,S,0.0,0.0,,,,812
8279,2021,1703,3.04,Sh,6,4,B,,,,,,812
8280,2021,1703,3.04,Sh,6,5,M,0.0,0.0,0.19,Sh,1.0,812
8281,2021,1703,3.04,Sh,6,6,B,,,,,,812
8282,2021,1707,2.1,Sh,2,1,V,,,1.19,Sh,1.0,812
8283,2021,1707,2.1,Sh,2,2,V,,,1.41,Sh,1.0,812
8284,2021,1708,1.49,Sh,1,1,B,,,,,,812
8285,2021,1708,1.02,Sh,2,1,B,,,,,,812
8286,2021,1708,1.02,Sh,2,2,B,,,,,,812
8287,2021,1710,0.88,Sh,3,1,V,,,0.47,Sh,2.0,812
8288,2021,1710,0.88,Sh,3,2,B,,,,,,812
8289,2021,1710,0.88,Sh,3,3,V,,,2.31,Sh,3.0,812
8290,2021,1711,4.67,Sh,1,1,B,,,,,,812
8291,2021,1712,0.91,Sh,1,1,V,,,3.1,Sh,5.0,812
8292,2021,1713,5.2,Me,6,1,B,,,,,,812
8293,2021,1713,5.2,Me,6,2,B,,,,,,812
8294,2021,1713,5.2,Me,6,3,M,0.0,0.0,7.45,Me,4.0,812
8295,2021,1713,5.2,Me,6,3,M,0.0,0.0,2.22,Sh,5.0,812
8296,2021,1713,5.2,Me,6,3,V,,,2.97,Sh,5.0,812
8297,2021,1713,5.2,Me,6,4,S,0.0,0.0,,,,812
8298,2021,1713,5.2,Me,6,5,B,,,,,,812
8299,2021,1713,5.2,Me,6,6,M,0.0,0.0,8.13,Me,5.0,812
8300,2021,1713,5.2,Me,6,6,M,0.0,0.0,5.69,Me,3.0,812
8301,2021,1713,5.2,Me,6,6,M,1.0,4.0,7.23,Me,6.0,812
8302,2021,1715,5.56,Me,1,1,B,,,,,,812
8303,2021,1716,1.43,Sh,2,1,S,0.0,0.0,,,,812
8304,2021,1716,1.43,Sh,2,2,B,,,,,,812
8305,2021,1717,4.11,Sh,4,1,V,,,,,,812
8306,2021,1717,4.11,Sh,4,1,V,,,5.2,Me,2.0,812
8307,2021,1717,4.11,Sh,4,2,V,,,,,,812
8308,2021,1717,4.11,Sh,4,3,V,,,7.36,Me,5.0,812
8309,2021,1717,4.11,Sh,4,4,B,,,,,,812
8310,2021,1718,4.17,Sh,7,1,B,,,,,,812
8311,2021,1718,4.17,Sh,7,2,B,,,,,,812
8312,2021,1718,4.17,Sh,7,3,S,0.0,0.0,,,,812
8313,2021,1718,4.17,Sh,7,4,M,0.0,0.0,0.78,Sh,2.0,812
8314,2021,1718,4.17,Sh,7,5,B,,,,,,812
8315,2021,1718,4.17,Sh,7,6,S,0.0,0.0,,,,812
8316,2021,1718,4.17,Sh,7,7,M,,,,,,812
8317,2021,1718,4.17,Sh,7,7,V,,,4.46,Sh,4.0,812
8318,2021,1720,0.3,Sh,1,1,S,0.0,0.0,,,,812
8319,2021,1720,5.19,Me,1,1,B,,,,,,812
8320,2021,1721,1.2,Sh,3,1,B,,,,,,812
8321,2021,1721,1.2,Sh,3,2,B,,,,,,812
8322,2021,1721,1.2,Sh,3,3,M,0.0,0.0,2.8,Sh,1.0,812
8323,2021,1721,0.42,Sh,2,1,B,,,,,,812
8324,2021,1721,0.42,Sh,2,2,V,,,5.37,Me,3.0,812
8325,2021,1722,0.97,Sh,1,1,V,,,0.28,Sh,1.0,812
8326,2021,1723,2.75,Sh,3,1,V,,,,,,812
8327,2021,1723,2.75,Sh,3,2,V,,,4.89,Sh,3.0,812
8328,2021,1723,2.75,Sh,3,2,V,,,4.01,Sh,4.0,812
8329,2021,1723,2.75,Sh,3,2,V,,,1.17,Sh,1.0,812
8330,2021,1723,2.75,Sh,3,3,B,,,,,,812
8331,2021,1724,6.73,Me,9,1,V,,,4.8,Sh,2.0,812
8332,2021,1724,6.73,Me,9,2,B,,,,,,812
8333,2021,1724,6.73,Me,9,3,S,0.0,0.0,,,,812
8334,2021,1724,6.73,Me,9,4,M,0.0,0.0,0.84,Sh,1.0,812
8335,2021,1724,6.73,Me,9,4,M,0.0,0.0,4.87,Sh,4.0,812
8336,2021,1724,6.73,Me,9,4,V,,,1.28,Sh,1.0,812
8337,2021,1724,6.73,Me,9,5,S,0.0,0.0,,,,812
8338,2021,1724,6.73,Me,9,6,V,,,3.73,Sh,2.0,812
8339,2021,1724,6.73,Me,9,7,M,0.0,0.0,5.19,Me,7.0,812
8340,2021,1724,6.73,Me,9,8,M,1.0,4.0,3.13,Sh,2.0,812
8341,2021,1724,6.73,Me,9,8,V,,,4.85,Sh,1.0,812
8342,2021,1724,6.73,Me,9,9,M,0.0,0.0,4.03,Sh,3.0,812
8343,2021,1724,6.73,Me,9,9,V,,,6.33,Me,4.0,812
8344,2021,1725,0.7,Sh,2,1,V,,,3.1,Sh,6.0,812
8345,2021,1725,0.7,Sh,2,1,M,0.0,0.0,1.1,Sh,3.0,812
8346,2021,1725,0.7,Sh,2,1,V,,,0.26,Sh,2.0,812
8347,2021,1725,0.7,Sh,2,2,V,,,8.0,Me,5.0,812
8348,2021,1726,3.68,Sh,7,1,V,,,5.59,Me,5.0,812
8349,2021,1726,3.68,Sh,7,1,V,,,1.69,Sh,1.0,812
8350,2021,1726,3.68,Sh,7,2,S,0.0,0.0,,,,812
8351,2021,1726,3.68,Sh,7,3,S,0.0,0.0,,,,812
8352,2021,1726,3.68,Sh,7,4,B,,,,,,812
8353,2021,1726,3.68,Sh,7,5,B,,,,,,812
8354,2021,1726,3.68,Sh,7,6,V,,,2.28,Sh,3.0,812
8355,2021,1726,3.68,Sh,7,7,M,0.0,0.0,7.17,Me,4.0,812
8356,2021,1726,3.68,Sh,7,7,V,,,1.08,Sh,2.0,812
8357,2021,1727,8.48,Me,10,1,B,,,,,,812
8358,2021,1727,8.48,Me,10,2,B,,,,,,812
8359,2021,1727,8.48,Me,10,3,M,0.0,0.0,3.76,Sh,6.0,812
8360,2021,1727,8.48,Me,10,4,V,,,2.9,Sh,4.0,812
8361,2021,1727,8.48,Me,10,5,S,0.0,0.0,,,,812
8362,2021,1727,8.48,Me,10,6,V,,,5.78,Me,3.0,812
8363,2021,1727,8.48,Me,10,7,S,0.0,0.0,,,,812
8364,2021,1727,8.48,Me,10,8,M,0.0,0.0,0.65,Sh,2.0,812
8365,2021,1727,8.48,Me,10,8,V,,,1.3,Sh,4.0,812
8366,2021,1727,8.48,Me,10,9,B,,,,,,812
8367,2021,1727,8.48,Me,10,10,M,0.0,0.0,6.91,Me,5.0,812
8368,2021,1728,7.87,Me,6,1,V,,,2.5,Sh,5.0,812
8369,2021,1728,7.87,Me,6,1,M,0.0,0.0,1.71,Sh,4.0,812
8370,2021,1728,7.87,Me,6,2,M,0.0,0.0,2.9,Sh,3.0,812
8371,2021,1728,7.87,Me,6,3,S,0.0,0.0,,,,812
8372,2021,1728,7.87,Me,6,4,V,,,4.6,Sh,3.0,812
8373,2021,1728,7.87,Me,6,5,V,,,0.45,Sh,1.0,812
8374,2021,1728,7.87,Me,6,5,M,0.0,0.0,7.1,Me,5.0,812
8375,2021,1728,7.87,Me,6,6,M,1.0,6.0,2.47,Sh,4.0,812
8376,2021,1729,5.49,Me,5,1,M,0.0,0.0,0.92,Sh,1.0,812
8377,2021,1729,5.49,Me,5,1,M,1.0,1.0,1.06,Sh,2.0,812
8378,2021,1729,5.49,Me,5,2,B,,,,,,812
8379,2021,1729,5.49,Me,5,3,S,0.0,0.0,,,,812
8380,2021,1729,5.49,Me,5,4,S,0.0,0.0,,,,812
8381,2021,1729,5.49,Me,5,5,B,,,,,,812
8382,2021,1730,7.71,Me,10,1,V,,,0.01,Sh,2.0,812
8383,2021,1730,7.71,Me,10,2,V,,,,,,812
8384,2021,1730,7.71,Me,10,2,V,,,,,,812
8385,2021,1730,7.71,Me,10,3,S,0.0,0.0,,,,812
8386,2021,1730,7.71,Me,10,4,M,1.0,3.0,6.32,Me,6.0,812
8387,2021,1730,7.71,Me,10,5,S,0.0,0.0,,,,812
8388,2021,1730,7.71,Me,10,6,S,0.0,0.0,,,,812
8389,2021,1730,7.71,Me,10,7,M,,,,,,812
8390,2021,1730,7.71,Me,10,8,M,0.0,0.0,2.92,Sh,2.0,812
8391,2021,1730,7.71,Me,10,8,V,,,7.28,Me,2.0,812
8392,2021,1730,7.71,Me,10,9,M,1.0,3.0,5.24,Me,2.0,812
8393,2021,1730,7.71,Me,10,10,S,0.0,0.0,,,,812
8394,2021,1731,5.72,Me,8,1,M,0.0,0.0,2.79,Sh,3.0,812
8395,2021,1731,5.72,Me,8,1,V,,,,,,812
8396,2021,1731,5.72,Me,8,1,V,,,,,,812
8397,2021,1731,5.72,Me,8,2,B,,,,,,812
8398,2021,1731,5.72,Me,8,3,V,,,0.71,Sh,3.0,812
8399,2021,1731,5.72,Me,8,4,M,0.0,0.0,7.69,Me,5.0,812
8400,2021,1731,5.72,Me,8,5,M,1.0,5.0,5.24,Me,7.0,812
8401,2021,1731,5.72,Me,8,6,S,0.0,0.0,,,,812
8402,2021,1731,5.72,Me,8,7,M,1.0,6.0,8.6,Me,9.0,812
8403,2021,1731,5.72,Me,8,8,M,0.0,0.0,0.97,Sh,5.0,812
8404,2021,1731,5.72,Me,8,8,M,0.0,0.0,2.47,Sh,3.0,812
8405,2021,1731,5.72,Me,8,8,V,,,7.44,Me,5.0,812
8406,2021,1731,5.72,Me,8,8,M,1.0,5.0,3.0,Sh,6.0,812
8407,2021,1732,1.03,Sh,1,1,B,,,,,,812
8408,2021,1735,0.6,Sh,2,1,S,0.0,0.0,,,,812
8409,2021,1735,0.6,Sh,2,2,M,0.0,0.0,2.93,Sh,2.0,812
8410,2021,1736,1.15,Sh,1,1,B,,,,,,812
8411,2021,1737,0.52,Sh,3,1,B,,,,,,812
8412,2021,1737,0.52,Sh,3,2,V,,,1.33,Sh,3.0,812
8413,2021,1737,0.52,Sh,3,2,V,,,1.41,Sh,4.0,812
8414,2021,1737,0.52,Sh,3,3,M,0.0,0.0,0.77,Sh,2.0,812
8415,2021,1738,8.81,Me,5,1,B,,,,,,812
8416,2021,1738,8.81,Me,5,2,V,,,1.79,Sh,3.0,812
8417,2021,1738,8.81,Me,5,3,S,0.0,0.0,,,,812
8418,2021,1738,8.81,Me,5,4,V,,,4.21,Sh,2.0,812
8419,2021,1738,8.81,Me,5,4,V,,,,,,812
8420,2021,1738,8.81,Me,5,4,M,,,,,,812
8421,2021,1738,8.81,Me,5,4,V,,,3.89,Sh,4.0,812
8422,2021,1738,8.81,Me,5,5,M,1.0,2.0,6.68,Me,4.0,812
8423,2021,1739,1.66,Sh,3,1,V,,,0.15,Sh,3.0,812
8424,2021,1739,1.66,Sh,3,2,B,,,,,,812
8425,2021,1739,1.66,Sh,3,3,V,,,4.37,Sh,4.0,812
8426,2021,1740,4.17,Sh,4,1,M,0.0,0.0,0.49,Sh,3.0,812
8427,2021,1740,4.17,Sh,4,2,M,0.0,0.0,0.28,Sh,4.0,812
8428,2021,1740,4.17,Sh,4,2,V,,,,,,812
8429,2021,1740,4.17,Sh,4,2,V,,,1.87,Sh,4.0,812
8430,2021,1740,4.17,Sh,4,3,B,,,,,,812
8431,2021,1740,4.17,Sh,4,4,V,,,6.89,Me,6.0,812
8432,2021,1740,4.17,Sh,4,4,V,,,7.34,Me,4.0,812
8433,2021,1740,4.17,Sh,4,4,V,,,1.52,Sh,7.0,812
8434,2021,1741,6.01,Me,4,1,S,0.0,0.0,,,,812
8435,2021,1741,6.01,Me,4,2,S,0.0,0.0,,,,812
8436,2021,1741,6.01,Me,4,3,S,0.0,0.0,,,,812
8437,2021,1741,6.01,Me,4,4,V,,,0.36,Sh,2.0,812
8438,2021,1741,6.01,Me,4,4,M,0.0,0.0,9.22,Me,5.0,812
8439,2021,1742,2.98,Sh,1,1,B,,,,,,812
8440,2021,1743,8.23,Me,8,1,V,,,,,,812
8441,2021,1743,8.23,Me,8,2,V,,,4.29,Sh,5.0,812
8442,2021,1743,8.23,Me,8,2,V,,,2.48,Sh,3.0,812
8443,2021,1743,8.23,Me,8,3,V,,,3.5,Sh,8.0,812
8444,2021,1743,8.23,Me,8,4,S,0.0,0.0,,,,812
8445,2021,1743,8.23,Me,8,5,V,,,3.59,Sh,4.0,812
8446,2021,1743,8.23,Me,8,6,M,0.0,0.0,4.2,Sh,7.0,812
8447,2021,1743,8.23,Me,8,7,V,,,3.73,Sh,4.0,812
8448,2021,1743,8.23,Me,8,8,M,1.0,5.0,2.28,Sh,6.0,812
8449,2021,1744,4.45,Sh,4,1,B,,,,,,812
8450,2021,1744,4.45,Sh,4,2,V,,,0.15,Sh,1.0,812
8451,2021,1744,4.45,Sh,4,3,S,0.0,0.0,,,,812
8452,2021,1744,4.45,Sh,4,4,M,0.0,0.0,4.32,Sh,5.0,812
8453,2021,1745,3.55,Sh,5,1,V,,,,,,812
8454,2021,1745,3.55,Sh,5,2,B,,,,,,812
8455,2021,1745,3.55,Sh,5,3,V,,,6.71,Me,8.0,812
8456,2021,1745,3.55,Sh,5,4,M,1.0,3.0,5.51,Me,9.0,812
8457,2021,1745,3.55,Sh,5,4,V,,,4.47,Sh,3.0,812
8458,2021,1745,3.55,Sh,5,5,M,1.0,4.0,0.51,Sh,4.0,812
8459,2021,1748,3.58,Sh,3,1,B,,,,,,812
8460,2021,1748,3.58,Sh,3,2,M,0.0,0.0,4.58,Sh,3.0,812
8461,2021,1748,3.58,Sh,3,2,V,,,,,,812
8462,2021,1748,3.58,Sh,3,2,M,0.0,0.0,4.97,Sh,4.0,812
8463,2021,1748,3.58,Sh,3,3,V,,,0.89,Sh,3.0,812
8464,2021,1748,3.58,Sh,3,3,M,0.0,0.0,3.84,Sh,5.0,812
8465,2021,1749,4.22,Sh,2,1,B,,,,,,812
8466,2021,1749,4.22,Sh,2,2,V,,,4.64,Sh,4.0,812
8467,2021,1749,4.22,Sh,2,2,M,0.0,0.0,0.34,Sh,1.0,812
8468,2021,1750,0.19,Sh,1,1,B,,,,,,812
8469,2021,1751,0.83,Sh,5,1,B,,,,,,812
8470,2021,1751,0.83,Sh,5,2,M,0.0,0.0,0.19,Sh,1.0,812
8471,2021,1751,0.83,Sh,5,3,S,0.0,0.0,,,,812
8472,2021,1751,0.83,Sh,5,4,S,0.0,0.0,,,,812
8473,2021,1751,0.83,Sh,5,5,M,0.0,0.0,3.84,Sh,4.0,812
8474,2021,1751,0.83,Sh,5,5,M,0.0,0.0,1.87,Sh,1.0,812
8475,2021,1751,0.83,Sh,5,5,V,,,5.44,Me,4.0,812
8476,2021,1751,1.09,Sh,1,1,M,1.0,3.0,0.26,Sh,1.0,812
8477,2021,1751,1.09,Sh,1,1,M,1.0,1.0,0.28,Sh,4.0,812
8478,2021,1752,1.9,Sh,5,1,B,,,,,,812
8479,2021,1752,1.9,Sh,5,2,M,1.0,2.0,0.04,Sh,2.0,812
8480,2021,1752,1.9,Sh,5,2,M,1.0,1.0,1.1,Sh,1.0,812
8481,2021,1752,1.9,Sh,5,3,M,1.0,2.0,3.51,Sh,3.0,812
8482,2021,1752,1.9,Sh,5,4,S,0.0,0.0,,,,812
8483,2021,1752,1.9,Sh,5,5,M,0.0,0.0,10.4,Me,6.0,812
8484,2021,1753,3.31,Sh,4,1,M,,,,,,812
8485,2021,1753,3.31,Sh,4,1,V,,,2.2,Sh,1.0,812
8486,2021,1753,3.31,Sh,4,2,V,,,6.64,Me,5.0,812
8487,2021,1753,3.31,Sh,4,3,V,,,1.33,Sh,5.0,812
8488,2021,1753,3.31,Sh,4,4,V,,,3.81,Sh,3.0,812
8489,2021,1753,2.01,Sh,3,1,V,,,1.57,Sh,3.0,812
8490,2021,1753,2.01,Sh,3,2,V,,,3.65,Sh,5.0,812
8491,2021,1753,2.01,Sh,3,2,V,,,5.3,Me,5.0,812
8492,2021,1753,2.01,Sh,3,3,V,,,4.11,Sh,5.0,812
8493,2021,1753,2.01,Sh,3,3,V,,,1.47,Sh,4.0,812
8494,2021,1754,5.15,Me,6,1,V,,,,,,812
8495,2021,1754,5.15,Me,6,2,B,,,,,,812
8496,2021,1754,5.15,Me,6,3,S,0.0,0.0,,,,812
8497,2021,1754,5.15,Me,6,4,B,,,,,,812
8498,2021,1754,5.15,Me,6,5,M,0.0,0.0,3.87,Sh,2.0,812
8499,2021,1754,5.15,Me,6,6,V,,,3.18,Sh,4.0,812
8500,2021,1754,5.15,Me,6,6,V,,,7.2,Me,5.0,812
8501,2021,1754,5.15,Me,6,6,M,,,,,,812
8502,2021,1754,0.83,Sh,2,1,B,,,,,,812
8503,2021,1754,0.83,Sh,2,2,B,,,,,,812
8504,2021,1755,2.1,Sh,2,1,M,,,,,,812
8505,2021,1755,2.1,Sh,2,2,S,0.0,0.0,,,,812
8506,2021,1756,8.1,Me,8,1,V,,,0.11,Sh,1.0,812
8507,2021,1756,8.1,Me,8,2,M,,,,,,812
8508,2021,1756,8.1,Me,8,2,V,,,,,,812
8509,2021,1756,8.1,Me,8,3,S,0.0,0.0,,,,812
8510,2021,1756,8.1,Me,8,4,B,,,,,,812
8511,2021,1756,8.1,Me,8,5,S,0.0,0.0,,,,812
8512,2021,1756,8.1,Me,8,6,S,0.0,0.0,,,,812
8513,2021,1756,8.1,Me,8,7,V,,,4.43,Sh,5.0,812
8514,2021,1756,8.1,Me,8,7,M,0.0,0.0,7.04,Me,7.0,812
8515,2021,1756,8.1,Me,8,8,M,0.0,0.0,3.53,Sh,4.0,812
8516,2021,1756,8.1,Me,8,8,M,0.0,0.0,2.83,Sh,3.0,812
8517,2021,1757,7.61,Me,5,1,V,,,1.56,Sh,4.0,812
8518,2021,1757,7.61,Me,5,2,V,,,,,,812
8519,2021,1757,7.61,Me,5,3,V,,,0.97,Sh,4.0,812
8520,2021,1757,7.61,Me,5,3,M,0.0,0.0,7.8,Me,6.0,812
8521,2021,1757,7.61,Me,5,3,V,,,1.2,Sh,1.0,812
8522,2021,1757,7.61,Me,5,4,M,0.0,0.0,4.16,Sh,5.0,812
8523,2021,1757,7.61,Me,5,4,M,0.0,0.0,2.85,Sh,1.0,812
8524,2021,1757,7.61,Me,5,5,V,,,2.6,Sh,2.0,812
8525,2021,1758,6.44,Me,6,1,B,,,,,,812
8526,2021,1758,6.44,Me,6,2,B,,,,,,812
8527,2021,1758,6.44,Me,6,3,M,1.0,1.0,4.71,Sh,4.0,812
8528,2021,1758,6.44,Me,6,4,M,1.0,3.0,3.05,Sh,5.0,812
8529,2021,1758,6.44,Me,6,5,S,0.0,0.0,,,,812
8530,2021,1758,6.44,Me,6,6,M,0.0,0.0,3.3,Sh,3.0,812
8531,2021,1759,5.8,Me,5,1,V,,,6.02,Me,6.0,812
8532,2021,1759,5.8,Me,5,1,V,,,,,,812
8533,2021,1759,5.8,Me,5,1,M,,,,,,812
8534,2021,1759,5.8,Me,5,2,S,0.0,0.0,,,,812
8535,2021,1759,5.8,Me,5,3,B,,,,,,812
8536,2021,1759,5.8,Me,5,4,M,0.0,0.0,5.66,Me,6.0,812
8537,2021,1759,5.8,Me,5,4,M,,,,,,812
8538,2021,1759,5.8,Me,5,5,V,,,5.23,Me,3.0,812
8539,2021,1759,5.8,Me,5,5,M,0.0,0.0,4.15,Sh,2.0,812
8540,2021,1759,5.8,Me,5,5,M,0.0,0.0,0.77,Sh,2.0,812
8541,2021,1760,8.02,Me,4,1,V,,,0.01,Sh,1.0,812
8542,2021,1760,8.02,Me,4,1,M,,,,,,812
8543,2021,1760,8.02,Me,4,1,M,0.0,0.0,1.64,Sh,3.0,812
8544,2021,1760,8.02,Me,4,1,V,,,,,,812
8545,2021,1760,8.02,Me,4,2,M,1.0,2.0,4.74,Sh,4.0,812
8546,2021,1760,8.02,Me,4,3,M,0.0,0.0,4.25,Sh,3.0,812
8547,2021,1760,8.02,Me,4,4,V,,,7.2,Me,5.0,812
8548,2021,1761,0.16,Sh,1,1,B,,,,,,812
8549,2021,1762,5.79,Me,2,1,V,,,4.45,Sh,2.0,812
8550,2021,1762,5.79,Me,2,2,M,0.0,0.0,3.06,Sh,2.0,812
8551,2021,1763,2.8,Sh,2,1,V,,,0.59,Sh,1.0,812
8552,2021,1763,2.8,Sh,2,2,S,0.0,0.0,,,,812
8553,2021,1764,1.52,Sh,2,1,V,,,,,,812
8554,2021,1764,1.52,Sh,2,2,V,,,1.77,Sh,3.0,812
8555,2021,1765,0.84,Sh,2,1,S,0.0,0.0,,,,812
8556,2021,1765,0.84,Sh,2,2,S,0.0,0.0,,,,812
8557,2021,1767,0.55,Sh,2,1,M,0.0,0.0,2.83,Sh,2.0,812
8558,2021,1767,0.55,Sh,2,2,S,0.0,0.0,,,,812
8559,2021,1769,1.98,Sh,4,1,M,,,,,,812
8560,2021,1769,1.98,Sh,4,2,M,0.0,0.0,2.1,Sh,6.0,812
8561,2021,1769,1.98,Sh,4,2,M,0.0,0.0,4.8,Sh,3.0,812
8562,2021,1769,1.98,Sh,4,3,S,0.0,0.0,,,,812
8563,2021,1769,1.98,Sh,4,4,M,1.0,7.0,6.82,Me,5.0,812
8564,2021,1769,1.58,Sh,2,1,B,,,,,,812
8565,2021,1769,1.58,Sh,2,2,M,0.0,0.0,0.95,Sh,3.0,812
8566,2021,1769,1.55,Sh,3,1,V,,,2.9,Sh,2.0,812
8567,2021,1769,1.55,Sh,3,2,S,0.0,0.0,,,,812
8568,2021,1769,1.55,Sh,3,3,M,1.0,6.0,0.17,Sh,2.0,812
8569,2021,1769,1.55,Sh,3,3,M,0.0,0.0,8.27,Me,7.0,812
8570,2021,1770,4.29,Sh,2,1,V,,,0.86,Sh,4.0,812
8571,2021,1770,4.29,Sh,2,2,V,,,,,,812
8572,2021,1771,4.85,Sh,4,1,V,,,1.73,Sh,2.0,812
8573,2021,1771,4.85,Sh,4,2,S,0.0,0.0,,,,812
8574,2021,1771,4.85,Sh,4,3,B,,,,,,812
8575,2021,1771,4.85,Sh,4,4,M,0.0,0.0,5.55,Me,2.0,812
8576,2021,1771,4.85,Sh,4,4,V,,,9.58,Me,7.0,812
8577,2021,1772,6.42,Me,8,1,V,,,,,,812
8578,2021,1772,6.42,Me,8,2,V,,,0.12,Sh,2.0,812
8579,2021,1772,6.42,Me,8,2,V,,,2.6,Sh,4.0,812
8580,2021,1772,6.42,Me,8,3,S,0.0,0.0,,,,812
8581,2021,1772,6.42,Me,8,4,B,,,,,,812
8582,2021,1772,6.42,Me,8,5,B,,,,,,812
8583,2021,1772,6.42,Me,8,6,S,0.0,0.0,,,,812
8584,2021,1772,6.42,Me,8,7,S,0.0,0.0,,,,812
8585,2021,1772,6.42,Me,8,8,V,,,6.86,Me,3.0,812
8586,2021,1772,6.42,Me,8,8,V,,,5.49,Me,3.0,812
8587,2021,1773,6.75,Me,2,1,S,0.0,0.0,,,,812
8588,2021,1773,6.75,Me,2,2,M,1.0,2.0,2.58,Sh,3.0,812
8589,2021,1773,6.75,Me,2,2,V,,,,,,812
8590,2021,1775,2.31,Sh,3,1,V,,,2.91,Sh,5.0,812
8591,2021,1775,2.31,Sh,3,2,B,,,,,,812
8592,2021,1775,2.31,Sh,3,3,V,,,,,,812
8593,2021,1775,2.31,Sh,3,3,M,1.0,6.0,6.95,Me,4.0,812
8594,2021,1777,1.3,Sh,7,1,V,,,,,,812
8595,2021,1777,1.3,Sh,7,2,V,,,4.02,Sh,1.0,812
8596,2021,1777,1.3,Sh,7,2,V,,,2.04,Sh,4.0,812
8597,2021,1777,1.3,Sh,7,3,V,,,2.51,Sh,4.0,812
8598,2021,1777,1.3,Sh,7,4,S,0.0,0.0,,,,812
8599,2021,1777,1.3,Sh,7,5,M,0.0,0.0,3.53,Sh,5.0,812
8600,2021,1777,1.3,Sh,7,6,V,,,0.28,Sh,3.0,812
8601,2021,1777,1.3,Sh,7,7,M,0.0,0.0,0.82,Sh,1.0,812
8602,2021,1778,1.0,Sh,1,1,B,,,,,,812
8603,2021,1779,1.11,Sh,3,1,V,,,2.37,Sh,4.0,812
8604,2021,1779,1.11,Sh,3,1,V,,,0.82,Sh,3.0,812
8605,2021,1779,1.11,Sh,3,2,V,,,1.46,Sh,3.0,812
8606,2021,1779,1.11,Sh,3,2,V,,,3.42,Sh,3.0,812
8607,2021,1779,1.11,Sh,3,3,V,,,8.13,Me,5.0,812
8608,2021,1780,3.55,Sh,3,1,B,,,,,,812
8609,2021,1780,3.55,Sh,3,2,M,0.0,0.0,3.63,Sh,7.0,812
8610,2021,1780,3.55,Sh,3,2,V,,,2.89,Sh,4.0,812
8611,2021,1780,3.55,Sh,3,3,M,0.0,0.0,5.12,Me,4.0,812
8612,2021,1781,0.14,Sh,1,1,S,0.0,0.0,,,,812
8613,2021,1782,3.49,Sh,5,1,B,,,,,,812
8614,2021,1782,3.49,Sh,5,2,V,,,0.62,Sh,2.0,812
8615,2021,1782,3.49,Sh,5,3,S,0.0,0.0,,,,812
8616,2021,1782,3.49,Sh,5,4,V,,,3.0,Sh,2.0,812
8617,2021,1782,3.49,Sh,5,5,V,,,,,,812
8618,2021,1782,3.49,Sh,5,5,V,,,3.02,Sh,4.0,812
8619,2021,1783,0.84,Sh,1,1,V,,,3.98,Sh,5.0,812
8620,2021,1783,0.84,Sh,1,1,V,,,,,,812
8621,2021,1784,4.83,Sh,7,1,V,,,,,,812
8622,2021,1784,4.83,Sh,7,1,V,,,2.44,Sh,2.0,812
8623,2021,1784,4.83,Sh,7,1,V,,,,,,812
8624,2021,1784,4.83,Sh,7,2,S,0.0,0.0,,,,812
8625,2021,1784,4.83,Sh,7,3,M,1.0,1.0,4.46,Sh,5.0,812
8626,2021,1784,4.83,Sh,7,4,S,0.0,0.0,,,,812
8627,2021,1784,4.83,Sh,7,5,V,,,3.91,Sh,1.0,812
8628,2021,1784,4.83,Sh,7,6,S,0.0,0.0,,,,812
8629,2021,1784,4.83,Sh,7,7,V,,,4.33,Sh,6.0,812
8630,2021,1785,8.1,Me,6,1,B,,,,,,812
8631,2021,1785,8.1,Me,6,2,V,,,3.07,Sh,5.0,812
8632,2021,1785,8.1,Me,6,3,S,0.0,0.0,,,,812
8633,2021,1785,8.1,Me,6,4,S,0.0,0.0,,,,812
8634,2021,1785,8.1,Me,6,5,S,0.0,0.0,,,,812
8635,2021,1785,8.1,Me,6,6,V,,,6.32,Me,6.0,812
8636,2021,1786,2.35,Sh,4,1,B,,,,,,812
8637,2021,1786,2.35,Sh,4,2,B,,,,,,812
8638,2021,1786,2.35,Sh,4,3,V,,,4.96,Sh,6.0,812
8639,2021,1786,2.35,Sh,4,4,B,,,,,,812
8640,2021,1787,0.19,Sh,4,1,V,,,,,,812
8641,2021,1787,0.19,Sh,4,2,M,1.0,6.0,0.76,Sh,2.0,812
8642,2021,1787,0.19,Sh,4,2,V,,,0.21,Sh,2.0,812
8643,2021,1787,0.19,Sh,4,3,M,1.0,3.0,3.52,Sh,5.0,812
8644,2021,1787,0.19,Sh,4,4,M,0.0,0.0,0.85,Sh,2.0,812
8645,2021,1789,1.82,Sh,2,1,M,0.0,0.0,5.56,Me,5.0,812
8646,2021,1789,1.82,Sh,2,2,M,0.0,0.0,1.19,Sh,2.0,812
8647,2021,1790,0.5,Sh,3,1,S,0.0,0.0,,,,812
8648,2021,1790,0.5,Sh,3,2,S,0.0,0.0,,,,812
8649,2021,1790,0.5,Sh,3,3,B,,,,,,812
8650,2021,1793,3.2,Sh,4,1,B,,,,,,812
8651,2021,1793,3.2,Sh,4,2,S,0.0,0.0,,,,812
8652,2021,1793,3.2,Sh,4,3,B,,,,,,812
8653,2021,1793,3.2,Sh,4,4,V,,,1.35,Sh,2.0,812
8654,2021,1793,1.34,Sh,3,1,V,,,,,,812
8655,2021,1793,1.34,Sh,3,2,V,,,2.87,Sh,5.0,812
8656,2021,1793,1.34,Sh,3,2,V,,,2.84,Sh,1.0,812
8657,2021,1793,1.34,Sh,3,3,V,,,2.35,Sh,6.0,812
8658,2021,1793,1.34,Sh,3,3,V,,,1.93,Sh,3.0,812
8659,2021,1793,1.34,Sh,3,3,M,,,,,,812
8660,2021,1793,1.34,Sh,3,3,M,0.0,0.0,0.05,Sh,3.0,812
8661,2021,1795,4.76,Sh,3,1,V,,,4.4,Sh,4.0,812
8662,2021,1795,4.76,Sh,3,2,M,0.0,0.0,4.87,Sh,5.0,812
8663,2021,1795,4.76,Sh,3,2,M,0.0,0.0,3.51,Sh,4.0,812
8664,2021,1795,4.76,Sh,3,2,M,0.0,0.0,3.52,Sh,1.0,812
8665,2021,1795,4.76,Sh,3,3,S,0.0,0.0,,,,812
8666,2021,1796,1.18,Sh,1,1,V,,,0.8,Sh,3.0,812
8667,2021,1797,5.5,Me,3,1,V,,,2.58,Sh,4.0,812
8668,2021,1797,5.5,Me,3,2,V,,,0.08,Sh,2.0,812
8669,2021,1797,5.5,Me,3,3,B,,,,,,812
8670,2021,1798,3.92,Sh,5,1,V,,,,,,812
8671,2021,1798,3.92,Sh,5,1,V,,,1.84,Sh,3.0,812
8672,2021,1798,3.92,Sh,5,2,B,,,,,,812
8673,2021,1798,3.92,Sh,5,3,S,0.0,0.0,,,,812
8674,2021,1798,3.92,Sh,5,4,V,,,,,,812
8675,2021,1798,3.92,Sh,5,4,V,,,5.14,Me,9.0,812
8676,2021,1798,3.92,Sh,5,4,M,0.0,0.0,8.23,Me,6.0,812
8677,2021,1798,3.92,Sh,5,5,V,,,5.51,Me,4.0,812
8678,2021,1799,1.18,Sh,4,1,V,,,3.13,Sh,5.0,812
8679,2021,1799,1.18,Sh,4,2,S,0.0,0.0,,,,812
8680,2021,1799,1.18,Sh,4,3,V,,,1.58,Sh,3.0,812
8681,2021,1799,1.18,Sh,4,3,M,1.0,2.0,0.97,Sh,5.0,812
8682,2021,1799,1.18,Sh,4,4,S,0.0,0.0,,,,812
8683,2021,1801,0.73,Sh,4,1,V,,,2.87,Sh,4.0,812
8684,2021,1801,0.73,Sh,4,2,S,0.0,0.0,,,,812
8685,2021,1801,0.73,Sh,4,3,S,0.0,0.0,,,,812
8686,2021,1801,0.73,Sh,4,4,M,0.0,0.0,6.1,Me,4.0,812
8687,2021,1802,0.12,Sh,3,1,M,1.0,1.0,1.44,Sh,3.0,812
8688,2021,1802,0.12,Sh,3,1,M,0.0,0.0,0.02,Sh,1.0,812
8689,2021,1802,0.12,Sh,3,2,B,,,,,,812
8690,2021,1802,0.12,Sh,3,3,M,0.0,0.0,6.0,Me,6.0,812
8691,2021,1802,0.12,Sh,3,3,V,,,11.43,Me,4.0,812
8692,2021,1804,3.74,Sh,7,1,M,0.0,0.0,0.94,Sh,2.0,812
8693,2021,1804,3.74,Sh,7,1,V,,,,,,812
8694,2021,1804,3.74,Sh,7,2,M,,,,,,812
8695,2021,1804,3.74,Sh,7,2,M,0.0,0.0,1.37,Sh,4.0,812
8696,2021,1804,3.74,Sh,7,3,M,0.0,0.0,3.23,Sh,3.0,812
8697,2021,1804,3.74,Sh,7,4,M,1.0,2.0,7.22,Me,4.0,812
8698,2021,1804,3.74,Sh,7,5,S,0.0,0.0,,,,812
8699,2021,1804,3.74,Sh,7,6,M,0.0,0.0,3.93,Sh,5.0,812
8700,2021,1804,3.74,Sh,7,7,M,1.0,5.0,5.96,Me,4.0,812
8701,2021,1804,3.74,Sh,7,7,M,0.0,0.0,7.11,Me,5.0,812
8702,2021,1805,5.76,Me,4,1,B,,,,,,812
8703,2021,1805,5.76,Me,4,2,V,,,,,,812
8704,2021,1805,5.76,Me,4,3,S,0.0,0.0,,,,812
8705,2021,1805,5.76,Me,4,4,V,,,5.2,Me,5.0,812
8706,2021,1806,2.46,Sh,4,1,B,,,,,,812
8707,2021,1806,2.46,Sh,4,2,V,,,,,,812
8708,2021,1806,2.46,Sh,4,3,M,0.0,0.0,0.31,Sh,2.0,812
8709,2021,1806,2.46,Sh,4,3,V,,,2.91,Sh,4.0,812
8710,2021,1806,2.46,Sh,4,4,B,,,,,,812
8711,2021,1807,1.08,Sh,2,1,B,,,,,,812
8712,2021,1807,1.08,Sh,2,2,V,,,2.69,Sh,3.0,812
8713,2021,1807,1.08,Sh,2,2,M,1.0,2.0,7.02,Me,4.0,812
8714,2021,1807,1.81,Sh,1,1,V,,,1.24,Sh,2.0,812
8715,2021,1809,6.58,Me,3,1,B,,,,,,812
8716,2021,1809,6.58,Me,3,2,M,0.0,0.0,4.24,Sh,3.0,812
8717,2021,1809,6.58,Me,3,3,V,,,3.73,Sh,3.0,812
8718,2021,1809,6.58,Me,3,3,V,,,0.33,Sh,2.0,812
8719,2021,1809,6.58,Me,3,3,V,,,5.82,Me,3.0,812
8720,2021,1810,1.18,Sh,2,1,V,,,,,,812
8721,2021,1810,1.18,Sh,2,2,M,1.0,4.0,6.39,Me,3.0,812
8722,2021,1811,3.66,Sh,2,1,S,0.0,0.0,,,,812
8723,2021,1811,3.66,Sh,2,2,B,,,,,,812
8724,2021,1812,4.58,Sh,7,1,M,,,,,,812
8725,2021,1812,4.58,Sh,7,2,B,,,,,,812
8726,2021,1812,4.58,Sh,7,3,V,,,2.91,Sh,7.0,812
8727,2021,1812,4.58,Sh,7,4,S,0.0,0.0,,,,812
8728,2021,1812,4.58,Sh,7,5,M,1.0,1.0,6.99,Me,3.0,812
8729,2021,1812,4.58,Sh,7,6,V,,,4.39,Sh,4.0,812
8730,2021,1812,4.58,Sh,7,7,M,0.0,0.0,6.52,Me,2.0,812
8731,2021,1814,2.79,Sh,4,1,V,,,,,,812
8732,2021,1814,2.79,Sh,4,2,S,0.0,0.0,,,,812
8733,2021,1814,2.79,Sh,4,3,M,0.0,0.0,5.09,Me,4.0,812
8734,2021,1814,2.79,Sh,4,4,B,,,,,,812
8735,2021,1816,0.93,Sh,1,1,S,0.0,0.0,,,,812
8736,2021,1817,3.09,Sh,2,1,B,,,,,,812
8737,2021,1817,3.09,Sh,2,2,S,0.0,0.0,,,,812
8738,2021,1818,0.54,Sh,3,1,S,0.0,0.0,,,,812
8739,2021,1818,0.54,Sh,3,2,B,,,,,,812
8740,2021,1818,0.54,Sh,3,3,M,0.0,0.0,5.85,Me,3.0,812
8741,2021,1819,1.79,Sh,3,1,B,,,,,,812
8742,2021,1819,1.79,Sh,3,2,B,,,,,,812
8743,2021,1819,1.79,Sh,3,3,M,1.0,3.0,2.77,Sh,1.0,812
8744,2021,1820,2.83,Sh,3,1,S,0.0,0.0,,,,812
8745,2021,1820,2.83,Sh,3,2,B,,,,,,812
8746,2021,1820,2.83,Sh,3,3,V,,,5.42,Me,3.0,812
8747,2021,1820,2.83,Sh,3,3,V,,,3.73,Sh,4.0,812
8748,2021,1820,2.83,Sh,3,3,V,,,7.23,Me,4.0,812
8749,2021,1821,2.01,Sh,4,1,B,,,,,,812
8750,2021,1821,2.01,Sh,4,2,S,0.0,0.0,,,,812
8751,2021,1821,2.01,Sh,4,3,M,1.0,2.0,2.18,Sh,4.0,812
8752,2021,1821,2.01,Sh,4,4,M,0.0,0.0,3.04,Sh,3.0,812
8753,2021,1821,2.01,Sh,4,4,V,,,5.99,Me,3.0,812
8754,2021,1821,2.71,Sh,4,1,V,,,,,,812
8755,2021,1821,2.71,Sh,4,2,V,,,0.92,Sh,1.0,812
8756,2021,1821,2.71,Sh,4,3,V,,,1.2,Sh,4.0,812
8757,2021,1821,2.71,Sh,4,4,M,0.0,0.0,7.8,Me,7.0,812
8758,2021,1821,2.71,Sh,4,4,V,,,6.16,Me,6.0,812
8759,2021,1821,2.71,Sh,4,4,M,0.0,0.0,3.79,Sh,1.0,812
8760,2021,1821,2.71,Sh,4,4,M,0.0,0.0,7.67,Me,4.0,812
8761,2021,1822,1.13,Sh,4,1,M,0.0,0.0,0.73,Sh,4.0,812
8762,2021,1822,1.13,Sh,4,2,V,,,,,,812
8763,2021,1822,1.13,Sh,4,3,M,0.0,0.0,4.61,Sh,6.0,812
8764,2021,1822,1.13,Sh,4,4,S,0.0,0.0,,,,812
8765,2021,1824,6.01,Me,4,1,S,0.0,0.0,,,,812
8766,2021,1824,6.01,Me,4,2,V,,,3.37,Sh,1.0,812
8767,2021,1824,6.01,Me,4,3,S,0.0,0.0,,,,812
8768,2021,1824,6.01,Me,4,4,M,0.0,0.0,0.84,Sh,2.0,812
8769,2021,1825,5.8,Me,5,1,V,,,,,,812
8770,2021,1825,5.8,Me,5,2,B,,,,,,812
8771,2021,1825,5.8,Me,5,3,M,1.0,6.0,0.15,Sh,1.0,812
8772,2021,1825,5.8,Me,5,4,V,,,1.46,Sh,2.0,812
8773,2021,1825,5.8,Me,5,5,B,,,,,,812
8774,2021,1826,7.04,Me,3,1,V,,,,,,812
8775,2021,1826,7.04,Me,3,2,V,,,3.19,Sh,1.0,812
8776,2021,1826,7.04,Me,3,2,V,,,3.11,Sh,2.0,812
8777,2021,1826,7.04,Me,3,2,V,,,,,,812
8778,2021,1826,7.04,Me,3,3,V,,,1.85,Sh,2.0,812
8779,2021,1827,8.35,Me,5,1,V,,,4.87,Sh,2.0,812
8780,2021,1827,8.35,Me,5,1,V,,,1.38,Sh,2.0,812
8781,2021,1827,8.35,Me,5,2,M,0.0,0.0,1.62,Sh,2.0,812
8782,2021,1827,8.35,Me,5,3,S,0.0,0.0,,,,812
8783,2021,1827,8.35,Me,5,4,V,,,1.55,Sh,3.0,812
8784,2021,1827,8.35,Me,5,4,M,,,,,,812
8785,2021,1827,8.35,Me,5,5,S,0.0,0.0,,,,812
8786,2021,1828,6.85,Me,4,1,M,0.0,0.0,0.31,Sh,6.0,812
8787,2021,1828,6.85,Me,4,1,V,,,0.37,Sh,3.0,812
8788,2021,1828,6.85,Me,4,1,V,,,0.96,Sh,1.0,812
8789,2021,1828,6.85,Me,4,2,M,0.0,0.0,0.42,Sh,1.0,812
8790,2021,1828,6.85,Me,4,3,V,,,3.56,Sh,4.0,812
8791,2021,1828,6.85,Me,4,3,M,1.0,1.0,4.91,Sh,5.0,812
8792,2021,1828,6.85,Me,4,4,S,0.0,0.0,,,,812
8793,2021,1829,5.93,Me,7,1,M,,,,,,812
8794,2021,1829,5.93,Me,7,2,M,,,,,,812
8795,2021,1829,5.93,Me,7,3,S,0.0,0.0,,,,812
8796,2021,1829,5.93,Me,7,4,M,1.0,4.0,2.1,Sh,1.0,812
8797,2021,1829,5.93,Me,7,4,M,1.0,2.0,4.49,Sh,4.0,812
8798,2021,1829,5.93,Me,7,5,S,0.0,0.0,,,,812
8799,2021,1829,5.93,Me,7,6,B,,,,,,812
8800,2021,1829,5.93,Me,7,7,M,1.0,3.0,9.86,Me,5.0,812
8801,2021,1830,7.74,Me,6,1,M,,,,,,812
8802,2021,1830,7.74,Me,6,2,B,,,,,,812
8803,2021,1830,7.74,Me,6,3,S,0.0,0.0,,,,812
8804,2021,1830,7.74,Me,6,4,M,1.0,3.0,6.55,Me,4.0,812
8805,2021,1830,7.74,Me,6,5,S,0.0,0.0,,,,812
8806,2021,1830,7.74,Me,6,6,M,0.0,0.0,6.17,Me,3.0,812
8807,2021,1830,7.74,Me,6,6,M,0.0,0.0,5.49,Me,5.0,812
8808,2021,1831,9.51,Me,8,1,B,,,,,,812
8809,2021,1831,9.51,Me,8,2,M,0.0,0.0,1.6,Sh,2.0,812
8810,2021,1831,9.51,Me,8,2,M,1.0,1.0,2.46,Sh,5.0,812
8811,2021,1831,9.51,Me,8,3,S,0.0,0.0,,,,812
8812,2021,1831,9.51,Me,8,4,S,0.0,0.0,,,,812
8813,2021,1831,9.51,Me,8,5,S,0.0,0.0,,,,812
8814,2021,1831,9.51,Me,8,6,S,0.0,0.0,,,,812
8815,2021,1831,9.51,Me,8,7,M,0.0,0.0,7.11,Me,6.0,812
8816,2021,1831,9.51,Me,8,8,M,1.0,1.0,5.57,Me,2.0,812
8817,2021,1831,9.51,Me,8,8,M,0.0,0.0,3.79,Sh,2.0,812
8818,2021,1832,3.35,Sh,4,1,V,,,,,,812
8819,2021,1832,3.35,Sh,4,2,B,,,,,,812
8820,2021,1832,3.35,Sh,4,3,M,1.0,3.0,0.17,Sh,1.0,812
8821,2021,1832,3.35,Sh,4,3,M,0.0,0.0,3.56,Sh,5.0,812
8822,2021,1832,3.35,Sh,4,4,M,1.0,4.0,1.85,Sh,1.0,812
8823,2021,1832,3.35,Sh,4,4,V,,,1.35,Sh,2.0,812
8824,2021,1833,6.47,Me,5,1,V,,,0.99,Sh,1.0,812
8825,2021,1833,6.47,Me,5,2,B,,,,,,812
8826,2021,1833,6.47,Me,5,3,V,,,5.61,Me,6.0,812
8827,2021,1833,6.47,Me,5,3,M,0.0,0.0,0.74,Sh,2.0,812
8828,2021,1833,6.47,Me,5,4,M,0.0,0.0,6.43,Me,7.0,812
8829,2021,1833,6.47,Me,5,4,M,0.0,0.0,2.84,Sh,3.0,812
8830,2021,1833,6.47,Me,5,4,M,,,,,,812
8831,2021,1833,6.47,Me,5,5,S,0.0,0.0,,,,812
8832,2021,1835,3.47,Sh,5,1,B,,,,,,812
8833,2021,1835,3.47,Sh,5,2,S,0.0,0.0,,,,812
8834,2021,1835,3.47,Sh,5,3,V,,,,,,812
8835,2021,1835,3.47,Sh,5,4,M,0.0,0.0,0.17,Sh,2.0,812
8836,2021,1835,3.47,Sh,5,5,V,,,5.82,Me,4.0,812
8837,2021,1840,5.43,Me,5,1,S,0.0,0.0,,,,812
8838,2021,1840,5.43,Me,5,2,V,,,2.7,Sh,6.0,812
8839,2021,1840,5.43,Me,5,3,M,0.0,0.0,2.52,Sh,2.0,812
8840,2021,1840,5.43,Me,5,4,V,,,5.02,Me,5.0,812
8841,2021,1840,5.43,Me,5,5,M,0.0,0.0,6.45,Me,3.0,812
8842,2021,1841,5.72,Me,4,1,V,,,2.92,Sh,1.0,812
8843,2021,1841,5.72,Me,4,2,B,,,,,,812
8844,2021,1841,5.72,Me,4,3,B,,,,,,812
8845,2021,1841,5.72,Me,4,4,M,1.0,3.0,3.2,Sh,4.0,812
8846,2021,1844,2.34,Sh,5,1,B,,,,,,812
8847,2021,1844,2.34,Sh,5,2,S,0.0,0.0,,,,812
8848,2021,1844,2.34,Sh,5,3,M,1.0,3.0,5.27,Me,6.0,812
8849,2021,1844,2.34,Sh,5,4,S,0.0,0.0,,,,812
8850,2021,1844,2.34,Sh,5,5,M,1.0,1.0,3.41,Sh,1.0,812
8851,2021,1845,2.71,Sh,6,1,B,,,,,,812
8852,2021,1845,2.71,Sh,6,2,V,,,,,,812
8853,2021,1845,2.71,Sh,6,3,V,,,0.07,Sh,3.0,812
8854,2021,1845,2.71,Sh,6,4,S,0.0,0.0,,,,812
8855,2021,1845,2.71,Sh,6,5,M,0.0,0.0,5.07,Me,7.0,812
8856,2021,1845,2.71,Sh,6,6,M,1.0,9.0,0.83,Sh,1.0,812
8857,2021,1846,2.82,Sh,6,1,V,,,2.07,Sh,4.0,812
8858,2021,1846,2.82,Sh,6,1,V,,,,,,812
8859,2021,1846,2.82,Sh,6,2,V,,,4.14,Sh,8.0,812
8860,2021,1846,2.82,Sh,6,2,V,,,5.9,Me,7.0,812
8861,2021,1846,2.82,Sh,6,3,V,,,4.4,Sh,1.0,812
8862,2021,1846,2.82,Sh,6,3,M,0.0,0.0,1.92,Sh,1.0,812
8863,2021,1846,2.82,Sh,6,4,M,0.0,0.0,5.07,Me,2.0,812
8864,2021,1846,2.82,Sh,6,5,M,0.0,0.0,5.64,Me,5.0,812
8865,2021,1846,2.82,Sh,6,6,M,1.0,4.0,6.13,Me,4.0,812
8866,2021,1848,0.99,Sh,3,1,V,,,0.31,Sh,1.0,812
8867,2021,1848,0.99,Sh,3,1,V,,,0.03,Sh,2.0,812
8868,2021,1848,0.99,Sh,3,1,V,,,1.96,Sh,4.0,812
8869,2021,1848,0.99,Sh,3,2,M,1.0,3.0,0.96,Sh,4.0,812
8870,2021,1848,0.99,Sh,3,3,M,0.0,0.0,4.51,Sh,3.0,812
8871,2021,1848,0.99,Sh,3,3,M,0.0,0.0,1.07,Sh,2.0,812
8872,2021,1848,0.99,Sh,3,3,V,,,3.78,Sh,1.0,812
8873,2021,1848,0.99,Sh,3,3,M,0.0,0.0,3.77,Sh,6.0,812
8874,2021,1848,0.99,Sh,3,3,M,1.0,3.0,6.51,Me,7.0,812
8875,2021,1849,0.62,Sh,4,1,B,,,,,,812
8876,2021,1849,0.62,Sh,4,2,M,0.0,0.0,2.65,Sh,2.0,812
8877,2021,1849,0.62,Sh,4,3,S,0.0,0.0,,,,812
8878,2021,1849,0.62,Sh,4,4,V,,,2.36,Sh,5.0,812
8879,2021,1849,0.62,Sh,4,4,M,0.0,0.0,5.34,Me,6.0,812
8880,2021,1849,0.62,Sh,4,4,V,,,3.42,Sh,5.0,812
8881,2021,1849,0.62,Sh,4,4,M,0.0,0.0,4.06,Sh,1.0,812
8882,2021,1850,1.6,Sh,1,1,V,,,0.62,Sh,4.0,812
8883,2021,1851,1.01,Sh,1,1,V,,,1.16,Sh,4.0,812
8884,2021,1851,1.16,Sh,1,1,S,0.0,0.0,,,,812
8885,2021,1852,2.54,Sh,4,1,V,,,0.23,Sh,3.0,812
8886,2021,1852,2.54,Sh,4,2,V,,,4.48,Sh,2.0,812
8887,2021,1852,2.54,Sh,4,3,V,,,6.69,Me,3.0,812
8888,2021,1852,2.54,Sh,4,3,V,,,7.32,Me,9.0,812
8889,2021,1852,2.54,Sh,4,4,M,0.0,0.0,6.14,Me,5.0,812
8890,2021,1853,0.81,Sh,1,1,B,,,,,,812
8891,2021,1854,1.72,Sh,5,1,B,,,,,,812
8892,2021,1854,1.72,Sh,5,2,M,1.0,7.0,0.6,Sh,5.0,812
8893,2021,1854,1.72,Sh,5,3,S,0.0,0.0,,,,812
8894,2021,1854,1.72,Sh,5,4,S,0.0,0.0,,,,812
8895,2021,1854,1.72,Sh,5,5,V,,,,,,812
8896,2021,1855,2.57,Sh,4,1,V,,,3.24,Sh,5.0,812
8897,2021,1855,2.57,Sh,4,2,M,0.0,0.0,4.02,Sh,5.0,812
8898,2021,1855,2.57,Sh,4,2,V,,,2.58,Sh,2.0,812
8899,2021,1855,2.57,Sh,4,3,S,0.0,0.0,,,,812
8900,2021,1855,2.57,Sh,4,4,S,0.0,0.0,,,,812
8901,2021,1856,3.96,Sh,2,1,B,,,,,,812
8902,2021,1856,3.96,Sh,2,2,B,,,,,,812
8903,2021,1857,3.59,Sh,2,1,B,,,,,,812
8904,2021,1857,3.59,Sh,2,2,B,,,,,,812
8905,2021,1858,7.43,Me,4,1,B,,,,,,812
8906,2021,1858,7.43,Me,4,2,V,,,3.4,Sh,1.0,812
8907,2021,1858,7.43,Me,4,2,V,,,,,,812
8908,2021,1858,7.43,Me,4,3,V,,,4.53,Sh,6.0,812
8909,2021,1858,7.43,Me,4,4,V,,,5.89,Me,4.0,812
8910,2021,1859,3.39,Sh,1,1,B,,,,,,812
8911,2021,1860,0.47,Sh,5,1,V,,,,,,812
8912,2021,1860,0.47,Sh,5,1,M,,,,,,812
8913,2021,1860,0.47,Sh,5,2,V,,,3.74,Sh,6.0,812
8914,2021,1860,0.47,Sh,5,3,S,0.0,0.0,,,,812
8915,2021,1860,0.47,Sh,5,4,B,,,,,,812
8916,2021,1860,0.47,Sh,5,5,V,,,6.1,Me,4.0,812
8917,2021,1861,2.16,Sh,3,1,B,,,,,,812
8918,2021,1861,2.16,Sh,3,2,B,,,,,,812
8919,2021,1861,2.16,Sh,3,3,M,0.0,0.0,1.31,Sh,5.0,812
8920,2021,1862,4.81,Sh,5,1,V,,,0.24,Sh,1.0,812
8921,2021,1862,4.81,Sh,5,2,B,,,,,,812
8922,2021,1862,4.81,Sh,5,3,B,,,,,,812
8923,2021,1862,4.81,Sh,5,4,V,,,6.25,Me,4.0,812
8924,2021,1862,4.81,Sh,5,5,V,,,2.06,Sh,4.0,812
8925,2021,1862,4.81,Sh,5,5,V,,,7.78,Me,6.0,812
8926,2021,1864,0.07,Sh,1,1,V,,,0.11,Sh,2.0,812
8927,2021,1864,0.07,Sh,1,1,M,,,,,,812
8928,2021,1864,0.07,Sh,1,1,M,,,,,,812
8929,2021,1864,0.07,Sh,1,1,V,,,6.51,Me,7.0,812
8930,2021,1864,0.07,Sh,1,1,V,,,4.33,Sh,2.0,812
8931,2021,1865,2.43,Sh,2,1,M,0.0,0.0,2.82,Sh,2.0,812
8932,2021,1865,2.43,Sh,2,2,V,,,7.28,Me,8.0,812
8933,2021,1865,2.43,Sh,2,2,V,,,2.42,Sh,3.0,812
8934,2021,1866,0.64,Sh,3,1,B,,,,,,812
8935,2021,1866,0.64,Sh,3,2,M,0.0,0.0,0.23,Sh,1.0,812
8936,2021,1866,0.64,Sh,3,3,B,,,,,,812
8937,2021,1867,1.39,Sh,3,1,B,,,,,,812
8938,2021,1867,1.39,Sh,3,2,V,,,7.05,Me,4.0,812
8939,2021,1867,1.39,Sh,3,3,V,,,5.98,Me,4.0,812
8940,2021,1867,1.39,Sh,3,3,M,0.0,0.0,1.99,Sh,3.0,812
8941,2021,1868,2.49,Sh,1,1,B,,,,,,812
8942,2021,1869,2.23,Sh,2,1,S,0.0,0.0,,,,812
8943,2021,1869,2.23,Sh,2,2,B,,,,,,812
8944,2021,1870,6.29,Me,3,1,S,0.0,0.0,,,,812
8945,2021,1870,6.29,Me,3,2,V,,,0.17,Sh,3.0,812
8946,2021,1870,6.29,Me,3,3,B,,,,,,812
8947,2021,1872,2.6,Sh,3,1,B,,,,,,812
8948,2021,1872,2.6,Sh,3,2,V,,,1.46,Sh,2.0,812
8949,2021,1872,2.6,Sh,3,3,M,0.0,0.0,4.28,Sh,3.0,812
8950,2021,1872,2.6,Sh,3,3,V,,,2.05,Sh,1.0,812
8951,2021,1872,2.6,Sh,3,3,V,,,6.5,Me,7.0,812
8952,2021,1874,0.5,Sh,1,1,V,,,2.91,Sh,2.0,812
8953,2021,1874,1.63,Sh,2,1,V,,,0.42,Sh,3.0,812
8954,2021,1874,1.63,Sh,2,2,V,,,5.35,Me,6.0,812
8955,2021,1874,1.63,Sh,2,2,V,,,6.07,Me,5.0,812
8956,2021,1875,1.31,Sh,2,1,V,,,,,,812
8957,2021,1875,1.31,Sh,2,2,S,0.0,0.0,,,,812
8958,2021,1876,0.78,Sh,3,1,B,,,,,,812
8959,2021,1876,0.78,Sh,3,2,S,0.0,0.0,,,,812
8960,2021,1876,0.78,Sh,3,3,S,0.0,0.0,,,,812
8961,2021,1877,1.69,Sh,5,1,B,,,,,,812
8962,2021,1877,1.69,Sh,5,2,V,,,3.15,Sh,4.0,812
8963,2021,1877,1.69,Sh,5,3,B,,,,,,812
8964,2021,1877,1.69,Sh,5,4,M,0.0,0.0,2.71,Sh,2.0,812
8965,2021,1877,1.69,Sh,5,5,M,0.0,0.0,3.03,Sh,5.0,812
8966,2021,1877,1.69,Sh,5,5,M,0.0,0.0,4.53,Sh,4.0,812
8967,2021,1878,1.69,Sh,2,1,B,,,,,,812
8968,2021,1878,1.69,Sh,2,2,V,,,5.32,Me,1.0,812
8969,2021,1879,9.78,Me,5,1,B,,,,,,812
8970,2021,1879,9.78,Me,5,2,B,,,,,,812
8971,2021,1879,9.78,Me,5,3,S,0.0,0.0,,,,812
8972,2021,1879,9.78,Me,5,4,B,,,,,,812
8973,2021,1879,9.78,Me,5,5,B,,,,,,812
8974,2021,1880,6.33,Me,7,1,B,,,,,,812
8975,2021,1880,6.33,Me,7,2,B,,,,,,812
8976,2021,1880,6.33,Me,7,3,V,,,1.15,Sh,3.0,812
8977,2021,1880,6.33,Me,7,3,V,,,5.98,Me,2.0,812
8978,2021,1880,6.33,Me,7,4,S,0.0,0.0,,,,812
8979,2021,1880,6.33,Me,7,5,V,,,2.37,Sh,3.0,812
8980,2021,1880,6.33,Me,7,5,M,1.0,2.0,4.0,Sh,3.0,812
8981,2021,1880,6.33,Me,7,6,M,1.0,7.0,4.36,Sh,3.0,812
8982,2021,1880,6.33,Me,7,7,V,,,5.63,Me,2.0,812
8983,2021,1881,0.42,Sh,1,1,V,,,2.28,Sh,5.0,812
8984,2021,1882,7.24,Me,7,1,B,,,,,,812
8985,2021,1882,7.24,Me,7,2,S,0.0,0.0,,,,812
8986,2021,1882,7.24,Me,7,3,S,0.0,0.0,,,,812
8987,2021,1882,7.24,Me,7,4,M,1.0,1.0,1.69,Sh,6.0,812
8988,2021,1882,7.24,Me,7,5,S,0.0,0.0,,,,812
8989,2021,1882,7.24,Me,7,6,S,0.0,0.0,,,,812
8990,2021,1882,7.24,Me,7,7,M,0.0,0.0,1.75,Sh,1.0,812
8991,2021,1882,7.24,Me,7,7,V,,,2.05,Sh,3.0,812
8992,2021,1882,7.24,Me,7,7,M,0.0,0.0,11.37,Me,7.0,812
8993,2021,1883,8.71,Me,3,1,B,,,,,,812
8994,2021,1883,8.71,Me,3,2,B,,,,,,812
8995,2021,1883,8.71,Me,3,3,M,1.0,7.0,2.87,Sh,5.0,812
8996,2021,1884,2.81,Sh,6,1,V,,,4.19,Sh,6.0,812
8997,2021,1884,2.81,Sh,6,2,S,0.0,0.0,,,,812
8998,2021,1884,2.81,Sh,6,3,S,0.0,0.0,,,,812
8999,2021,1884,2.81,Sh,6,4,B,,,,,,812
9000,2021,1884,2.81,Sh,6,5,S,0.0,0.0,,,,812
9001,2021,1884,2.81,Sh,6,6,M,0.0,0.0,4.02,Sh,3.0,812
9002,2021,1884,2.81,Sh,6,6,M,0.0,0.0,0.76,Sh,2.0,812
9003,2021,1884,2.81,Sh,6,6,M,1.0,1.0,3.22,Sh,3.0,812
9004,2021,1885,15.67,Me,6,1,V,,,,,,812
9005,2021,1885,15.67,Me,6,2,V,,,0.17,Sh,1.0,812
9006,2021,1885,15.67,Me,6,3,S,0.0,0.0,,,,812
9007,2021,1885,15.67,Me,6,4,M,1.0,3.0,3.35,Sh,6.0,812
9008,2021,1885,15.67,Me,6,5,M,0.0,0.0,4.55,Sh,5.0,812
9009,2021,1885,15.67,Me,6,5,M,0.0,0.0,4.62,Sh,2.0,812
9010,2021,1885,15.67,Me,6,6,M,1.0,9.0,9.5,Me,5.0,812
9011,2021,1887,2.77,Sh,1,1,B,,,,,,812
9012,2021,1891,5.42,Me,3,1,B,,,,,,812
9013,2021,1891,5.42,Me,3,2,B,,,,,,812
9014,2021,1891,5.42,Me,3,3,S,0.0,0.0,,,,812
9015,2021,1892,2.53,Sh,3,1,B,,,,,,812
9016,2021,1892,2.53,Sh,3,2,S,0.0,0.0,,,,812
9017,2021,1892,2.53,Sh,3,3,B,,,,,,812
9018,2021,1894,1.68,Sh,3,1,B,,,,,,812
9019,2021,1894,1.68,Sh,3,2,B,,,,,,812
9020,2021,1894,1.68,Sh,3,3,B,,,,,,812
9021,2021,1895,5.2,Me,5,1,B,,,,,,812
9022,2021,1895,5.2,Me,5,2,V,,,1.92,Sh,5.0,812
9023,2021,1895,5.2,Me,5,3,M,1.0,5.0,8.24,Me,8.0,812
9024,2021,1895,5.2,Me,5,4,M,1.0,4.0,3.62,Sh,2.0,812
9025,2021,1895,5.2,Me,5,5,B,,,,,,812
9026,2021,1896,1.15,Sh,3,1,B,,,,,,812
9027,2021,1896,1.15,Sh,3,2,V,,,4.34,Sh,5.0,812
9028,2021,1896,1.15,Sh,3,3,S,0.0,0.0,,,,812
9029,2021,1897,5.16,Me,5,1,B,,,,,,812
9030,2021,1897,5.16,Me,5,2,S,0.0,0.0,,,,812
9031,2021,1897,5.16,Me,5,3,B,,,,,,812
9032,2021,1897,5.16,Me,5,4,V,,,2.32,Sh,1.0,812
9033,2021,1897,5.16,Me,5,5,M,0.0,0.0,7.52,Me,6.0,812
9034,2021,1898,6.01,Me,6,1,V,,,2.12,Sh,3.0,812
9035,2021,1898,6.01,Me,6,2,V,,,,,,812
9036,2021,1898,6.01,Me,6,3,S,0.0,0.0,,,,812
9037,2021,1898,6.01,Me,6,4,S,0.0,0.0,,,,812
9038,2021,1898,6.01,Me,6,5,M,0.0,0.0,2.65,Sh,1.0,812
9039,2021,1898,6.01,Me,6,6,M,1.0,1.0,0.45,Sh,2.0,812
9040,2021,1900,2.37,Sh,1,1,S,0.0,0.0,,,,812
9041,2021,1901,4.7,Sh,7,1,B,,,,,,812
9042,2021,1901,4.7,Sh,7,2,B,,,,,,812
9043,2021,1901,4.7,Sh,7,3,V,,,4.45,Sh,4.0,812
9044,2021,1901,4.7,Sh,7,4,S,0.0,0.0,,,,812
9045,2021,1901,4.7,Sh,7,5,V,,,,,,812
9046,2021,1901,4.7,Sh,7,5,V,,,,,,812
9047,2021,1901,4.7,Sh,7,6,V,,,0.39,Sh,5.0,812
9048,2021,1901,4.7,Sh,7,7,V,,,5.72,Me,6.0,812
9049,2021,1901,4.7,Sh,7,7,M,0.0,0.0,2.77,Sh,4.0,812
9050,2021,1901,4.7,Sh,7,7,M,1.0,3.0,3.43,Sh,6.0,812
9051,2021,1902,8.92,Me,4,1,V,,,0.61,Sh,4.0,812
9052,2021,1902,8.92,Me,4,1,V,,,,,,812
9053,2021,1902,8.92,Me,4,1,V,,,0.82,Sh,2.0,812
9054,2021,1902,8.92,Me,4,2,V,,,,,,812
9055,2021,1902,8.92,Me,4,2,M,0.0,0.0,4.52,Sh,1.0,812
9056,2021,1902,8.92,Me,4,2,M,0.0,0.0,5.8,Me,5.0,812
9057,2021,1902,8.92,Me,4,3,V,,,3.14,Sh,7.0,812
9058,2021,1902,8.92,Me,4,3,V,,,2.84,Sh,3.0,812
9059,2021,1902,8.92,Me,4,3,M,0.0,0.0,2.81,Sh,2.0,812
9060,2021,1902,8.92,Me,4,4,M,0.0,0.0,6.94,Me,3.0,812
9061,2021,1902,8.92,Me,4,4,V,,,7.21,Me,6.0,812
9062,2021,1902,8.92,Me,4,4,V,,,0.83,Sh,2.0,812
9063,2021,1902,8.92,Me,4,4,V,,,2.44,Sh,4.0,812
9064,2021,1903,8.43,Me,8,1,B,,,,,,812
9065,2021,1903,8.43,Me,8,2,V,,,0.19,Sh,2.0,812
9066,2021,1903,8.43,Me,8,3,B,,,,,,812
9067,2021,1903,8.43,Me,8,4,S,0.0,0.0,,,,812
9068,2021,1903,8.43,Me,8,5,V,,,4.34,Sh,7.0,812
9069,2021,1903,8.43,Me,8,5,M,,,,,,812
9070,2021,1903,8.43,Me,8,5,M,0.0,0.0,1.96,Sh,4.0,812
9071,2021,1903,8.43,Me,8,5,M,0.0,0.0,1.46,Sh,4.0,812
9072,2021,1903,8.43,Me,8,5,V,,,,,,812
9073,2021,1903,8.43,Me,8,6,M,0.0,0.0,3.13,Sh,2.0,812
9074,2021,1903,8.43,Me,8,7,V,,,7.19,Me,6.0,812
9075,2021,1903,8.43,Me,8,8,S,0.0,0.0,,,,812
9076,2021,1904,2.39,Sh,4,1,B,,,,,,812
9077,2021,1904,2.39,Sh,4,2,S,0.0,0.0,,,,812
9078,2021,1904,2.39,Sh,4,3,M,1.0,2.0,0.73,Sh,3.0,812
9079,2021,1904,2.39,Sh,4,4,B,,,,,,812
9080,2021,1904,0.83,Sh,1,1,S,0.0,0.0,,,,812
9081,2021,1905,8.14,Me,6,1,V,,,1.68,Sh,2.0,812
9082,2021,1905,8.14,Me,6,2,M,,,,,,812
9083,2021,1905,8.14,Me,6,3,V,,,1.78,Sh,3.0,812
9084,2021,1905,8.14,Me,6,4,S,0.0,0.0,,,,812
9085,2021,1905,8.14,Me,6,5,M,0.0,0.0,2.93,Sh,1.0,812
9086,2021,1905,8.14,Me,6,6,V,,,11.03,Me,5.0,812
9087,2021,1906,9.36,Me,8,1,B,,,,,,812
9088,2021,1906,9.36,Me,8,2,V,,,,,,812
9089,2021,1906,9.36,Me,8,3,M,,,,,,812
9090,2021,1906,9.36,Me,8,3,M,0.0,0.0,3.09,Sh,5.0,812
9091,2021,1906,9.36,Me,8,3,V,,,0.52,Sh,4.0,812
9092,2021,1906,9.36,Me,8,4,M,0.0,0.0,2.8,Sh,4.0,812
9093,2021,1906,9.36,Me,8,4,M,0.0,0.0,3.6,Sh,4.0,812
9094,2021,1906,9.36,Me,8,5,S,0.0,0.0,,,,812
9095,2021,1906,9.36,Me,8,6,S,0.0,0.0,,,,812
9096,2021,1906,9.36,Me,8,7,M,1.0,3.0,9.47,Me,8.0,812
9097,2021,1906,9.36,Me,8,8,M,1.0,2.0,0.15,Sh,3.0,812
9098,2021,1906,9.36,Me,8,8,V,,,3.54,Sh,2.0,812
9099,2021,1908,6.64,Me,4,1,S,0.0,0.0,,,,812
9100,2021,1908,6.64,Me,4,2,V,,,4.4,Sh,4.0,812
9101,2021,1908,6.64,Me,4,2,V,,,2.54,Sh,2.0,812
9102,2021,1908,6.64,Me,4,2,M,0.0,0.0,0.01,Sh,3.0,812
9103,2021,1908,6.64,Me,4,3,S,0.0,0.0,,,,812
9104,2021,1908,6.64,Me,4,4,B,,,,,,812
9105,2021,1910,0.12,Sh,3,1,V,,,3.96,Sh,6.0,812
9106,2021,1910,0.12,Sh,3,2,S,0.0,0.0,,,,812
9107,2021,1910,0.12,Sh,3,3,M,1.0,7.0,2.25,Sh,1.0,812
9108,2021,1911,4.52,Sh,4,1,B,,,,,,812
9109,2021,1911,4.52,Sh,4,2,V,,,3.99,Sh,2.0,812
9110,2021,1911,4.52,Sh,4,3,S,0.0,0.0,,,,812
9111,2021,1911,4.52,Sh,4,4,M,0.0,0.0,2.58,Sh,5.0,812
9112,2021,1912,1.32,Sh,1,1,V,,,1.76,Sh,2.0,812
9113,2021,1913,7.25,Me,5,1,B,,,,,,812
9114,2021,1913,7.25,Me,5,2,B,,,,,,812
9115,2021,1913,7.25,Me,5,3,V,,,5.86,Me,4.0,812
9116,2021,1913,7.25,Me,5,4,V,,,,,,812
9117,2021,1913,7.25,Me,5,5,M,0.0,0.0,5.47,Me,6.0,812
9118,2021,1913,7.25,Me,5,5,M,0.0,0.0,6.47,Me,7.0,812
9119,2021,1913,7.25,Me,5,5,M,0.0,0.0,5.61,Me,6.0,812
9120,2021,1914,1.0,Sh,1,1,V,,,4.06,Sh,7.0,812
9121,2021,1916,0.34,Sh,1,1,V,,,2.93,Sh,3.0,812
9122,2021,1916,0.34,Sh,1,1,V,,,1.7,Sh,6.0,812
9123,2021,1916,0.34,Sh,1,1,V,,,3.95,Sh,6.0,812
9124,2021,1917,4.55,Sh,4,1,B,,,,,,812
9125,2021,1917,4.55,Sh,4,2,B,,,,,,812
9126,2021,1917,4.55,Sh,4,3,V,,,6.56,Me,8.0,812
9127,2021,1917,4.55,Sh,4,4,V,,,6.71,Me,6.0,812
9128,2021,1919,3.06,Sh,4,1,M,1.0,1.0,5.09,Me,4.0,812
9129,2021,1919,3.06,Sh,4,2,B,,,,,,812
9130,2021,1919,3.06,Sh,4,3,B,,,,,,812
9131,2021,1919,3.06,Sh,4,4,M,0.0,0.0,2.03,Sh,4.0,812
9132,2021,1919,3.06,Sh,4,4,V,,,4.27,Sh,5.0,812
9133,2021,1919,3.06,Sh,4,4,M,,,,,,812
9134,2021,1919,3.06,Sh,4,4,M,0.0,0.0,2.43,Sh,1.0,812
9135,2021,1920,0.57,Sh,2,1,B,,,,,,812
9136,2021,1920,0.57,Sh,2,2,V,,,5.62,Me,6.0,812
9137,2021,1921,7.71,Me,6,1,B,,,,,,812
9138,2021,1921,7.71,Me,6,2,M,1.0,2.0,5.71,Me,7.0,812
9139,2021,1921,7.71,Me,6,3,V,,,3.09,Sh,2.0,812
9140,2021,1921,7.71,Me,6,4,M,0.0,0.0,7.66,Me,6.0,812
9141,2021,1921,7.71,Me,6,5,S,0.0,0.0,,,,812
9142,2021,1921,7.71,Me,6,6,M,1.0,9.0,4.59,Sh,8.0,812
9143,2021,1922,0.49,Sh,1,1,V,,,1.76,Sh,2.0,812
9144,2021,1924,8.21,Me,4,1,V,,,1.59,Sh,6.0,812
9145,2021,1924,8.21,Me,4,2,B,,,,,,812
9146,2021,1924,8.21,Me,4,3,S,0.0,0.0,,,,812
9147,2021,1924,8.21,Me,4,4,M,0.0,0.0,4.16,Sh,5.0,812
9148,2021,1925,2.77,Sh,6,1,V,,,1.06,Sh,3.0,812
9149,2021,1925,2.77,Sh,6,2,M,1.0,1.0,0.74,Sh,4.0,812
9150,2021,1925,2.77,Sh,6,3,B,,,,,,812
9151,2021,1925,2.77,Sh,6,4,S,0.0,0.0,,,,812
9152,2021,1925,2.77,Sh,6,5,S,0.0,0.0,,,,812
9153,2021,1925,2.77,Sh,6,6,M,0.0,0.0,7.49,Me,5.0,812
9154,2021,1925,2.77,Sh,6,6,M,1.0,4.0,8.37,Me,4.0,812
9155,2021,1926,4.51,Sh,6,1,M,0.0,0.0,1.1,Sh,4.0,812
9156,2021,1926,4.51,Sh,6,2,M,0.0,0.0,6.84,Me,3.0,812
9157,2021,1926,4.51,Sh,6,3,S,0.0,0.0,,,,812
9158,2021,1926,4.51,Sh,6,4,S,0.0,0.0,,,,812
9159,2021,1926,4.51,Sh,6,5,V,,,,,,812
9160,2021,1926,4.51,Sh,6,5,V,,,7.26,Me,6.0,812
9161,2021,1926,4.51,Sh,6,6,S,0.0,0.0,,,,812
9162,2021,1930,2.16,Sh,4,1,B,,,,,,812
9163,2021,1930,2.16,Sh,4,2,V,,,2.5,Sh,1.0,812
9164,2021,1930,2.16,Sh,4,3,V,,,5.94,Me,9.0,812
9165,2021,1930,2.16,Sh,4,4,B,,,,,,812
9166,2021,1930,2.66,Sh,3,1,S,0.0,0.0,,,,812
9167,2021,1930,2.66,Sh,3,2,V,,,1.02,Sh,3.0,812
9168,2021,1930,2.66,Sh,3,2,V,,,0.75,Sh,2.0,812
9169,2021,1930,2.66,Sh,3,2,M,0.0,0.0,2.36,Sh,6.0,812
9170,2021,1930,2.66,Sh,3,3,M,0.0,0.0,3.01,Sh,3.0,812
9171,2021,1931,4.2,Sh,7,1,B,,,,,,812
9172,2021,1931,4.2,Sh,7,2,V,,,1.9,Sh,3.0,812
9173,2021,1931,4.2,Sh,7,3,S,0.0,0.0,,,,812
9174,2021,1931,4.2,Sh,7,4,S,0.0,0.0,,,,812
9175,2021,1931,4.2,Sh,7,5,S,0.0,0.0,,,,812
9176,2021,1931,4.2,Sh,7,6,M,1.0,4.0,5.48,Me,6.0,812
9177,2021,1931,4.2,Sh,7,7,M,0.0,0.0,10.48,Me,7.0,812
9178,2021,1935,1.48,Sh,2,1,V,,,1.61,Sh,3.0,812
9179,2021,1935,1.48,Sh,2,2,V,,,5.87,Me,4.0,812
9180,2021,1937,6.12,Me,6,1,B,,,,,,812
9181,2021,1937,6.12,Me,6,2,M,,,,,,812
9182,2021,1937,6.12,Me,6,2,V,,,4.6,Sh,2.0,812
9183,2021,1937,6.12,Me,6,3,V,,,2.37,Sh,4.0,812
9184,2021,1937,6.12,Me,6,3,V,,,0.22,Sh,2.0,812
9185,2021,1937,6.12,Me,6,4,V,,,,,,812
9186,2021,1937,6.12,Me,6,4,M,0.0,0.0,1.03,Sh,1.0,812
9187,2021,1937,6.12,Me,6,4,M,1.0,3.0,1.47,Sh,3.0,812
9188,2021,1937,6.12,Me,6,5,V,,,4.53,Sh,6.0,812
9189,2021,1937,6.12,Me,6,6,V,,,4.71,Sh,3.0,812
9190,2021,1939,3.06,Sh,4,1,V,,,1.75,Sh,1.0,812
9191,2021,1939,3.06,Sh,4,1,V,,,2.09,Sh,4.0,812
9192,2021,1939,3.06,Sh,4,2,B,,,,,,812
9193,2021,1939,3.06,Sh,4,3,S,0.0,0.0,,,,812
9194,2021,1939,3.06,Sh,4,4,M,0.0,0.0,11.64,Me,6.0,812
9195,2021,1939,3.06,Sh,4,4,V,,,8.08,Me,3.0,812
9196,2021,1940,1.05,Sh,1,1,S,0.0,0.0,,,,812
9197,2021,1941,3.24,Sh,4,1,M,0.0,0.0,0.1,Sh,1.0,812
9198,2021,1941,3.24,Sh,4,2,M,,,,,,812
9199,2021,1941,3.24,Sh,4,3,B,,,,,,812
9200,2021,1941,3.24,Sh,4,4,M,0.0,0.0,4.07,Sh,2.0,812
9201,2021,1942,3.78,Sh,3,1,M,1.0,1.0,0.48,Sh,1.0,812
9202,2021,1942,3.78,Sh,3,2,V,,,4.93,Sh,3.0,812
9203,2021,1942,3.78,Sh,3,3,B,,,,,,812
9204,2021,1944,1.15,Sh,2,1,B,,,,,,812
9205,2021,1944,1.15,Sh,2,2,V,,,3.7,Sh,6.0,812
9206,2021,1945,11.15,Me,6,1,B,,,,,,812
9207,2021,1945,11.15,Me,6,2,M,0.0,0.0,6.81,Me,5.0,812
9208,2021,1945,11.15,Me,6,3,V,,,0.4,Sh,1.0,812
9209,2021,1945,11.15,Me,6,4,B,,,,,,812
9210,2021,1945,11.15,Me,6,5,M,0.0,0.0,4.3,Sh,7.0,812
9211,2021,1945,11.15,Me,6,5,V,,,3.08,Sh,1.0,812
9212,2021,1945,11.15,Me,6,6,M,1.0,1.0,1.11,Sh,1.0,812
9213,2021,1947,4.0,Sh,1,1,S,0.0,0.0,,,,812
9214,2021,1948,1.66,Sh,2,1,S,0.0,0.0,,,,812
9215,2021,1948,1.66,Sh,2,2,V,,,2.36,Sh,1.0,812
9216,2021,1948,1.66,Sh,2,2,V,,,0.25,Sh,2.0,812
9217,2021,1949,1.67,Sh,1,1,V,,,1.61,Sh,4.0,812
9218,2021,1950,0.36,Sh,3,1,V,,,,,,812
9219,2021,1950,0.36,Sh,3,1,M,,,,,,812
9220,2021,1950,0.36,Sh,3,1,V,,,1.5,Sh,1.0,812
9221,2021,1950,0.36,Sh,3,2,B,,,,,,812
9222,2021,1950,0.36,Sh,3,3,M,0.0,0.0,2.19,Sh,3.0,812
9223,2021,1951,1.29,Sh,6,1,V,,,1.18,Sh,3.0,812
9224,2021,1951,1.29,Sh,6,2,M,1.0,6.0,2.4,Sh,1.0,812
9225,2021,1951,1.29,Sh,6,2,V,,,,,,812
9226,2021,1951,1.29,Sh,6,3,S,0.0,0.0,,,,812
9227,2021,1951,1.29,Sh,6,4,M,0.0,0.0,1.25,Sh,4.0,812
9228,2021,1951,1.29,Sh,6,4,M,0.0,0.0,7.36,Me,4.0,812
9229,2021,1951,1.29,Sh,6,5,S,0.0,0.0,,,,812
9230,2021,1951,1.29,Sh,6,6,S,0.0,0.0,,,,812
9231,2021,1953,1.59,Sh,2,1,V,,,3.66,Sh,2.0,812
9232,2021,1953,1.59,Sh,2,1,V,,,,,,812
9233,2021,1953,1.59,Sh,2,1,M,0.0,0.0,2.61,Sh,2.0,812
9234,2021,1953,1.59,Sh,2,1,V,,,2.68,Sh,3.0,812
9235,2021,1953,1.59,Sh,2,2,M,1.0,1.0,2.23,Sh,6.0,812
9236,2021,1954,0.69,Sh,2,1,B,,,,,,812
9237,2021,1954,0.69,Sh,2,2,V,,,4.14,Sh,4.0,812
9238,2021,1955,3.15,Sh,6,1,M,1.0,3.0,0.25,Sh,1.0,812
9239,2021,1955,3.15,Sh,6,2,M,0.0,0.0,2.04,Sh,7.0,812
9240,2021,1955,3.15,Sh,6,3,V,,,1.69,Sh,2.0,812
9241,2021,1955,3.15,Sh,6,4,S,0.0,0.0,,,,812
9242,2021,1955,3.15,Sh,6,5,V,,,,,,812
9243,2021,1955,3.15,Sh,6,5,V,,,1.01,Sh,3.0,812
9244,2021,1955,3.15,Sh,6,6,M,0.0,0.0,4.96,Sh,4.0,812
9245,2021,1955,0.8,Sh,2,1,B,,,,,,812
9246,2021,1955,0.8,Sh,2,2,V,,,3.05,Sh,6.0,812
9247,2021,1955,0.8,Sh,2,2,V,,,6.11,Me,7.0,812
9248,2021,1956,3.25,Sh,2,1,V,,,,,,812
9249,2021,1956,3.25,Sh,2,2,V,,,0.67,Sh,5.0,812
9250,2021,1956,3.25,Sh,2,2,M,0.0,0.0,3.17,Sh,3.0,812
9251,2021,1956,1.43,Sh,1,1,B,,,,,,812
9252,2021,1957,2.41,Sh,4,1,M,0.0,0.0,4.08,Sh,8.0,812
9253,2021,1957,2.41,Sh,4,1,V,,,1.61,Sh,4.0,812
9254,2021,1957,2.41,Sh,4,2,V,,,,,,812
9255,2021,1957,2.41,Sh,4,3,V,,,2.7,Sh,5.0,812
9256,2021,1957,2.41,Sh,4,4,M,1.0,2.0,8.29,Me,8.0,812
9257,2021,1957,2.41,Sh,4,4,M,0.0,0.0,6.96,Me,4.0,812
9258,2021,1958,5.65,Me,3,1,M,0.0,0.0,2.26,Sh,3.0,812
9259,2021,1958,5.65,Me,3,1,V,,,5.31,Me,4.0,812
9260,2021,1958,5.65,Me,3,2,B,,,,,,812
9261,2021,1958,5.65,Me,3,3,V,,,,,,812
9262,2021,1958,5.65,Me,3,3,M,1.0,2.0,7.62,Me,6.0,812
9263,2021,1959,3.06,Sh,3,1,B,,,,,,812
9264,2021,1959,3.06,Sh,3,2,M,0.0,0.0,2.29,Sh,7.0,812
9265,2021,1959,3.06,Sh,3,3,M,0.0,0.0,5.25,Me,5.0,812
9266,2021,1960,0.98,Sh,3,1,M,,,,,,812
9267,2021,1960,0.98,Sh,3,1,V,,,,,,812
9268,2021,1960,0.98,Sh,3,1,M,0.0,0.0,2.48,Sh,4.0,812
9269,2021,1960,0.98,Sh,3,2,S,0.0,0.0,,,,812
9270,2021,1960,0.98,Sh,3,3,B,,,,,,812
9271,2021,1961,3.59,Sh,2,1,S,0.0,0.0,,,,812
9272,2021,1961,3.59,Sh,2,2,M,0.0,0.0,3.89,Sh,3.0,812
9273,2021,1961,3.59,Sh,2,2,V,,,1.32,Sh,4.0,812
9274,2021,1961,3.59,Sh,2,2,V,,,8.01,Me,5.0,812
9275,2021,1963,3.08,Sh,2,1,V,,,,,,812
9276,2021,1963,3.08,Sh,2,2,B,,,,,,812
9277,2021,1963,1.14,Sh,2,1,B,,,,,,812
9278,2021,1963,1.14,Sh,2,2,M,1.0,3.0,6.72,Me,5.0,812
9279,2021,1963,1.14,Sh,2,2,M,0.0,0.0,2.0,Sh,1.0,812
9280,2021,1965,1.52,Sh,1,1,B,,,,,,812
9281,2021,1966,2.71,Sh,4,1,B,,,,,,812
9282,2021,1966,2.71,Sh,4,2,B,,,,,,812
9283,2021,1966,2.71,Sh,4,3,V,,,0.5,Sh,2.0,812
9284,2021,1966,2.71,Sh,4,4,M,0.0,0.0,5.86,Me,8.0,812
9285,2021,1969,1.45,Sh,1,1,S,0.0,0.0,,,,812
9286,2021,1970,3.82,Sh,8,1,B,,,,,,812
9287,2021,1970,3.82,Sh,8,2,B,,,,,,812
9288,2021,1970,3.82,Sh,8,3,M,0.0,0.0,0.8,Sh,2.0,812
9289,2021,1970,3.82,Sh,8,3,M,0.0,0.0,2.78,Sh,2.0,812
9290,2021,1970,3.82,Sh,8,3,V,,,1.84,Sh,3.0,812
9291,2021,1970,3.82,Sh,8,4,V,,,,,,812
9292,2021,1970,3.82,Sh,8,4,V,,,2.56,Sh,2.0,812
9293,2021,1970,3.82,Sh,8,5,M,0.0,0.0,3.62,Sh,5.0,812
9294,2021,1970,3.82,Sh,8,5,M,0.0,0.0,2.81,Sh,2.0,812
9295,2021,1970,3.82,Sh,8,5,V,,,,,,812
9296,2021,1970,3.82,Sh,8,5,V,,,,,,812
9297,2021,1970,3.82,Sh,8,5,M,0.0,0.0,0.64,Sh,2.0,812
9298,2021,1970,3.82,Sh,8,5,V,,,2.04,Sh,1.0,812
9299,2021,1970,3.82,Sh,8,6,S,0.0,0.0,,,,812
9300,2021,1970,3.82,Sh,8,7,S,0.0,0.0,,,,812
9301,2021,1970,3.82,Sh,8,8,S,0.0,0.0,,,,812
9302,2021,1972,1.93,Sh,3,1,M,,,,,,812
9303,2021,1972,1.93,Sh,3,2,V,,,2.31,Sh,3.0,812
9304,2021,1972,1.93,Sh,3,3,M,1.0,5.0,1.05,Sh,7.0,812
9305,2021,1974,6.97,Me,4,1,M,,,,,,812
9306,2021,1974,6.97,Me,4,2,B,,,,,,812
9307,2021,1974,6.97,Me,4,3,M,0.0,0.0,6.73,Me,3.0,812
9308,2021,1974,6.97,Me,4,4,M,,,,,,812
9309,2021,1975,4.7,Sh,6,1,S,0.0,0.0,,,,812
9310,2021,1975,4.7,Sh,6,2,V,,,2.27,Sh,5.0,812
9311,2021,1975,4.7,Sh,6,3,S,0.0,0.0,,,,812
9312,2021,1975,4.7,Sh,6,4,V,,,3.18,Sh,7.0,812
9313,2021,1975,4.7,Sh,6,4,V,,,,,,812
9314,2021,1975,4.7,Sh,6,4,V,,,0.93,Sh,1.0,812
9315,2021,1975,4.7,Sh,6,5,M,0.0,0.0,8.5,Me,2.0,812
9316,2021,1975,4.7,Sh,6,6,V,,,6.23,Me,7.0,812
9317,2021,1975,2.49,Sh,2,1,B,,,,,,812
9318,2021,1975,2.49,Sh,2,2,V,,,5.31,Me,5.0,812
9319,2021,1976,3.98,Sh,5,1,V,,,0.14,Sh,4.0,812
9320,2021,1976,3.98,Sh,5,2,S,0.0,0.0,,,,812
9321,2021,1976,3.98,Sh,5,3,S,0.0,0.0,,,,812
9322,2021,1976,3.98,Sh,5,4,S,0.0,0.0,,,,812
9323,2021,1976,3.98,Sh,5,5,V,,,5.59,Me,4.0,812
9324,2021,1977,0.89,Sh,2,1,B,,,,,,812
9325,2021,1977,0.89,Sh,2,2,V,,,2.34,Sh,1.0,812
9326,2021,1978,3.96,Sh,2,1,V,,,4.81,Sh,5.0,812
9327,2021,1978,3.96,Sh,2,2,B,,,,,,812
9328,2021,1979,2.6,Sh,2,1,B,,,,,,812
9329,2021,1979,2.6,Sh,2,2,B,,,,,,812
9330,2021,1980,8.15,Me,5,1,M,,,,,,812
9331,2021,1980,8.15,Me,5,1,V,,,2.13,Sh,6.0,812
9332,2021,1980,8.15,Me,5,2,V,,,4.53,Sh,3.0,812
9333,2021,1980,8.15,Me,5,3,B,,,,,,812
9334,2021,1980,8.15,Me,5,4,S,0.0,0.0,,,,812
9335,2021,1980,8.15,Me,5,5,B,,,,,,812
9336,2021,1981,5.96,Me,2,1,B,,,,,,812
9337,2021,1981,5.96,Me,2,2,V,,,,,,812
9338,2021,1981,5.96,Me,2,2,M,0.0,0.0,2.63,Sh,2.0,812
9339,2021,1981,5.96,Me,2,2,V,,,9.32,Me,7.0,812
9340,2021,1982,5.97,Me,5,1,V,,,3.22,Sh,1.0,812
9341,2021,1982,5.97,Me,5,2,B,,,,,,812
9342,2021,1982,5.97,Me,5,3,V,,,0.24,Sh,2.0,812
9343,2021,1982,5.97,Me,5,4,S,0.0,0.0,,,,812
9344,2021,1982,5.97,Me,5,5,V,,,2.75,Sh,4.0,812
9345,2021,1982,5.97,Me,5,5,M,0.0,0.0,8.98,Me,6.0,812
9346,2021,1983,11.53,Me,6,1,V,,,0.37,Sh,2.0,812
9347,2021,1983,11.53,Me,6,2,B,,,,,,812
9348,2021,1983,11.53,Me,6,3,B,,,,,,812
9349,2021,1983,11.53,Me,6,4,B,,,,,,812
9350,2021,1983,11.53,Me,6,5,M,1.0,5.0,10.04,Me,8.0,812
9351,2021,1983,11.53,Me,6,6,M,0.0,0.0,6.58,Me,6.0,812
9352,2021,1985,0.35,Sh,3,1,M,1.0,2.0,0.49,Sh,1.0,812
9353,2021,1985,0.35,Sh,3,2,B,,,,,,812
9354,2021,1985,0.35,Sh,3,3,M,0.0,0.0,8.26,Me,7.0,812
9355,2021,1986,5.89,Me,6,1,S,0.0,0.0,,,,812
9356,2021,1986,5.89,Me,6,2,S,0.0,0.0,,,,812
9357,2021,1986,5.89,Me,6,3,M,,,,,,812
9358,2021,1986,5.89,Me,6,4,B,,,,,,812
9359,2021,1986,5.89,Me,6,5,M,0.0,0.0,2.03,Sh,1.0,812
9360,2021,1986,5.89,Me,6,5,V,,,0.69,Sh,1.0,812
9361,2021,1986,5.89,Me,6,5,V,,,,,,812
9362,2021,1986,5.89,Me,6,6,S,0.0,0.0,,,,812
9363,2021,1987,1.38,Sh,1,1,S,0.0,0.0,,,,812
9364,2021,1990,1.24,Sh,4,1,B,,,,,,812
9365,2021,1990,1.24,Sh,4,2,V,,,3.7,Sh,5.0,812
9366,2021,1990,1.24,Sh,4,2,M,0.0,0.0,2.52,Sh,6.0,812
9367,2021,1990,1.24,Sh,4,2,V,,,0.82,Sh,1.0,812
9368,2021,1990,1.24,Sh,4,3,V,,,2.83,Sh,2.0,812
9369,2021,1990,1.24,Sh,4,4,M,1.0,3.0,1.36,Sh,2.0,812
9370,2021,1991,2.84,Sh,1,1,M,1.0,2.0,3.2,Sh,5.0,812
9371,2021,1992,0.15,Sh,1,1,M,0.0,0.0,5.29,Me,1.0,812
9372,2021,1992,0.15,Sh,1,1,V,,,1.38,Sh,2.0,812
9373,2021,1993,9.86,Me,8,1,B,,,,,,812
9374,2021,1993,9.86,Me,8,2,V,,,2.68,Sh,1.0,812
9375,2021,1993,9.86,Me,8,3,V,,,,,,812
9376,2021,1993,9.86,Me,8,4,V,,,4.19,Sh,4.0,812
9377,2021,1993,9.86,Me,8,5,V,,,5.45,Me,6.0,812
9378,2021,1993,9.86,Me,8,6,M,1.0,3.0,4.06,Sh,4.0,812
9379,2021,1993,9.86,Me,8,7,M,0.0,0.0,3.88,Sh,1.0,812
9380,2021,1993,9.86,Me,8,8,V,,,6.53,Me,5.0,812
9381,2021,1993,9.86,Me,8,8,M,0.0,0.0,0.89,Sh,3.0,812
9382,2021,1994,1.11,Sh,2,1,V,,,2.29,Sh,2.0,812
9383,2021,1994,1.11,Sh,2,2,M,0.0,0.0,8.94,Me,4.0,812
9384,2021,1996,2.7,Sh,2,1,V,,,,,,812
9385,2021,1996,2.7,Sh,2,1,V,,,5.35,Me,2.0,812
9386,2021,1996,2.7,Sh,2,1,V,,,,,,812
9387,2021,1996,2.7,Sh,2,2,B,,,,,,812
9388,2021,1996,6.27,Me,2,1,B,,,,,,812
9389,2021,1996,6.27,Me,2,2,S,0.0,0.0,,,,812
9390,2021,1997,5.82,Me,4,1,V,,,1.01,Sh,1.0,812
9391,2021,1997,5.82,Me,4,2,B,,,,,,812
9392,2021,1997,5.82,Me,4,3,B,,,,,,812
9393,2021,1997,5.82,Me,4,4,M,0.0,0.0,3.13,Sh,5.0,812
9394,2021,1997,5.82,Me,4,4,M,0.0,0.0,8.09,Me,6.0,812
9395,2021,1998,4.66,Sh,6,1,S,0.0,0.0,,,,812
9396,2021,1998,4.66,Sh,6,2,B,,,,,,812
9397,2021,1998,4.66,Sh,6,3,S,0.0,0.0,,,,812
9398,2021,1998,4.66,Sh,6,4,M,0.0,0.0,1.66,Sh,4.0,812
9399,2021,1998,4.66,Sh,6,4,V,,,2.78,Sh,3.0,812
9400,2021,1998,4.66,Sh,6,4,V,,,2.53,Sh,1.0,812
9401,2021,1998,4.66,Sh,6,4,M,0.0,0.0,2.61,Sh,8.0,812
9402,2021,1998,4.66,Sh,6,4,V,,,7.26,Me,3.0,812
9403,2021,1998,4.66,Sh,6,4,M,0.0,0.0,5.42,Me,2.0,812
9404,2021,1998,4.66,Sh,6,5,M,1.0,5.0,10.32,Me,6.0,812
9405,2021,1998,4.66,Sh,6,6,M,0.0,0.0,3.14,Sh,5.0,812
9406,2021,1999,0.2,Sh,1,1,B,,,,,,812
9407,2021,2000,9.58,Me,8,1,S,0.0,0.0,,,,812
9408,2021,2000,9.58,Me,8,2,V,,,1.22,Sh,2.0,812
9409,2021,2000,9.58,Me,8,2,V,,,1.71,Sh,1.0,812
9410,2021,2000,9.58,Me,8,3,S,0.0,0.0,,,,812
9411,2021,2000,9.58,Me,8,4,M,0.0,0.0,2.28,Sh,2.0,812
9412,2021,2000,9.58,Me,8,5,M,1.0,3.0,0.18,Sh,4.0,812
9413,2021,2000,9.58,Me,8,6,M,0.0,0.0,6.21,Me,3.0,812
9414,2021,2000,9.58,Me,8,7,M,1.0,2.0,7.31,Me,6.0,812
9415,2021,2000,9.58,Me,8,8,M,,,,,,812
9416,2021,2001,7.73,Me,7,1,V,,,2.01,Sh,1.0,812
9417,2021,2001,7.73,Me,7,2,B,,,,,,812
9418,2021,2001,7.73,Me,7,3,M,0.0,0.0,1.11,Sh,2.0,812
9419,2021,2001,7.73,Me,7,3,M,,,,,,812
9420,2021,2001,7.73,Me,7,4,S,0.0,0.0,,,,812
9421,2021,2001,7.73,Me,7,5,M,0.0,0.0,5.46,Me,8.0,812
9422,2021,2001,7.73,Me,7,5,M,,,,,,812
9423,2021,2001,7.73,Me,7,6,V,,,2.9,Sh,2.0,812
9424,2021,2001,7.73,Me,7,7,V,,,6.87,Me,8.0,812
9425,2021,2002,8.47,Me,7,1,B,,,,,,812
9426,2021,2002,8.47,Me,7,2,B,,,,,,812
9427,2021,2002,8.47,Me,7,3,S,0.0,0.0,,,,812
9428,2021,2002,8.47,Me,7,4,V,,,6.59,Me,9.0,812
9429,2021,2002,8.47,Me,7,5,V,,,1.74,Sh,1.0,812
9430,2021,2002,8.47,Me,7,5,V,,,5.5,Me,2.0,812
9431,2021,2002,8.47,Me,7,6,M,0.0,0.0,3.34,Sh,4.0,812
9432,2021,2002,8.47,Me,7,6,V,,,2.66,Sh,3.0,812
9433,2021,2002,8.47,Me,7,6,M,,,,,,812
9434,2021,2002,8.47,Me,7,7,M,0.0,0.0,1.66,Sh,2.0,812
9435,2021,2003,2.25,Sh,3,1,B,,,,,,812
9436,2021,2003,2.25,Sh,3,2,M,0.0,0.0,3.79,Sh,4.0,812
9437,2021,2003,2.25,Sh,3,3,B,,,,,,812
9438,2021,2004,0.49,Sh,1,1,M,,,,,,812
9439,2021,2008,2.7,Sh,3,1,M,0.0,0.0,2.65,Sh,4.0,812
9440,2021,2008,2.7,Sh,3,2,V,,,,,,812
9441,2021,2008,2.7,Sh,3,3,B,,,,,,812
9442,2021,2009,1.61,Sh,1,1,B,,,,,,812
9443,2021,2010,6.47,Me,4,1,M,,,,,,812
9444,2021,2010,6.47,Me,4,2,M,0.0,0.0,2.09,Sh,1.0,812
9445,2021,2010,6.47,Me,4,3,V,,,7.65,Me,6.0,812
9446,2021,2010,6.47,Me,4,4,S,0.0,0.0,,,,812
9447,2021,2011,1.65,Sh,1,1,S,0.0,0.0,,,,812
9448,2021,2015,10.02,Me,4,1,M,0.0,0.0,0.51,Sh,3.0,812
9449,2021,2015,10.02,Me,4,2,B,,,,,,812
9450,2021,2015,10.02,Me,4,3,M,1.0,1.0,0.12,Sh,1.0,812
9451,2021,2015,10.02,Me,4,4,V,,,8.86,Me,7.0,812
9452,2021,2015,10.02,Me,4,4,M,1.0,7.0,5.58,Me,7.0,812
9453,2021,2015,10.02,Me,4,4,M,0.0,0.0,4.26,Sh,5.0,812
9454,2021,2016,1.53,Sh,2,1,B,,,,,,812
9455,2021,2016,1.53,Sh,2,2,V,,,3.08,Sh,4.0,812
9456,2021,2017,0.93,Sh,2,1,M,1.0,3.0,2.17,Sh,4.0,812
9457,2021,2017,0.93,Sh,2,2,S,0.0,0.0,,,,812
9458,2021,2018,1.45,Sh,4,1,V,,,1.57,Sh,4.0,812
9459,2021,2018,1.45,Sh,4,2,M,0.0,0.0,1.17,Sh,2.0,812
9460,2021,2018,1.45,Sh,4,2,V,,,4.18,Sh,5.0,812
9461,2021,2018,1.45,Sh,4,2,M,0.0,0.0,1.63,Sh,6.0,812
9462,2021,2018,1.45,Sh,4,3,S,0.0,0.0,,,,812
9463,2021,2018,1.45,Sh,4,4,M,1.0,1.0,7.24,Me,3.0,812
9464,2021,2018,2.64,Sh,4,1,B,,,,,,812
9465,2021,2018,2.64,Sh,4,2,S,0.0,0.0,,,,812
9466,2021,2018,2.64,Sh,4,3,S,0.0,0.0,,,,812
9467,2021,2018,2.64,Sh,4,4,V,,,1.19,Sh,1.0,812
9468,2021,2019,4.3,Sh,3,1,B,,,,,,812
9469,2021,2019,4.3,Sh,3,2,B,,,,,,812
9470,2021,2019,4.3,Sh,3,3,M,1.0,7.0,2.06,Sh,2.0,812
9471,2021,2019,0.77,Sh,2,1,B,,,,,,812
9472,2021,2019,0.77,Sh,2,2,V,,,2.41,Sh,2.0,812
9473,2021,2019,0.77,Sh,2,2,V,,,1.52,Sh,5.0,812
9474,2021,2020,3.06,Sh,4,1,B,,,,,,812
9475,2021,2020,3.06,Sh,4,2,M,0.0,0.0,7.67,Me,5.0,812
9476,2021,2020,3.06,Sh,4,2,M,0.0,0.0,3.09,Sh,3.0,812
9477,2021,2020,3.06,Sh,4,2,M,0.0,0.0,0.53,Sh,2.0,812
9478,2021,2020,3.06,Sh,4,2,V,,,4.73,Sh,6.0,812
9479,2021,2020,3.06,Sh,4,3,M,0.0,0.0,1.09,Sh,2.0,812
9480,2021,2020,3.06,Sh,4,4,V,,,4.78,Sh,2.0,812
9481,2021,2021,9.76,Me,6,1,V,,,,,,812
9482,2021,2021,9.76,Me,6,1,V,,,1.55,Sh,2.0,812
9483,2021,2021,9.76,Me,6,2,B,,,,,,812
9484,2021,2021,9.76,Me,6,3,V,,,6.75,Me,4.0,812
9485,2021,2021,9.76,Me,6,4,S,0.0,0.0,,,,812
9486,2021,2021,9.76,Me,6,5,V,,,,,,812
9487,2021,2021,9.76,Me,6,5,M,1.0,4.0,2.21,Sh,2.0,812
9488,2021,2021,9.76,Me,6,5,M,0.0,0.0,2.93,Sh,6.0,812
9489,2021,2021,9.76,Me,6,6,V,,,3.23,Sh,5.0,812
9490,2021,2021,9.76,Me,6,6,M,0.0,0.0,4.65,Sh,7.0,812
9491,2021,2022,5.42,Me,6,1,V,,,6.24,Me,2.0,812
9492,2021,2022,5.42,Me,6,1,V,,,3.56,Sh,4.0,812
9493,2021,2022,5.42,Me,6,2,M,,,,,,812
9494,2021,2022,5.42,Me,6,2,V,,,,,,812
9495,2021,2022,5.42,Me,6,3,B,,,,,,812
9496,2021,2022,5.42,Me,6,4,M,1.0,4.0,0.48,Sh,2.0,812
9497,2021,2022,5.42,Me,6,5,V,,,,,,812
9498,2021,2022,5.42,Me,6,6,V,,,8.12,Me,7.0,812
9499,2021,2023,3.38,Sh,2,1,V,,,0.7,Sh,4.0,812
9500,2021,2023,3.38,Sh,2,1,V,,,4.91,Sh,4.0,812
9501,2021,2023,3.38,Sh,2,2,B,,,,,,812
9502,2021,2024,9.3,Me,7,1,V,,,0.25,Sh,3.0,812
9503,2021,2024,9.3,Me,7,2,B,,,,,,812
9504,2021,2024,9.3,Me,7,3,B,,,,,,812
9505,2021,2024,9.3,Me,7,4,B,,,,,,812
9506,2021,2024,9.3,Me,7,5,V,,,6.67,Me,4.0,812
9507,2021,2024,9.3,Me,7,6,M,0.0,0.0,8.54,Me,5.0,812
9508,2021,2024,9.3,Me,7,7,V,,,5.89,Me,5.0,812
9509,2021,2025,10.46,Me,6,1,V,,,0.29,Sh,3.0,812
9510,2021,2025,10.46,Me,6,2,S,0.0,0.0,,,,812
9511,2021,2025,10.46,Me,6,3,S,0.0,0.0,,,,812
9512,2021,2025,10.46,Me,6,4,B,,,,,,812
9513,2021,2025,10.46,Me,6,5,M,1.0,1.0,4.08,Sh,5.0,812
9514,2021,2025,10.46,Me,6,6,B,,,,,,812
9515,2021,2026,2.75,Sh,5,1,B,,,,,,812
9516,2021,2026,2.75,Sh,5,2,S,0.0,0.0,,,,812
9517,2021,2026,2.75,Sh,5,3,V,,,,,,812
9518,2021,2026,2.75,Sh,5,4,S,0.0,0.0,,,,812
9519,2021,2026,2.75,Sh,5,5,V,,,1.18,Sh,4.0,812
9520,2021,2027,6.34,Me,6,1,M,,,,,,812
9521,2021,2027,6.34,Me,6,2,S,0.0,0.0,,,,812
9522,2021,2027,6.34,Me,6,3,V,,,0.77,Sh,2.0,812
9523,2021,2027,6.34,Me,6,4,S,0.0,0.0,,,,812
9524,2021,2027,6.34,Me,6,5,M,0.0,0.0,2.18,Sh,4.0,812
9525,2021,2027,6.34,Me,6,6,V,,,8.17,Me,2.0,812
9526,2021,2027,6.34,Me,6,6,V,,,8.28,Me,7.0,812
9527,2021,2028,6.21,Me,7,1,V,,,2.3,Sh,2.0,812
9528,2021,2028,6.21,Me,7,2,M,1.0,4.0,2.93,Sh,1.0,812
9529,2021,2028,6.21,Me,7,3,B,,,,,,812
9530,2021,2028,6.21,Me,7,4,M,0.0,0.0,2.66,Sh,4.0,812
9531,2021,2028,6.21,Me,7,5,V,,,,,,812
9532,2021,2028,6.21,Me,7,6,V,,,3.67,Sh,3.0,812
9533,2021,2028,6.21,Me,7,6,M,0.0,0.0,5.31,Me,3.0,812
9534,2021,2028,6.21,Me,7,7,V,,,3.54,Sh,2.0,812
9535,2021,2032,1.03,Sh,1,1,V,,,4.44,Sh,3.0,812
9536,2021,2034,1.45,Sh,2,1,V,,,,,,812
9537,2021,2034,1.45,Sh,2,2,M,0.0,0.0,3.43,Sh,3.0,812
9538,2021,2035,2.04,Sh,3,1,V,,,3.9,Sh,3.0,812
9539,2021,2035,2.04,Sh,3,2,M,1.0,2.0,0.71,Sh,4.0,812
9540,2021,2035,2.04,Sh,3,3,M,0.0,0.0,0.95,Sh,3.0,812
9541,2021,2036,2.05,Sh,3,1,B,,,,,,812
9542,2021,2036,2.05,Sh,3,2,S,0.0,0.0,,,,812
9543,2021,2036,2.05,Sh,3,3,B,,,,,,812
9544,2021,2036,0.81,Sh,2,1,B,,,,,,812
9545,2021,2036,0.81,Sh,2,2,V,,,0.53,Sh,2.0,812
9546,2021,2038,3.45,Sh,2,1,V,,,0.39,Sh,1.0,812
9547,2021,2038,3.45,Sh,2,1,M,0.0,0.0,1.74,Sh,3.0,812
9548,2021,2038,3.45,Sh,2,1,V,,,,,,812
9549,2021,2038,3.45,Sh,2,2,M,1.0,1.0,11.19,Me,5.0,812
9550,2021,2039,4.24,Sh,3,1,B,,,,,,812
9551,2021,2039,4.24,Sh,3,2,S,0.0,0.0,,,,812
9552,2021,2039,4.24,Sh,3,3,V,,,4.15,Sh,5.0,812
9553,2021,2039,4.24,Sh,3,3,V,,,1.37,Sh,4.0,812
9554,2021,2040,6.1,Me,6,1,V,,,1.81,Sh,3.0,812
9555,2021,2040,6.1,Me,6,2,B,,,,,,812
9556,2021,2040,6.1,Me,6,3,S,0.0,0.0,,,,812
9557,2021,2040,6.1,Me,6,4,V,,,2.52,Sh,5.0,812
9558,2021,2040,6.1,Me,6,5,M,1.0,3.0,2.55,Sh,4.0,812
9559,2021,2040,6.1,Me,6,6,M,1.0,2.0,2.59,Sh,6.0,812
9560,2021,2042,7.49,Me,4,1,M,0.0,0.0,0.48,Sh,4.0,812
9561,2021,2042,7.49,Me,4,1,V,,,0.36,Sh,1.0,812
9562,2021,2042,7.49,Me,4,2,B,,,,,,812
9563,2021,2042,7.49,Me,4,3,S,0.0,0.0,,,,812
9564,2021,2042,7.49,Me,4,4,B,,,,,,812
9565,2021,2043,8.41,Me,10,1,V,,,2.16,Sh,3.0,812
9566,2021,2043,8.41,Me,10,2,V,,,,,,812
9567,2021,2043,8.41,Me,10,3,V,,,,,,812
9568,2021,2043,8.41,Me,10,4,M,1.0,2.0,7.67,Me,5.0,812
9569,2021,2043,8.41,Me,10,5,M,0.0,0.0,2.12,Sh,2.0,812
9570,2021,2043,8.41,Me,10,5,M,0.0,0.0,5.29,Me,5.0,812
9571,2021,2043,8.41,Me,10,5,M,1.0,3.0,6.44,Me,5.0,812
9572,2021,2043,8.41,Me,10,6,S,0.0,0.0,,,,812
9573,2021,2043,8.41,Me,10,7,S,0.0,0.0,,,,812
9574,2021,2043,8.41,Me,10,8,M,0.0,0.0,2.43,Sh,4.0,812
9575,2021,2043,8.41,Me,10,9,M,0.0,0.0,2.54,Sh,1.0,812
9576,2021,2043,8.41,Me,10,10,M,1.0,4.0,8.28,Me,7.0,812
9577,2021,2043,8.41,Me,10,10,M,1.0,4.0,6.81,Me,7.0,812
9578,2021,2044,1.9,Sh,3,1,V,,,0.83,Sh,5.0,812
9579,2021,2044,1.9,Sh,3,1,V,,,,,,812
9580,2021,2044,1.9,Sh,3,1,V,,,1.52,Sh,4.0,812
9581,2021,2044,1.9,Sh,3,1,V,,,0.85,Sh,1.0,812
9582,2021,2044,1.9,Sh,3,2,V,,,0.71,Sh,2.0,812
9583,2021,2044,1.9,Sh,3,3,V,,,5.41,Me,3.0,812
9584,2021,2045,0.73,Sh,2,1,B,,,,,,812
9585,2021,2045,0.73,Sh,2,2,S,0.0,0.0,,,,812
9586,2021,2048,0.6,Sh,1,1,M,0.0,0.0,0.37,Sh,2.0,812
9587,2021,2048,0.6,Sh,1,1,M,1.0,1.0,3.08,Sh,3.0,812
9588,2021,2049,3.84,Sh,7,1,M,,,,,,812
9589,2021,2049,3.84,Sh,7,2,B,,,,,,812
9590,2021,2049,3.84,Sh,7,3,M,,,,,,812
9591,2021,2049,3.84,Sh,7,4,V,,,,,,812
9592,2021,2049,3.84,Sh,7,5,B,,,,,,812
9593,2021,2049,3.84,Sh,7,6,S,0.0,0.0,,,,812
9594,2021,2049,3.84,Sh,7,7,M,,,,,,812
9595,2021,2050,0.57,Sh,4,1,B,,,,,,812
9596,2021,2050,0.57,Sh,4,2,V,,,3.41,Sh,1.0,812
9597,2021,2050,0.57,Sh,4,3,B,,,,,,812
9598,2021,2050,0.57,Sh,4,4,V,,,6.44,Me,3.0,812
9599,2021,2052,4.85,Sh,4,1,V,,,,,,812
9600,2021,2052,4.85,Sh,4,2,M,1.0,1.0,0.07,Sh,3.0,812
9601,2021,2052,4.85,Sh,4,3,S,0.0,0.0,,,,812
9602,2021,2052,4.85,Sh,4,4,S,0.0,0.0,,,,812
9603,2021,2054,0.21,Sh,2,1,S,0.0,0.0,,,,812
9604,2021,2054,0.21,Sh,2,2,V,,,0.26,Sh,1.0,812
9605,2021,2055,1.17,Sh,1,1,V,,,0.18,Sh,2.0,812
9606,2021,2057,3.54,Sh,5,1,M,0.0,0.0,1.68,Sh,1.0,812
9607,2021,2057,3.54,Sh,5,2,S,0.0,0.0,,,,812
9608,2021,2057,3.54,Sh,5,3,M,0.0,0.0,0.78,Sh,3.0,812
9609,2021,2057,3.54,Sh,5,4,B,,,,,,812
9610,2021,2057,3.54,Sh,5,5,M,0.0,0.0,6.8,Me,7.0,812
9611,2021,2057,3.54,Sh,5,5,M,0.0,0.0,10.89,Me,9.0,812
9612,2021,2058,12.38,Me,6,1,V,,,0.16,Sh,1.0,812
9613,2021,2058,12.38,Me,6,1,M,0.0,0.0,4.26,Sh,3.0,812
9614,2021,2058,12.38,Me,6,2,M,0.0,0.0,1.39,Sh,3.0,812
9615,2021,2058,12.38,Me,6,2,M,,,,,,812
9616,2021,2058,12.38,Me,6,2,V,,,5.83,Me,3.0,812
9617,2021,2058,12.38,Me,6,2,V,,,4.9,Sh,6.0,812
9618,2021,2058,12.38,Me,6,2,M,0.0,0.0,0.93,Sh,3.0,812
9619,2021,2058,12.38,Me,6,3,S,0.0,0.0,,,,812
9620,2021,2058,12.38,Me,6,4,M,0.0,0.0,1.03,Sh,3.0,812
9621,2021,2058,12.38,Me,6,5,V,,,6.53,Me,6.0,812
9622,2021,2058,12.38,Me,6,6,M,1.0,2.0,4.49,Sh,8.0,812
9623,2021,2059,2.47,Sh,5,1,V,,,1.15,Sh,1.0,812
9624,2021,2059,2.47,Sh,5,1,V,,,4.39,Sh,6.0,812
9625,2021,2059,2.47,Sh,5,1,V,,,4.68,Sh,9.0,812
9626,2021,2059,2.47,Sh,5,2,V,,,1.78,Sh,2.0,812
9627,2021,2059,2.47,Sh,5,3,B,,,,,,812
9628,2021,2059,2.47,Sh,5,4,S,0.0,0.0,,,,812
9629,2021,2059,2.47,Sh,5,5,V,,,8.01,Me,4.0,812
9630,2021,2059,0.61,Sh,2,1,V,,,2.83,Sh,5.0,812
9631,2021,2059,0.61,Sh,2,2,M,0.0,0.0,0.27,Sh,4.0,812
9632,2021,2060,9.03,Me,6,1,V,,,4.56,Sh,3.0,812
9633,2021,2060,9.03,Me,6,2,V,,,2.46,Sh,4.0,812
9634,2021,2060,9.03,Me,6,2,M,1.0,1.0,0.7,Sh,1.0,812
9635,2021,2060,9.03,Me,6,3,V,,,6.77,Me,4.0,812
9636,2021,2060,9.03,Me,6,4,B,,,,,,812
9637,2021,2060,9.03,Me,6,5,M,1.0,7.0,4.04,Sh,3.0,812
9638,2021,2060,9.03,Me,6,6,S,0.0,0.0,,,,812
9639,2021,2061,3.63,Sh,4,1,V,,,0.38,Sh,3.0,812
9640,2021,2061,3.63,Sh,4,2,V,,,8.86,Me,8.0,812
9641,2021,2061,3.63,Sh,4,3,B,,,,,,812
9642,2021,2061,3.63,Sh,4,4,M,0.0,0.0,5.31,Me,4.0,812
9643,2021,2061,3.63,Sh,4,4,V,,,1.9,Sh,5.0,812
9644,2021,2062,1.28,Sh,2,1,B,,,,,,812
9645,2021,2062,1.28,Sh,2,2,M,1.0,6.0,3.5,Sh,6.0,812
9646,2021,2063,6.24,Me,5,1,M,0.0,0.0,2.48,Sh,4.0,812
9647,2021,2063,6.24,Me,5,2,B,,,,,,812
9648,2021,2063,6.24,Me,5,3,B,,,,,,812
9649,2021,2063,6.24,Me,5,4,B,,,,,,812
9650,2021,2063,6.24,Me,5,5,V,,,2.55,Sh,5.0,812
9651,2021,2064,7.63,Me,7,1,S,0.0,0.0,,,,812
9652,2021,2064,7.63,Me,7,2,V,,,2.06,Sh,3.0,812
9653,2021,2064,7.63,Me,7,2,V,,,,,,812
9654,2021,2064,7.63,Me,7,3,B,,,,,,812
9655,2021,2064,7.63,Me,7,4,M,,,,,,812
9656,2021,2064,7.63,Me,7,4,V,,,2.93,Sh,4.0,812
9657,2021,2064,7.63,Me,7,4,M,0.0,0.0,5.42,Me,7.0,812
9658,2021,2064,7.63,Me,7,4,V,,,3.24,Sh,5.0,812
9659,2021,2064,7.63,Me,7,5,M,0.0,0.0,6.44,Me,5.0,812
9660,2021,2064,7.63,Me,7,5,M,1.0,6.0,3.57,Sh,3.0,812
9661,2021,2064,7.63,Me,7,5,M,,,,,,812
9662,2021,2064,7.63,Me,7,6,V,,,13.08,Me,8.0,812
9663,2021,2064,7.63,Me,7,6,M,0.0,0.0,0.79,Sh,3.0,812
9664,2021,2064,7.63,Me,7,6,V,,,11.67,Me,4.0,812
9665,2021,2064,7.63,Me,7,6,M,0.0,0.0,3.98,Sh,2.0,812
9666,2021,2064,7.63,Me,7,7,V,,,7.05,Me,6.0,812
9667,2021,2065,10.72,Me,7,1,V,,,0.77,Sh,3.0,812
9668,2021,2065,10.72,Me,7,2,S,0.0,0.0,,,,812
9669,2021,2065,10.72,Me,7,3,B,,,,,,812
9670,2021,2065,10.72,Me,7,4,S,0.0,0.0,,,,812
9671,2021,2065,10.72,Me,7,5,B,,,,,,812
9672,2021,2065,10.72,Me,7,6,V,,,3.75,Sh,4.0,812
9673,2021,2065,10.72,Me,7,7,B,,,,,,812
9674,2021,2066,7.19,Me,2,1,B,,,,,,812
9675,2021,2066,7.19,Me,2,2,S,0.0,0.0,,,,812
