bud_id,year,shoot_id,length_cm,cat,nodes,rank,fate,clusters,nuts,new_length_cm,new_cat,new_nodes,simulation_nb
231,2020,14,9.73,Me,8,1,V,,,,,,448
232,2020,14,9.73,Me,8,1,V,,,1.49,Sh,1.0,448
233,2020,14,9.73,Me,8,2,B,,,,,,448
234,2020,14,9.73,Me,8,3,V,,,3.51,Sh,1.0,448
235,2020,14,9.73,Me,8,4,S,0.0,0.0,,,,448
236,2020,14,9.73,Me,8,5,B,,,,,,448
237,2020,14,9.73,Me,8,6,M,1.0,3.0,0.55,Sh,4.0,448
238,2020,14,9.73,Me,8,7,V,,,4.98,Sh,6.0,448
239,2020,14,9.73,Me,8,7,V,,,10.25,Me,7.0,448
240,2020,14,9.73,Me,8,8,M,1.0,2.0,7.12,Me,6.0,448
241,2020,15,2.03,Sh,3,1,S,0.0,0.0,,,,448
242,2020,15,2.03,Sh,3,2,V,,,0.1,Sh,3.0,448
243,2020,15,2.03,Sh,3,3,M,0.0,0.0,1.92,Sh,4.0,448
244,2020,15,2.03,Sh,3,3,M,1.0,4.0,4.85,Sh,6.0,448
245,2020,16,4.24,Sh,5,1,B,,,,,,448
246,2020,16,4.24,Sh,5,2,S,0.0,0.0,,,,448
247,2020,16,4.24,Sh,5,3,S,0.0,0.0,,,,448
248,2020,16,4.24,Sh,5,4,V,,,2.4,Sh,3.0,448
249,2020,16,4.24,Sh,5,5,M,0.0,0.0,4.6,Sh,6.0,448
250,2020,16,4.24,Sh,5,5,M,0.0,0.0,3.42,Sh,5.0,448
251,2020,16,4.24,Sh,5,5,M,0.0,0.0,6.47,Me,1.0,448
252,2020,17,0.62,Sh,1,1,S,0.0,0.0,,,,448
253,2020,18,10.41,Me,7,1,V,,,0.94,Sh,2.0,448
254,2020,18,10.41,Me,7,2,V,,,2.73,Sh,1.0,448
255,2020,18,10.41,Me,7,3,S,0.0,0.0,,,,448
256,2020,18,10.41,Me,7,4,M,0.0,0.0,5.14,Me,7.0,448
257,2020,18,10.41,Me,7,5,M,,,,,,448
258,2020,18,10.41,Me,7,6,S,0.0,0.0,,,,448
259,2020,18,10.41,Me,7,7,M,,,,,,448
260,2020,19,5.36,Me,2,1,B,,,,,,448
261,2020,19,5.36,Me,2,2,V,,,3.89,Sh,2.0,448
262,2020,20,4.29,Sh,6,1,V,,,,,,448
263,2020,20,4.29,Sh,6,1,V,,,1.4,Sh,1.0,448
264,2020,20,4.29,Sh,6,2,S,0.0,0.0,,,,448
265,2020,20,4.29,Sh,6,3,M,0.0,0.0,1.62,Sh,1.0,448
266,2020,20,4.29,Sh,6,4,M,0.0,0.0,3.54,Sh,3.0,448
267,2020,20,4.29,Sh,6,4,M,0.0,0.0,2.91,Sh,4.0,448
268,2020,20,4.29,Sh,6,5,M,,,,,,448
269,2020,20,4.29,Sh,6,5,M,,,,,,448
270,2020,20,4.29,Sh,6,5,M,0.0,0.0,1.22,Sh,1.0,448
271,2020,20,4.29,Sh,6,6,M,0.0,0.0,8.62,Me,5.0,448
272,2020,21,10.63,Me,7,1,B,,,,,,448
273,2020,21,10.63,Me,7,2,V,,,,,,448
274,2020,21,10.63,Me,7,2,M,0.0,0.0,5.74,Me,3.0,448
275,2020,21,10.63,Me,7,3,B,,,,,,448
276,2020,21,10.63,Me,7,4,S,0.0,0.0,,,,448
277,2020,21,10.63,Me,7,5,V,,,2.72,Sh,1.0,448
278,2020,21,10.63,Me,7,5,V,,,4.36,Sh,7.0,448
279,2020,21,10.63,Me,7,6,M,1.0,3.0,5.89,Me,4.0,448
280,2020,21,10.63,Me,7,7,M,1.0,2.0,6.28,Me,1.0,448
281,2020,22,19.68,Me,10,1,M,,,,,,448
282,2020,22,19.68,Me,10,1,M,,,,,,448
283,2020,22,19.68,Me,10,2,V,,,,,,448
284,2020,22,19.68,Me,10,3,V,,,,,,448
285,2020,22,19.68,Me,10,4,M,1.0,1.0,1.83,Sh,4.0,448
286,2020,22,19.68,Me,10,5,S,0.0,0.0,,,,448
287,2020,22,19.68,Me,10,6,V,,,1.85,Sh,5.0,448
288,2020,22,19.68,Me,10,7,B,,,,,,448
289,2020,22,19.68,Me,10,8,M,,,,,,448
290,2020,22,19.68,Me,10,9,M,0.0,0.0,8.7,Me,6.0,448
291,2020,22,19.68,Me,10,10,M,0.0,0.0,5.89,Me,2.0,448
292,2020,23,20.51,Lo,10,1,B,,,,,,448
293,2020,23,20.51,Lo,10,2,B,,,,,,448
294,2020,23,20.51,Lo,10,3,V,,,2.65,Sh,2.0,448
295,2020,23,20.51,Lo,10,4,S,0.0,0.0,,,,448
296,2020,23,20.51,Lo,10,5,S,0.0,0.0,,,,448
297,2020,23,20.51,Lo,10,6,S,0.0,0.0,,,,448
298,2020,23,20.51,Lo,10,7,M,0.0,0.0,6.95,Me,4.0,448
299,2020,23,20.51,Lo,10,8,V,,,6.58,Me,3.0,448
300,2020,23,20.51,Lo,10,9,V,,,0.43,Sh,1.0,448
301,2020,23,20.51,Lo,10,9,M,1.0,2.0,4.21,Sh,3.0,448
302,2020,23,20.51,Lo,10,10,M,0.0,0.0,1.91,Sh,1.0,448
303,2020,24,23.91,Lo,10,1,V,,,4.11,Sh,3.0,448
304,2020,24,23.91,Lo,10,2,V,,,5.14,Me,5.0,448
305,2020,24,23.91,Lo,10,3,S,0.0,0.0,,,,448
306,2020,24,23.91,Lo,10,4,M,0.0,0.0,6.21,Me,6.0,448
307,2020,24,23.91,Lo,10,5,S,0.0,0.0,,,,448
308,2020,24,23.91,Lo,10,6,V,,,4.83,Sh,2.0,448
309,2020,24,23.91,Lo,10,7,S,0.0,0.0,,,,448
310,2020,24,23.91,Lo,10,8,M,0.0,0.0,5.83,Me,5.0,448
311,2020,24,23.91,Lo,10,9,M,0.0,0.0,9.23,Me,6.0,448
312,2020,24,23.91,Lo,10,9,M,0.0,0.0,7.09,Me,6.0,448
313,2020,24,23.91,Lo,10,9,M,1.0,2.0,6.6,Me,3.0,448
314,2020,24,23.91,Lo,10,10,M,0.0,0.0,6.16,Me,6.0,448
315,2020,25,17.97,Me,11,1,V,,,0.69,Sh,1.0,448
316,2020,25,17.97,Me,11,2,S,0.0,0.0,,,,448
317,2020,25,17.97,Me,11,3,B,,,,,,448
318,2020,25,17.97,Me,11,4,M,1.0,3.0,2.76,Sh,2.0,448
319,2020,25,17.97,Me,11,4,M,1.0,1.0,3.09,Sh,2.0,448
320,2020,25,17.97,Me,11,5,M,0.0,0.0,0.57,Sh,2.0,448
321,2020,25,17.97,Me,11,6,M,1.0,5.0,5.75,Me,4.0,448
322,2020,25,17.97,Me,11,7,S,0.0,0.0,,,,448
323,2020,25,17.97,Me,11,8,M,1.0,1.0,2.21,Sh,3.0,448
324,2020,25,17.97,Me,11,8,M,0.0,0.0,2.86,Sh,7.0,448
325,2020,25,17.97,Me,11,9,M,0.0,0.0,6.57,Me,5.0,448
326,2020,25,17.97,Me,11,9,M,0.0,0.0,6.8,Me,6.0,448
327,2020,25,17.97,Me,11,10,M,0.0,0.0,6.27,Me,2.0,448
328,2020,25,17.97,Me,11,11,M,0.0,0.0,10.81,Me,6.0,448
329,2020,26,36.71,Lo,13,1,V,,,6.09,Me,7.0,448
330,2020,26,36.71,Lo,13,1,V,,,3.38,Sh,2.0,448
331,2020,26,36.71,Lo,13,2,V,,,6.77,Me,8.0,448
332,2020,26,36.71,Lo,13,2,M,,,,,,448
333,2020,26,36.71,Lo,13,3,M,0.0,0.0,1.51,Sh,4.0,448
334,2020,26,36.71,Lo,13,3,V,,,0.31,Sh,1.0,448
335,2020,26,36.71,Lo,13,4,V,,,8.37,Me,6.0,448
336,2020,26,36.71,Lo,13,5,V,,,1.99,Sh,5.0,448
337,2020,26,36.71,Lo,13,6,S,0.0,0.0,,,,448
338,2020,26,36.71,Lo,13,7,B,,,,,,448
339,2020,26,36.71,Lo,13,8,V,,,9.47,Me,5.0,448
340,2020,26,36.71,Lo,13,9,M,1.0,3.0,4.42,Sh,5.0,448
341,2020,26,36.71,Lo,13,10,B,,,,,,448
342,2020,26,36.71,Lo,13,11,M,0.0,0.0,8.21,Me,5.0,448
343,2020,26,36.71,Lo,13,12,V,,,5.52,Me,7.0,448
344,2020,26,36.71,Lo,13,13,M,1.0,2.0,6.13,Me,4.0,448
345,2020,27,29.05,Lo,12,1,B,,,,,,448
346,2020,27,29.05,Lo,12,2,V,,,7.26,Me,5.0,448
347,2020,27,29.05,Lo,12,2,V,,,0.22,Sh,1.0,448
348,2020,27,29.05,Lo,12,2,V,,,0.61,Sh,1.0,448
349,2020,27,29.05,Lo,12,3,S,0.0,0.0,,,,448
350,2020,27,29.05,Lo,12,4,S,0.0,0.0,,,,448
351,2020,27,29.05,Lo,12,5,M,1.0,5.0,1.12,Sh,1.0,448
352,2020,27,29.05,Lo,12,5,M,0.0,0.0,6.82,Me,3.0,448
353,2020,27,29.05,Lo,12,6,M,1.0,1.0,5.41,Me,6.0,448
354,2020,27,29.05,Lo,12,6,V,,,2.31,Sh,2.0,448
355,2020,27,29.05,Lo,12,7,S,0.0,0.0,,,,448
356,2020,27,29.05,Lo,12,8,V,,,5.78,Me,8.0,448
357,2020,27,29.05,Lo,12,9,V,,,7.9,Me,5.0,448
358,2020,27,29.05,Lo,12,10,M,1.0,1.0,4.28,Sh,5.0,448
359,2020,27,29.05,Lo,12,10,M,0.0,0.0,8.91,Me,8.0,448
360,2020,27,29.05,Lo,12,11,M,1.0,1.0,6.1,Me,7.0,448
361,2020,27,29.05,Lo,12,12,S,0.0,0.0,,,,448
362,2020,28,30.96,Lo,10,1,V,,,0.28,Sh,1.0,448
363,2020,28,30.96,Lo,10,2,V,,,1.92,Sh,3.0,448
364,2020,28,30.96,Lo,10,3,V,,,0.85,Sh,1.0,448
365,2020,28,30.96,Lo,10,4,B,,,,,,448
366,2020,28,30.96,Lo,10,5,M,0.0,0.0,1.13,Sh,6.0,448
367,2020,28,30.96,Lo,10,6,S,0.0,0.0,,,,448
368,2020,28,30.96,Lo,10,7,M,1.0,1.0,4.51,Sh,3.0,448
369,2020,28,30.96,Lo,10,8,V,,,4.48,Sh,6.0,448
370,2020,28,30.96,Lo,10,9,M,0.0,0.0,3.88,Sh,5.0,448
371,2020,28,30.96,Lo,10,9,V,,,6.22,Me,5.0,448
372,2020,28,30.96,Lo,10,9,V,,,5.07,Me,4.0,448
373,2020,28,30.96,Lo,10,9,M,1.0,4.0,4.5,Sh,5.0,448
374,2020,28,30.96,Lo,10,10,M,1.0,4.0,6.6,Me,3.0,448
375,2020,29,28.31,Lo,12,1,B,,,,,,448
376,2020,29,28.31,Lo,12,2,M,0.0,0.0,2.44,Sh,1.0,448
377,2020,29,28.31,Lo,12,3,V,,,,,,448
378,2020,29,28.31,Lo,12,4,S,0.0,0.0,,,,448
379,2020,29,28.31,Lo,12,5,V,,,0.46,Sh,2.0,448
380,2020,29,28.31,Lo,12,6,M,1.0,6.0,2.1,Sh,1.0,448
381,2020,29,28.31,Lo,12,7,S,0.0,0.0,,,,448
382,2020,29,28.31,Lo,12,8,M,0.0,0.0,1.21,Sh,3.0,448
383,2020,29,28.31,Lo,12,9,S,0.0,0.0,,,,448
384,2020,29,28.31,Lo,12,10,V,,,5.29,Me,3.0,448
385,2020,29,28.31,Lo,12,10,V,,,2.25,Sh,2.0,448
386,2020,29,28.31,Lo,12,10,M,0.0,0.0,0.48,Sh,1.0,448
387,2020,29,28.31,Lo,12,11,S,0.0,0.0,,,,448
388,2020,29,28.31,Lo,12,12,M,0.0,0.0,7.52,Me,6.0,448
389,2020,30,37.96,Lo,15,1,M,0.0,0.0,4.11,Sh,3.0,448
390,2020,30,37.96,Lo,15,2,B,,,,,,448
391,2020,30,37.96,Lo,15,3,B,,,,,,448
392,2020,30,37.96,Lo,15,4,V,,,,,,448
393,2020,30,37.96,Lo,15,5,M,1.0,2.0,3.64,Sh,4.0,448
394,2020,30,37.96,Lo,15,5,V,,,3.81,Sh,5.0,448
395,2020,30,37.96,Lo,15,6,S,0.0,0.0,,,,448
396,2020,30,37.96,Lo,15,7,M,,,,,,448
397,2020,30,37.96,Lo,15,7,V,,,2.05,Sh,3.0,448
398,2020,30,37.96,Lo,15,8,M,1.0,5.0,7.65,Me,7.0,448
399,2020,30,37.96,Lo,15,9,S,0.0,0.0,,,,448
400,2020,30,37.96,Lo,15,10,M,1.0,3.0,4.22,Sh,1.0,448
401,2020,30,37.96,Lo,15,11,M,1.0,6.0,6.11,Me,4.0,448
402,2020,30,37.96,Lo,15,12,V,,,8.76,Me,4.0,448
403,2020,30,37.96,Lo,15,12,M,1.0,2.0,1.11,Sh,1.0,448
404,2020,30,37.96,Lo,15,13,V,,,2.54,Sh,5.0,448
405,2020,30,37.96,Lo,15,14,V,,,6.06,Me,5.0,448
406,2020,30,37.96,Lo,15,15,V,,,9.83,Me,5.0,448
407,2020,31,63.93,VLo,20,1,M,,,,,,448
408,2020,31,63.93,VLo,20,1,V,,,,,,448
409,2020,31,63.93,VLo,20,1,V,,,,,,448
410,2020,31,63.93,VLo,20,2,V,,,1.03,Sh,1.0,448
411,2020,31,63.93,VLo,20,3,B,,,,,,448
412,2020,31,63.93,VLo,20,4,V,,,3.62,Sh,4.0,448
413,2020,31,63.93,VLo,20,4,V,,,7.19,Me,5.0,448
414,2020,31,63.93,VLo,20,5,V,,,,,,448
415,2020,31,63.93,VLo,20,5,V,,,2.87,Sh,4.0,448
416,2020,31,63.93,VLo,20,6,S,0.0,0.0,,,,448
417,2020,31,63.93,VLo,20,7,M,1.0,4.0,1.85,Sh,3.0,448
418,2020,31,63.93,VLo,20,8,B,,,,,,448
419,2020,31,63.93,VLo,20,9,M,1.0,6.0,6.26,Me,5.0,448
420,2020,31,63.93,VLo,20,9,V,,,6.84,Me,6.0,448
421,2020,31,63.93,VLo,20,10,V,,,8.95,Me,9.0,448
422,2020,31,63.93,VLo,20,11,S,0.0,0.0,,,,448
423,2020,31,63.93,VLo,20,12,S,0.0,0.0,,,,448
424,2020,31,63.93,VLo,20,13,M,0.0,0.0,8.29,Me,8.0,448
425,2020,31,63.93,VLo,20,14,V,,,3.73,Sh,4.0,448
426,2020,31,63.93,VLo,20,14,V,,,4.59,Sh,6.0,448
427,2020,31,63.93,VLo,20,14,V,,,4.71,Sh,6.0,448
428,2020,31,63.93,VLo,20,14,M,0.0,0.0,6.59,Me,4.0,448
429,2020,31,63.93,VLo,20,14,M,0.0,0.0,4.66,Sh,3.0,448
430,2020,31,63.93,VLo,20,14,V,,,7.56,Me,7.0,448
431,2020,31,63.93,VLo,20,15,V,,,2.25,Sh,3.0,448
432,2020,31,63.93,VLo,20,16,M,0.0,0.0,5.17,Me,3.0,448
433,2020,31,63.93,VLo,20,17,V,,,7.97,Me,3.0,448
434,2020,31,63.93,VLo,20,18,M,1.0,2.0,9.62,Me,5.0,448
435,2020,31,63.93,VLo,20,19,V,,,8.23,Me,5.0,448
436,2020,31,63.93,VLo,20,19,V,,,8.03,Me,5.0,448
437,2020,31,63.93,VLo,20,20,S,0.0,0.0,,,,448
438,2020,32,39.02,Lo,17,1,V,,,2.27,Sh,3.0,448
439,2020,32,39.02,Lo,17,2,V,,,6.62,Me,5.0,448
440,2020,32,39.02,Lo,17,3,V,,,5.83,Me,3.0,448
441,2020,32,39.02,Lo,17,3,M,1.0,4.0,3.75,Sh,2.0,448
442,2020,32,39.02,Lo,17,4,S,0.0,0.0,,,,448
443,2020,32,39.02,Lo,17,5,S,0.0,0.0,,,,448
444,2020,32,39.02,Lo,17,6,M,1.0,1.0,4.57,Sh,5.0,448
445,2020,32,39.02,Lo,17,7,S,0.0,0.0,,,,448
446,2020,32,39.02,Lo,17,8,M,1.0,2.0,4.47,Sh,6.0,448
447,2020,32,39.02,Lo,17,9,S,0.0,0.0,,,,448
448,2020,32,39.02,Lo,17,10,V,,,8.31,Me,7.0,448
449,2020,32,39.02,Lo,17,11,V,,,2.86,Sh,9.0,448
450,2020,32,39.02,Lo,17,11,M,,,,,,448
451,2020,32,39.02,Lo,17,12,S,0.0,0.0,,,,448
452,2020,32,39.02,Lo,17,13,S,0.0,0.0,,,,448
453,2020,32,39.02,Lo,17,14,V,,,3.96,Sh,5.0,448
454,2020,32,39.02,Lo,17,14,M,,,,,,448
455,2020,32,39.02,Lo,17,15,V,,,5.49,Me,4.0,448
456,2020,32,39.02,Lo,17,16,V,,,2.66,Sh,3.0,448
457,2020,32,39.02,Lo,17,17,S,0.0,0.0,,,,448
458,2020,36,4.16,Sh,3,1,V,,,4.15,Sh,6.0,448
459,2020,36,4.16,Sh,3,2,M,1.0,1.0,3.39,Sh,4.0,448
460,2020,36,4.16,Sh,3,3,M,1.0,4.0,10.51,Me,2.0,448
461,2020,37,0.16,Sh,1,1,B,,,,,,448
462,2020,38,4.69,Sh,3,1,B,,,,,,448
463,2020,38,4.69,Sh,3,2,S,0.0,0.0,,,,448
464,2020,38,4.69,Sh,3,3,M,0.0,0.0,2.68,Sh,5.0,448
465,2020,38,4.69,Sh,3,3,M,0.0,0.0,4.52,Sh,4.0,448
466,2020,38,4.69,Sh,3,3,M,1.0,2.0,5.69,Me,5.0,448
467,2020,39,12.46,Me,12,1,B,,,,,,448
468,2020,39,12.46,Me,12,2,M,0.0,0.0,3.02,Sh,2.0,448
469,2020,39,12.46,Me,12,3,V,,,,,,448
470,2020,39,12.46,Me,12,4,V,,,6.67,Me,7.0,448
471,2020,39,12.46,Me,12,5,V,,,3.67,Sh,5.0,448
472,2020,39,12.46,Me,12,6,M,1.0,5.0,0.78,Sh,3.0,448
473,2020,39,12.46,Me,12,7,S,0.0,0.0,,,,448
474,2020,39,12.46,Me,12,8,S,0.0,0.0,,,,448
475,2020,39,12.46,Me,12,9,V,,,3.76,Sh,2.0,448
476,2020,39,12.46,Me,12,9,M,1.0,8.0,4.23,Sh,6.0,448
477,2020,39,12.46,Me,12,10,M,0.0,0.0,2.52,Sh,3.0,448
478,2020,39,12.46,Me,12,11,M,1.0,3.0,2.98,Sh,6.0,448
479,2020,39,12.46,Me,12,11,V,,,5.76,Me,5.0,448
480,2020,39,12.46,Me,12,11,M,,,,,,448
481,2020,39,12.46,Me,12,11,M,0.0,0.0,1.63,Sh,3.0,448
482,2020,39,12.46,Me,12,12,M,0.0,0.0,10.1,Me,4.0,448
483,2020,39,12.46,Me,12,12,M,0.0,0.0,4.36,Sh,6.0,448
484,2020,39,12.46,Me,12,12,M,0.0,0.0,4.83,Sh,5.0,448
485,2020,39,12.46,Me,12,12,V,,,8.38,Me,6.0,448
486,2020,40,6.66,Me,7,1,M,,,,,,448
487,2020,40,6.66,Me,7,1,V,,,6.01,Me,6.0,448
488,2020,40,6.66,Me,7,1,V,,,,,,448
489,2020,40,6.66,Me,7,2,V,,,,,,448
490,2020,40,6.66,Me,7,3,M,,,,,,448
491,2020,40,6.66,Me,7,4,S,0.0,0.0,,,,448
492,2020,40,6.66,Me,7,5,V,,,0.23,Sh,3.0,448
493,2020,40,6.66,Me,7,6,V,,,4.72,Sh,6.0,448
494,2020,40,6.66,Me,7,6,V,,,,,,448
495,2020,40,6.66,Me,7,6,M,0.0,0.0,2.36,Sh,6.0,448
496,2020,40,6.66,Me,7,7,M,0.0,0.0,7.22,Me,8.0,448
497,2020,40,6.66,Me,7,7,V,,,4.9,Sh,4.0,448
498,2020,40,6.66,Me,7,7,V,,,8.37,Me,6.0,448
499,2020,41,0.05,Sh,2,1,V,,,1.43,Sh,3.0,448
500,2020,41,0.05,Sh,2,2,V,,,2.05,Sh,2.0,448
501,2020,42,6.75,Me,2,1,V,,,1.08,Sh,1.0,448
502,2020,42,6.75,Me,2,1,M,0.0,0.0,1.04,Sh,3.0,448
503,2020,42,6.75,Me,2,2,S,0.0,0.0,,,,448
504,2020,43,16.37,Me,8,1,B,,,,,,448
505,2020,43,16.37,Me,8,2,V,,,4.3,Sh,4.0,448
506,2020,43,16.37,Me,8,3,V,,,2.84,Sh,6.0,448
507,2020,43,16.37,Me,8,4,B,,,,,,448
508,2020,43,16.37,Me,8,5,M,0.0,0.0,6.64,Me,3.0,448
509,2020,43,16.37,Me,8,6,V,,,0.87,Sh,3.0,448
510,2020,43,16.37,Me,8,7,V,,,6.85,Me,4.0,448
511,2020,43,16.37,Me,8,7,M,0.0,0.0,2.19,Sh,3.0,448
512,2020,43,16.37,Me,8,8,M,1.0,6.0,7.62,Me,3.0,448
513,2020,43,16.37,Me,8,8,M,0.0,0.0,6.25,Me,3.0,448
514,2020,43,16.37,Me,8,8,M,0.0,0.0,11.17,Me,5.0,448
515,2020,44,30.54,Lo,13,1,B,,,,,,448
516,2020,44,30.54,Lo,13,2,V,,,6.05,Me,3.0,448
517,2020,44,30.54,Lo,13,3,M,0.0,0.0,1.77,Sh,5.0,448
518,2020,44,30.54,Lo,13,4,S,0.0,0.0,,,,448
519,2020,44,30.54,Lo,13,5,S,0.0,0.0,,,,448
520,2020,44,30.54,Lo,13,6,M,0.0,0.0,3.81,Sh,4.0,448
521,2020,44,30.54,Lo,13,6,M,,,,,,448
522,2020,44,30.54,Lo,13,7,S,0.0,0.0,,,,448
523,2020,44,30.54,Lo,13,8,S,0.0,0.0,,,,448
524,2020,44,30.54,Lo,13,9,V,,,10.13,Me,4.0,448
525,2020,44,30.54,Lo,13,9,M,1.0,2.0,3.61,Sh,3.0,448
526,2020,44,30.54,Lo,13,10,M,1.0,3.0,4.64,Sh,7.0,448
527,2020,44,30.54,Lo,13,11,M,1.0,2.0,7.57,Me,3.0,448
528,2020,44,30.54,Lo,13,12,S,0.0,0.0,,,,448
529,2020,44,30.54,Lo,13,13,M,1.0,5.0,4.61,Sh,5.0,448
530,2020,45,7.44,Me,3,1,V,,,,,,448
531,2020,45,7.44,Me,3,2,S,0.0,0.0,,,,448
532,2020,45,7.44,Me,3,3,S,0.0,0.0,,,,448
533,2020,46,17.65,Me,11,1,V,,,0.55,Sh,4.0,448
534,2020,46,17.65,Me,11,2,V,,,5.63,Me,6.0,448
535,2020,46,17.65,Me,11,3,V,,,1.14,Sh,5.0,448
536,2020,46,17.65,Me,11,4,S,0.0,0.0,,,,448
537,2020,46,17.65,Me,11,5,M,1.0,3.0,6.16,Me,4.0,448
538,2020,46,17.65,Me,11,6,S,0.0,0.0,,,,448
539,2020,46,17.65,Me,11,7,M,0.0,0.0,4.55,Sh,7.0,448
540,2020,46,17.65,Me,11,8,V,,,4.2,Sh,4.0,448
541,2020,46,17.65,Me,11,9,S,0.0,0.0,,,,448
542,2020,46,17.65,Me,11,10,M,,,,,,448
543,2020,46,17.65,Me,11,11,S,0.0,0.0,,,,448
544,2020,47,9.18,Me,5,1,B,,,,,,448
545,2020,47,9.18,Me,5,2,S,0.0,0.0,,,,448
546,2020,47,9.18,Me,5,3,S,0.0,0.0,,,,448
547,2020,47,9.18,Me,5,4,B,,,,,,448
548,2020,47,9.18,Me,5,5,S,0.0,0.0,,,,448
549,2020,48,7.75,Me,2,1,B,,,,,,448
550,2020,48,7.75,Me,2,2,B,,,,,,448
551,2020,49,42.0,VLo,15,1,V,,,1.51,Sh,3.0,448
552,2020,49,42.0,VLo,15,2,S,0.0,0.0,,,,448
553,2020,49,42.0,VLo,15,3,V,,,,,,448
554,2020,49,42.0,VLo,15,3,M,0.0,0.0,5.04,Me,4.0,448
555,2020,49,42.0,VLo,15,4,S,0.0,0.0,,,,448
556,2020,49,42.0,VLo,15,5,V,,,,,,448
557,2020,49,42.0,VLo,15,6,S,0.0,0.0,,,,448
558,2020,49,42.0,VLo,15,7,B,,,,,,448
559,2020,49,42.0,VLo,15,8,M,1.0,4.0,4.15,Sh,6.0,448
560,2020,49,42.0,VLo,15,9,M,1.0,5.0,4.86,Sh,3.0,448
561,2020,49,42.0,VLo,15,10,M,1.0,2.0,2.37,Sh,5.0,448
562,2020,49,42.0,VLo,15,11,V,,,,,,448
563,2020,49,42.0,VLo,15,12,M,1.0,6.0,5.78,Me,6.0,448
564,2020,49,42.0,VLo,15,13,M,0.0,0.0,11.22,Me,7.0,448
565,2020,49,42.0,VLo,15,13,V,,,9.08,Me,9.0,448
566,2020,49,42.0,VLo,15,14,M,1.0,1.0,5.74,Me,2.0,448
567,2020,49,42.0,VLo,15,14,M,1.0,2.0,7.23,Me,5.0,448
568,2020,49,42.0,VLo,15,15,V,,,14.83,Me,10.0,448
569,2020,50,47.2,VLo,13,1,M,0.0,0.0,3.02,Sh,3.0,448
570,2020,50,47.2,VLo,13,1,V,,,2.43,Sh,4.0,448
571,2020,50,47.2,VLo,13,2,V,,,7.67,Me,6.0,448
572,2020,50,47.2,VLo,13,3,M,,,,,,448
573,2020,50,47.2,VLo,13,4,S,0.0,0.0,,,,448
574,2020,50,47.2,VLo,13,5,M,0.0,0.0,8.06,Me,6.0,448
575,2020,50,47.2,VLo,13,6,V,,,3.45,Sh,3.0,448
576,2020,50,47.2,VLo,13,7,M,1.0,1.0,6.54,Me,9.0,448
577,2020,50,47.2,VLo,13,8,B,,,,,,448
578,2020,50,47.2,VLo,13,9,S,0.0,0.0,,,,448
579,2020,50,47.2,VLo,13,10,M,,,,,,448
580,2020,50,47.2,VLo,13,10,M,1.0,4.0,5.8,Me,5.0,448
581,2020,50,47.2,VLo,13,11,M,1.0,2.0,10.53,Me,6.0,448
582,2020,50,47.2,VLo,13,12,M,1.0,1.0,5.64,Me,5.0,448
583,2020,50,47.2,VLo,13,13,M,0.0,0.0,7.26,Me,7.0,448
584,2020,51,38.97,Lo,15,1,B,,,,,,448
585,2020,51,38.97,Lo,15,2,M,0.0,0.0,3.67,Sh,3.0,448
586,2020,51,38.97,Lo,15,3,V,,,3.33,Sh,4.0,448
587,2020,51,38.97,Lo,15,4,B,,,,,,448
588,2020,51,38.97,Lo,15,5,S,0.0,0.0,,,,448
589,2020,51,38.97,Lo,15,6,M,0.0,0.0,5.01,Me,4.0,448
590,2020,51,38.97,Lo,15,7,M,0.0,0.0,4.2,Sh,3.0,448
591,2020,51,38.97,Lo,15,7,V,,,4.65,Sh,4.0,448
592,2020,51,38.97,Lo,15,7,M,0.0,0.0,2.57,Sh,3.0,448
593,2020,51,38.97,Lo,15,8,S,0.0,0.0,,,,448
594,2020,51,38.97,Lo,15,9,M,1.0,3.0,6.23,Me,6.0,448
595,2020,51,38.97,Lo,15,10,M,1.0,1.0,1.07,Sh,4.0,448
596,2020,51,38.97,Lo,15,11,V,,,8.16,Me,7.0,448
597,2020,51,38.97,Lo,15,12,M,0.0,0.0,4.38,Sh,3.0,448
598,2020,51,38.97,Lo,15,13,M,1.0,1.0,10.35,Me,10.0,448
599,2020,51,38.97,Lo,15,13,M,,,,,,448
600,2020,51,38.97,Lo,15,14,V,,,,,,448
601,2020,51,38.97,Lo,15,15,S,0.0,0.0,,,,448
602,2020,52,42.61,VLo,15,1,V,,,4.8,Sh,3.0,448
603,2020,52,42.61,VLo,15,1,V,,,3.72,Sh,6.0,448
604,2020,52,42.61,VLo,15,2,V,,,4.0,Sh,4.0,448
605,2020,52,42.61,VLo,15,3,M,1.0,1.0,2.96,Sh,8.0,448
606,2020,52,42.61,VLo,15,4,M,1.0,2.0,1.04,Sh,1.0,448
607,2020,52,42.61,VLo,15,5,M,1.0,1.0,0.51,Sh,1.0,448
608,2020,52,42.61,VLo,15,6,M,1.0,3.0,1.88,Sh,3.0,448
609,2020,52,42.61,VLo,15,7,V,,,10.7,Me,5.0,448
610,2020,52,42.61,VLo,15,8,M,1.0,1.0,3.04,Sh,4.0,448
611,2020,52,42.61,VLo,15,9,M,1.0,2.0,3.66,Sh,3.0,448
612,2020,52,42.61,VLo,15,10,M,1.0,1.0,5.94,Me,7.0,448
613,2020,52,42.61,VLo,15,11,M,1.0,2.0,4.38,Sh,2.0,448
614,2020,52,42.61,VLo,15,12,V,,,2.96,Sh,4.0,448
615,2020,52,42.61,VLo,15,12,V,,,3.36,Sh,5.0,448
616,2020,52,42.61,VLo,15,12,M,1.0,3.0,4.67,Sh,2.0,448
617,2020,52,42.61,VLo,15,12,M,0.0,0.0,4.82,Sh,7.0,448
618,2020,52,42.61,VLo,15,13,S,0.0,0.0,,,,448
619,2020,52,42.61,VLo,15,14,M,1.0,5.0,6.1,Me,4.0,448
620,2020,52,42.61,VLo,15,15,S,0.0,0.0,,,,448
621,2020,53,52.18,VLo,18,1,B,,,,,,448
622,2020,53,52.18,VLo,18,2,B,,,,,,448
623,2020,53,52.18,VLo,18,3,V,,,,,,448
624,2020,53,52.18,VLo,18,3,M,0.0,0.0,1.37,Sh,3.0,448
625,2020,53,52.18,VLo,18,3,M,1.0,2.0,3.29,Sh,8.0,448
626,2020,53,52.18,VLo,18,4,M,,,,,,448
627,2020,53,52.18,VLo,18,5,M,,,,,,448
628,2020,53,52.18,VLo,18,5,V,,,2.76,Sh,6.0,448
629,2020,53,52.18,VLo,18,6,M,1.0,3.0,5.56,Me,3.0,448
630,2020,53,52.18,VLo,18,6,M,0.0,0.0,5.88,Me,7.0,448
631,2020,53,52.18,VLo,18,7,B,,,,,,448
632,2020,53,52.18,VLo,18,8,S,0.0,0.0,,,,448
633,2020,53,52.18,VLo,18,9,M,1.0,1.0,7.98,Me,7.0,448
634,2020,53,52.18,VLo,18,9,M,0.0,0.0,4.52,Sh,6.0,448
635,2020,53,52.18,VLo,18,9,V,,,1.76,Sh,4.0,448
636,2020,53,52.18,VLo,18,10,V,,,3.21,Sh,1.0,448
637,2020,53,52.18,VLo,18,11,M,1.0,3.0,5.41,Me,1.0,448
638,2020,53,52.18,VLo,18,11,M,1.0,1.0,3.98,Sh,3.0,448
639,2020,53,52.18,VLo,18,11,M,1.0,3.0,5.68,Me,8.0,448
640,2020,53,52.18,VLo,18,12,S,0.0,0.0,,,,448
641,2020,53,52.18,VLo,18,13,M,0.0,0.0,3.86,Sh,3.0,448
642,2020,53,52.18,VLo,18,14,V,,,2.73,Sh,5.0,448
643,2020,53,52.18,VLo,18,15,M,1.0,1.0,6.92,Me,10.0,448
644,2020,53,52.18,VLo,18,16,M,1.0,3.0,4.42,Sh,4.0,448
645,2020,53,52.18,VLo,18,17,M,0.0,0.0,4.27,Sh,6.0,448
646,2020,53,52.18,VLo,18,17,V,,,9.25,Me,6.0,448
647,2020,53,52.18,VLo,18,18,V,,,9.59,Me,6.0,448
648,2020,54,31.72,Lo,13,1,M,1.0,4.0,0.73,Sh,2.0,448
649,2020,54,31.72,Lo,13,2,S,0.0,0.0,,,,448
650,2020,54,31.72,Lo,13,3,V,,,3.18,Sh,5.0,448
651,2020,54,31.72,Lo,13,3,V,,,4.34,Sh,3.0,448
652,2020,54,31.72,Lo,13,4,V,,,,,,448
653,2020,54,31.72,Lo,13,5,S,0.0,0.0,,,,448
654,2020,54,31.72,Lo,13,6,V,,,4.01,Sh,1.0,448
655,2020,54,31.72,Lo,13,7,S,0.0,0.0,,,,448
656,2020,54,31.72,Lo,13,8,B,,,,,,448
657,2020,54,31.72,Lo,13,9,V,,,5.77,Me,6.0,448
658,2020,54,31.72,Lo,13,10,V,,,0.07,Sh,1.0,448
659,2020,54,31.72,Lo,13,10,M,0.0,0.0,8.58,Me,7.0,448
660,2020,54,31.72,Lo,13,11,M,1.0,4.0,6.92,Me,5.0,448
661,2020,54,31.72,Lo,13,12,M,0.0,0.0,1.32,Sh,3.0,448
662,2020,54,31.72,Lo,13,12,M,0.0,0.0,3.82,Sh,2.0,448
663,2020,54,31.72,Lo,13,13,V,,,,,,448
664,2020,54,31.72,Lo,13,13,V,,,6.65,Me,6.0,448
665,2020,59,3.53,Sh,4,1,V,,,0.39,Sh,1.0,448
666,2020,59,3.53,Sh,4,2,S,0.0,0.0,,,,448
667,2020,59,3.53,Sh,4,3,S,0.0,0.0,,,,448
668,2020,59,3.53,Sh,4,4,V,,,5.64,Me,7.0,448
669,2020,60,1.25,Sh,4,1,V,,,,,,448
670,2020,60,1.25,Sh,4,1,V,,,,,,448
671,2020,60,1.25,Sh,4,1,M,0.0,0.0,2.19,Sh,3.0,448
672,2020,60,1.25,Sh,4,2,B,,,,,,448
673,2020,60,1.25,Sh,4,3,V,,,,,,448
674,2020,60,1.25,Sh,4,4,M,0.0,0.0,5.07,Me,7.0,448
675,2020,61,8.28,Me,7,1,B,,,,,,448
676,2020,61,8.28,Me,7,2,B,,,,,,448
677,2020,61,8.28,Me,7,3,S,0.0,0.0,,,,448
678,2020,61,8.28,Me,7,4,M,0.0,0.0,0.0,Sh,,448
679,2020,61,8.28,Me,7,5,S,0.0,0.0,,,,448
680,2020,61,8.28,Me,7,6,M,0.0,0.0,3.86,Sh,6.0,448
681,2020,61,8.28,Me,7,7,M,1.0,1.0,5.34,Me,1.0,448
682,2020,62,7.43,Me,7,1,B,,,,,,448
683,2020,62,7.43,Me,7,2,B,,,,,,448
684,2020,62,7.43,Me,7,3,M,1.0,2.0,1.81,Sh,3.0,448
685,2020,62,7.43,Me,7,4,B,,,,,,448
686,2020,62,7.43,Me,7,5,V,,,6.21,Me,4.0,448
687,2020,62,7.43,Me,7,6,M,0.0,0.0,9.26,Me,5.0,448
688,2020,62,7.43,Me,7,6,M,1.0,3.0,6.24,Me,2.0,448
689,2020,62,7.43,Me,7,6,M,0.0,0.0,11.74,Me,6.0,448
690,2020,62,7.43,Me,7,7,M,1.0,1.0,1.58,Sh,3.0,448
691,2020,63,8.41,Me,3,1,B,,,,,,448
692,2020,63,8.41,Me,3,2,V,,,0.19,Sh,2.0,448
693,2020,63,8.41,Me,3,2,V,,,6.34,Me,3.0,448
694,2020,63,8.41,Me,3,3,V,,,5.63,Me,8.0,448
695,2020,64,7.34,Me,6,1,B,,,,,,448
696,2020,64,7.34,Me,6,2,M,0.0,0.0,1.19,Sh,4.0,448
697,2020,64,7.34,Me,6,2,M,0.0,0.0,3.12,Sh,4.0,448
698,2020,64,7.34,Me,6,2,M,0.0,0.0,0.76,Sh,1.0,448
699,2020,64,7.34,Me,6,3,S,0.0,0.0,,,,448
700,2020,64,7.34,Me,6,4,B,,,,,,448
701,2020,64,7.34,Me,6,5,V,,,4.09,Sh,2.0,448
702,2020,64,7.34,Me,6,6,M,0.0,0.0,5.28,Me,4.0,448
703,2020,65,12.31,Me,7,1,B,,,,,,448
704,2020,65,12.31,Me,7,2,V,,,2.66,Sh,2.0,448
705,2020,65,12.31,Me,7,2,V,,,0.65,Sh,3.0,448
706,2020,65,12.31,Me,7,3,S,0.0,0.0,,,,448
707,2020,65,12.31,Me,7,4,V,,,1.55,Sh,2.0,448
708,2020,65,12.31,Me,7,5,V,,,,,,448
709,2020,65,12.31,Me,7,6,V,,,4.41,Sh,3.0,448
710,2020,65,12.31,Me,7,6,V,,,3.7,Sh,3.0,448
711,2020,65,12.31,Me,7,7,V,,,6.53,Me,4.0,448
712,2020,65,12.31,Me,7,7,M,0.0,0.0,11.86,Me,4.0,448
713,2020,66,10.1,Me,5,1,B,,,,,,448
714,2020,66,10.1,Me,5,2,S,0.0,0.0,,,,448
715,2020,66,10.1,Me,5,3,B,,,,,,448
716,2020,66,10.1,Me,5,4,M,0.0,0.0,1.67,Sh,4.0,448
717,2020,66,10.1,Me,5,4,M,1.0,3.0,7.94,Me,6.0,448
718,2020,66,10.1,Me,5,5,M,0.0,0.0,5.01,Me,3.0,448
719,2020,67,2.12,Sh,3,1,V,,,1.25,Sh,3.0,448
720,2020,67,2.12,Sh,3,2,S,0.0,0.0,,,,448
721,2020,67,2.12,Sh,3,3,V,,,7.9,Me,7.0,448
722,2020,68,11.35,Me,7,1,B,,,,,,448
723,2020,68,11.35,Me,7,2,B,,,,,,448
724,2020,68,11.35,Me,7,3,S,0.0,0.0,,,,448
725,2020,68,11.35,Me,7,4,V,,,3.78,Sh,6.0,448
726,2020,68,11.35,Me,7,5,M,1.0,2.0,5.52,Me,4.0,448
727,2020,68,11.35,Me,7,5,M,,,,,,448
728,2020,68,11.35,Me,7,6,V,,,3.53,Sh,3.0,448
729,2020,68,11.35,Me,7,7,M,0.0,0.0,5.5,Me,6.0,448
730,2020,68,11.35,Me,7,7,M,0.0,0.0,5.28,Me,4.0,448
731,2020,68,11.35,Me,7,7,M,0.0,0.0,4.74,Sh,4.0,448
732,2020,69,12.67,Me,6,1,V,,,,,,448
733,2020,69,12.67,Me,6,2,B,,,,,,448
734,2020,69,12.67,Me,6,3,V,,,3.44,Sh,1.0,448
735,2020,69,12.67,Me,6,4,V,,,5.04,Me,5.0,448
736,2020,69,12.67,Me,6,4,M,0.0,0.0,1.71,Sh,3.0,448
737,2020,69,12.67,Me,6,4,M,0.0,0.0,2.94,Sh,4.0,448
738,2020,69,12.67,Me,6,5,B,,,,,,448
739,2020,69,12.67,Me,6,6,S,0.0,0.0,,,,448
740,2020,70,13.95,Me,9,1,B,,,,,,448
741,2020,70,13.95,Me,9,2,V,,,,,,448
742,2020,70,13.95,Me,9,3,M,1.0,2.0,5.45,Me,5.0,448
743,2020,70,13.95,Me,9,3,M,0.0,0.0,2.66,Sh,3.0,448
744,2020,70,13.95,Me,9,4,M,,,,,,448
745,2020,70,13.95,Me,9,5,V,,,2.3,Sh,1.0,448
746,2020,70,13.95,Me,9,5,M,1.0,4.0,3.68,Sh,2.0,448
747,2020,70,13.95,Me,9,6,S,0.0,0.0,,,,448
748,2020,70,13.95,Me,9,7,S,0.0,0.0,,,,448
749,2020,70,13.95,Me,9,8,V,,,3.25,Sh,2.0,448
750,2020,70,13.95,Me,9,8,M,0.0,0.0,2.55,Sh,1.0,448
751,2020,70,13.95,Me,9,8,M,0.0,0.0,2.43,Sh,4.0,448
752,2020,70,13.95,Me,9,8,M,0.0,0.0,3.34,Sh,1.0,448
753,2020,70,13.95,Me,9,9,V,,,2.89,Sh,1.0,448
754,2020,71,34.05,Lo,12,1,B,,,,,,448
755,2020,71,34.05,Lo,12,2,B,,,,,,448
756,2020,71,34.05,Lo,12,3,V,,,2.25,Sh,3.0,448
757,2020,71,34.05,Lo,12,4,M,0.0,0.0,0.41,Sh,2.0,448
758,2020,71,34.05,Lo,12,4,V,,,,,,448
759,2020,71,34.05,Lo,12,5,S,0.0,0.0,,,,448
760,2020,71,34.05,Lo,12,6,S,0.0,0.0,,,,448
761,2020,71,34.05,Lo,12,7,M,1.0,2.0,6.76,Me,5.0,448
762,2020,71,34.05,Lo,12,7,M,1.0,5.0,10.7,Me,6.0,448
763,2020,71,34.05,Lo,12,8,S,0.0,0.0,,,,448
764,2020,71,34.05,Lo,12,9,M,1.0,6.0,2.09,Sh,4.0,448
765,2020,71,34.05,Lo,12,10,V,,,6.31,Me,9.0,448
766,2020,71,34.05,Lo,12,11,M,1.0,2.0,4.43,Sh,6.0,448
767,2020,71,34.05,Lo,12,11,V,,,7.3,Me,7.0,448
768,2020,71,34.05,Lo,12,12,M,1.0,4.0,5.87,Me,3.0,448
769,2020,71,34.05,Lo,12,12,M,0.0,0.0,6.62,Me,5.0,448
770,2020,71,34.05,Lo,12,12,M,1.0,4.0,7.36,Me,5.0,448
771,2020,72,38.51,Lo,15,1,V,,,3.54,Sh,5.0,448
772,2020,72,38.51,Lo,15,1,V,,,12.71,Me,8.0,448
773,2020,72,38.51,Lo,15,1,V,,,3.37,Sh,3.0,448
774,2020,72,38.51,Lo,15,2,M,0.0,0.0,1.88,Sh,3.0,448
775,2020,72,38.51,Lo,15,3,M,0.0,0.0,5.38,Me,4.0,448
776,2020,72,38.51,Lo,15,4,V,,,6.34,Me,5.0,448
777,2020,72,38.51,Lo,15,5,M,1.0,5.0,3.66,Sh,4.0,448
778,2020,72,38.51,Lo,15,6,V,,,5.85,Me,4.0,448
779,2020,72,38.51,Lo,15,7,M,1.0,5.0,5.21,Me,2.0,448
780,2020,72,38.51,Lo,15,8,S,0.0,0.0,,,,448
781,2020,72,38.51,Lo,15,9,S,0.0,0.0,,,,448
782,2020,72,38.51,Lo,15,10,S,0.0,0.0,,,,448
783,2020,72,38.51,Lo,15,11,V,,,7.05,Me,5.0,448
784,2020,72,38.51,Lo,15,12,M,0.0,0.0,0.91,Sh,3.0,448
785,2020,72,38.51,Lo,15,12,M,0.0,0.0,4.04,Sh,2.0,448
786,2020,72,38.51,Lo,15,13,M,1.0,3.0,6.34,Me,6.0,448
787,2020,72,38.51,Lo,15,14,M,0.0,0.0,7.1,Me,6.0,448
788,2020,72,38.51,Lo,15,14,M,0.0,0.0,11.18,Me,4.0,448
789,2020,72,38.51,Lo,15,14,M,0.0,0.0,7.0,Me,7.0,448
790,2020,72,38.51,Lo,15,15,V,,,5.8,Me,4.0,448
791,2020,72,38.51,Lo,15,15,M,0.0,0.0,8.66,Me,6.0,448
792,2020,73,41.77,VLo,15,1,S,0.0,0.0,,,,448
793,2020,73,41.77,VLo,15,2,B,,,,,,448
794,2020,73,41.77,VLo,15,3,S,0.0,0.0,,,,448
795,2020,73,41.77,VLo,15,4,V,,,2.31,Sh,5.0,448
796,2020,73,41.77,VLo,15,5,B,,,,,,448
797,2020,73,41.77,VLo,15,6,S,0.0,0.0,,,,448
798,2020,73,41.77,VLo,15,7,V,,,4.05,Sh,4.0,448
799,2020,73,41.77,VLo,15,8,M,1.0,4.0,5.62,Me,8.0,448
800,2020,73,41.77,VLo,15,9,M,0.0,0.0,8.42,Me,8.0,448
801,2020,73,41.77,VLo,15,9,V,,,4.72,Sh,4.0,448
802,2020,73,41.77,VLo,15,9,M,0.0,0.0,2.66,Sh,1.0,448
803,2020,73,41.77,VLo,15,10,M,0.0,0.0,8.48,Me,5.0,448
804,2020,73,41.77,VLo,15,10,V,,,5.11,Me,4.0,448
805,2020,73,41.77,VLo,15,11,M,1.0,6.0,2.76,Sh,2.0,448
806,2020,73,41.77,VLo,15,12,M,,,,,,448
807,2020,73,41.77,VLo,15,12,M,0.0,0.0,7.6,Me,9.0,448
808,2020,73,41.77,VLo,15,13,M,0.0,0.0,8.41,Me,5.0,448
809,2020,73,41.77,VLo,15,14,V,,,5.25,Me,8.0,448
810,2020,73,41.77,VLo,15,14,M,0.0,0.0,1.2,Sh,2.0,448
811,2020,73,41.77,VLo,15,15,S,0.0,0.0,,,,448
812,2020,74,45.7,VLo,16,1,B,,,,,,448
813,2020,74,45.7,VLo,16,2,V,,,,,,448
814,2020,74,45.7,VLo,16,3,M,,,,,,448
815,2020,74,45.7,VLo,16,4,S,0.0,0.0,,,,448
816,2020,74,45.7,VLo,16,5,S,0.0,0.0,,,,448
817,2020,74,45.7,VLo,16,6,V,,,8.28,Me,5.0,448
818,2020,74,45.7,VLo,16,6,M,1.0,2.0,2.42,Sh,6.0,448
819,2020,74,45.7,VLo,16,7,S,0.0,0.0,,,,448
820,2020,74,45.7,VLo,16,8,V,,,4.54,Sh,7.0,448
821,2020,74,45.7,VLo,16,9,M,1.0,2.0,8.68,Me,5.0,448
822,2020,74,45.7,VLo,16,10,M,1.0,1.0,6.38,Me,5.0,448
823,2020,74,45.7,VLo,16,10,M,1.0,4.0,8.28,Me,4.0,448
824,2020,74,45.7,VLo,16,11,S,0.0,0.0,,,,448
825,2020,74,45.7,VLo,16,12,M,,,,,,448
826,2020,74,45.7,VLo,16,12,M,1.0,7.0,7.07,Me,6.0,448
827,2020,74,45.7,VLo,16,13,M,0.0,0.0,2.92,Sh,3.0,448
828,2020,74,45.7,VLo,16,14,S,0.0,0.0,,,,448
829,2020,74,45.7,VLo,16,15,M,1.0,1.0,6.33,Me,4.0,448
830,2020,74,45.7,VLo,16,16,V,,,8.26,Me,7.0,448
831,2020,75,39.12,Lo,11,1,V,,,,,,448
832,2020,75,39.12,Lo,11,2,V,,,0.16,Sh,1.0,448
833,2020,75,39.12,Lo,11,2,V,,,6.66,Me,3.0,448
834,2020,75,39.12,Lo,11,2,V,,,3.4,Sh,3.0,448
835,2020,75,39.12,Lo,11,3,V,,,4.31,Sh,6.0,448
836,2020,75,39.12,Lo,11,4,B,,,,,,448
837,2020,75,39.12,Lo,11,5,M,,,,,,448
838,2020,75,39.12,Lo,11,6,M,0.0,0.0,2.59,Sh,5.0,448
839,2020,75,39.12,Lo,11,7,M,1.0,4.0,3.3,Sh,6.0,448
840,2020,75,39.12,Lo,11,8,V,,,2.31,Sh,5.0,448
841,2020,75,39.12,Lo,11,9,M,0.0,0.0,4.02,Sh,1.0,448
842,2020,75,39.12,Lo,11,10,M,0.0,0.0,11.41,Me,12.0,448
843,2020,75,39.12,Lo,11,11,S,0.0,0.0,,,,448
844,2020,76,38.13,Lo,10,1,V,,,0.43,Sh,1.0,448
845,2020,76,38.13,Lo,10,2,V,,,2.81,Sh,4.0,448
846,2020,76,38.13,Lo,10,2,M,0.0,0.0,1.27,Sh,6.0,448
847,2020,76,38.13,Lo,10,3,M,0.0,0.0,0.03,Sh,1.0,448
848,2020,76,38.13,Lo,10,4,M,,,,,,448
849,2020,76,38.13,Lo,10,4,V,,,3.75,Sh,6.0,448
850,2020,76,38.13,Lo,10,5,M,0.0,0.0,1.38,Sh,1.0,448
851,2020,76,38.13,Lo,10,5,V,,,,,,448
852,2020,76,38.13,Lo,10,5,V,,,1.67,Sh,1.0,448
853,2020,76,38.13,Lo,10,6,V,,,6.02,Me,2.0,448
854,2020,76,38.13,Lo,10,7,M,0.0,0.0,2.12,Sh,1.0,448
855,2020,76,38.13,Lo,10,7,M,0.0,0.0,2.69,Sh,4.0,448
856,2020,76,38.13,Lo,10,8,V,,,6.82,Me,6.0,448
857,2020,76,38.13,Lo,10,9,M,,,,,,448
858,2020,76,38.13,Lo,10,10,M,0.0,0.0,7.8,Me,4.0,448
859,2020,80,9.99,Me,3,1,B,,,,,,448
860,2020,80,9.99,Me,3,2,B,,,,,,448
861,2020,80,9.99,Me,3,3,B,,,,,,448
862,2020,81,4.93,Sh,5,1,M,0.0,0.0,1.33,Sh,1.0,448
863,2020,81,4.93,Sh,5,2,V,,,0.55,Sh,1.0,448
864,2020,81,4.93,Sh,5,2,V,,,0.48,Sh,2.0,448
865,2020,81,4.93,Sh,5,3,B,,,,,,448
866,2020,81,4.93,Sh,5,4,M,0.0,0.0,5.14,Me,5.0,448
867,2020,81,4.93,Sh,5,4,V,,,4.61,Sh,3.0,448
868,2020,81,4.93,Sh,5,4,M,0.0,0.0,2.79,Sh,1.0,448
869,2020,81,4.93,Sh,5,4,V,,,0.02,Sh,1.0,448
870,2020,81,4.93,Sh,5,5,V,,,6.63,Me,3.0,448
871,2020,82,0.11,Sh,5,1,B,,,,,,448
872,2020,82,0.11,Sh,5,2,S,0.0,0.0,,,,448
873,2020,82,0.11,Sh,5,3,S,0.0,0.0,,,,448
874,2020,82,0.11,Sh,5,4,M,0.0,0.0,3.44,Sh,3.0,448
875,2020,82,0.11,Sh,5,5,M,0.0,0.0,3.76,Sh,3.0,448
876,2020,82,0.11,Sh,5,5,V,,,5.04,Me,7.0,448
877,2020,82,0.11,Sh,5,5,V,,,4.22,Sh,4.0,448
878,2020,83,1.19,Sh,3,1,V,,,0.66,Sh,2.0,448
879,2020,83,1.19,Sh,3,2,M,0.0,0.0,1.4,Sh,1.0,448
880,2020,83,1.19,Sh,3,2,V,,,1.48,Sh,5.0,448
881,2020,83,1.19,Sh,3,2,V,,,2.02,Sh,2.0,448
882,2020,83,1.19,Sh,3,3,V,,,5.17,Me,7.0,448
883,2020,84,5.02,Me,4,1,V,,,1.43,Sh,1.0,448
884,2020,84,5.02,Me,4,2,B,,,,,,448
885,2020,84,5.02,Me,4,3,S,0.0,0.0,,,,448
886,2020,84,5.02,Me,4,4,V,,,4.98,Sh,3.0,448
887,2020,85,5.29,Me,2,1,S,0.0,0.0,,,,448
888,2020,85,5.29,Me,2,2,V,,,4.12,Sh,4.0,448
889,2020,86,23.7,Lo,9,1,M,,,,,,448
890,2020,86,23.7,Lo,9,2,B,,,,,,448
891,2020,86,23.7,Lo,9,3,B,,,,,,448
892,2020,86,23.7,Lo,9,4,B,,,,,,448
893,2020,86,23.7,Lo,9,5,S,0.0,0.0,,,,448
894,2020,86,23.7,Lo,9,6,M,0.0,0.0,2.44,Sh,3.0,448
895,2020,86,23.7,Lo,9,7,V,,,,,,448
896,2020,86,23.7,Lo,9,7,M,0.0,0.0,4.39,Sh,4.0,448
897,2020,86,23.7,Lo,9,7,M,0.0,0.0,1.19,Sh,2.0,448
898,2020,86,23.7,Lo,9,8,M,1.0,3.0,3.98,Sh,5.0,448
899,2020,86,23.7,Lo,9,9,M,0.0,0.0,8.89,Me,5.0,448
900,2020,87,3.05,Sh,5,1,V,,,2.53,Sh,4.0,448
901,2020,87,3.05,Sh,5,2,M,1.0,2.0,1.94,Sh,4.0,448
902,2020,87,3.05,Sh,5,3,S,0.0,0.0,,,,448
903,2020,87,3.05,Sh,5,4,B,,,,,,448
904,2020,87,3.05,Sh,5,5,M,1.0,2.0,8.69,Me,8.0,448
905,2020,87,3.05,Sh,5,5,V,,,1.06,Sh,2.0,448
906,2020,88,9.39,Me,7,1,V,,,,,,448
907,2020,88,9.39,Me,7,2,V,,,,,,448
908,2020,88,9.39,Me,7,3,V,,,4.47,Sh,5.0,448
909,2020,88,9.39,Me,7,4,B,,,,,,448
910,2020,88,9.39,Me,7,5,S,0.0,0.0,,,,448
911,2020,88,9.39,Me,7,6,M,1.0,1.0,4.12,Sh,6.0,448
912,2020,88,9.39,Me,7,7,M,0.0,0.0,12.96,Me,7.0,448
913,2020,89,7.33,Me,3,1,V,,,,,,448
914,2020,89,7.33,Me,3,1,V,,,9.04,Me,4.0,448
915,2020,89,7.33,Me,3,2,M,1.0,8.0,2.96,Sh,2.0,448
916,2020,89,7.33,Me,3,3,S,0.0,0.0,,,,448
917,2020,90,27.69,Lo,12,1,B,,,,,,448
918,2020,90,27.69,Lo,12,2,S,0.0,0.0,,,,448
919,2020,90,27.69,Lo,12,3,S,0.0,0.0,,,,448
920,2020,90,27.69,Lo,12,4,V,,,1.74,Sh,1.0,448
921,2020,90,27.69,Lo,12,5,V,,,4.29,Sh,7.0,448
922,2020,90,27.69,Lo,12,5,V,,,,,,448
923,2020,90,27.69,Lo,12,6,S,0.0,0.0,,,,448
924,2020,90,27.69,Lo,12,7,S,0.0,0.0,,,,448
925,2020,90,27.69,Lo,12,8,S,0.0,0.0,,,,448
926,2020,90,27.69,Lo,12,9,V,,,2.89,Sh,4.0,448
927,2020,90,27.69,Lo,12,9,M,0.0,0.0,7.2,Me,3.0,448
928,2020,90,27.69,Lo,12,9,M,0.0,0.0,7.27,Me,6.0,448
929,2020,90,27.69,Lo,12,9,V,,,0.26,Sh,1.0,448
930,2020,90,27.69,Lo,12,10,M,0.0,0.0,7.75,Me,6.0,448
931,2020,90,27.69,Lo,12,11,M,0.0,0.0,5.74,Me,4.0,448
932,2020,90,27.69,Lo,12,12,V,,,1.72,Sh,3.0,448
933,2020,90,27.69,Lo,12,12,M,0.0,0.0,7.82,Me,6.0,448
934,2020,91,19.26,Me,12,1,B,,,,,,448
935,2020,91,19.26,Me,12,2,M,,,,,,448
936,2020,91,19.26,Me,12,3,M,1.0,4.0,2.33,Sh,1.0,448
937,2020,91,19.26,Me,12,4,V,,,2.23,Sh,4.0,448
938,2020,91,19.26,Me,12,4,V,,,0.12,Sh,1.0,448
939,2020,91,19.26,Me,12,5,M,0.0,0.0,10.07,Me,7.0,448
940,2020,91,19.26,Me,12,6,S,0.0,0.0,,,,448
941,2020,91,19.26,Me,12,7,M,0.0,0.0,2.27,Sh,1.0,448
942,2020,91,19.26,Me,12,8,M,0.0,0.0,0.95,Sh,1.0,448
943,2020,91,19.26,Me,12,9,S,0.0,0.0,,,,448
944,2020,91,19.26,Me,12,10,S,0.0,0.0,,,,448
945,2020,91,19.26,Me,12,11,V,,,3.9,Sh,2.0,448
946,2020,91,19.26,Me,12,12,M,0.0,0.0,8.05,Me,6.0,448
947,2020,92,22.94,Lo,10,1,B,,,,,,448
948,2020,92,22.94,Lo,10,2,M,0.0,0.0,0.95,Sh,3.0,448
949,2020,92,22.94,Lo,10,3,M,0.0,0.0,4.65,Sh,4.0,448
950,2020,92,22.94,Lo,10,4,M,1.0,1.0,6.43,Me,10.0,448
951,2020,92,22.94,Lo,10,5,V,,,4.78,Sh,4.0,448
952,2020,92,22.94,Lo,10,6,S,0.0,0.0,,,,448
953,2020,92,22.94,Lo,10,7,V,,,3.25,Sh,6.0,448
954,2020,92,22.94,Lo,10,8,M,0.0,0.0,4.42,Sh,7.0,448
955,2020,92,22.94,Lo,10,9,M,1.0,3.0,3.98,Sh,3.0,448
956,2020,92,22.94,Lo,10,10,M,0.0,0.0,3.15,Sh,3.0,448
957,2020,93,28.16,Lo,14,1,V,,,,,,448
958,2020,93,28.16,Lo,14,1,V,,,3.76,Sh,4.0,448
959,2020,93,28.16,Lo,14,1,V,,,1.72,Sh,1.0,448
960,2020,93,28.16,Lo,14,2,B,,,,,,448
961,2020,93,28.16,Lo,14,3,S,0.0,0.0,,,,448
962,2020,93,28.16,Lo,14,4,M,0.0,0.0,0.09,Sh,1.0,448
963,2020,93,28.16,Lo,14,5,V,,,3.51,Sh,4.0,448
964,2020,93,28.16,Lo,14,6,V,,,3.28,Sh,4.0,448
965,2020,93,28.16,Lo,14,6,M,1.0,1.0,0.57,Sh,2.0,448
966,2020,93,28.16,Lo,14,7,S,0.0,0.0,,,,448
967,2020,93,28.16,Lo,14,8,M,0.0,0.0,8.42,Me,5.0,448
968,2020,93,28.16,Lo,14,9,S,0.0,0.0,,,,448
969,2020,93,28.16,Lo,14,10,M,,,,,,448
970,2020,93,28.16,Lo,14,10,M,1.0,2.0,10.71,Me,5.0,448
971,2020,93,28.16,Lo,14,10,M,1.0,1.0,5.96,Me,5.0,448
972,2020,93,28.16,Lo,14,11,M,0.0,0.0,9.17,Me,6.0,448
973,2020,93,28.16,Lo,14,12,V,,,5.02,Me,6.0,448
974,2020,93,28.16,Lo,14,13,M,1.0,5.0,10.16,Me,3.0,448
975,2020,93,28.16,Lo,14,14,M,0.0,0.0,5.64,Me,7.0,448
976,2020,94,46.44,VLo,15,1,B,,,,,,448
977,2020,94,46.44,VLo,15,2,V,,,6.09,Me,5.0,448
978,2020,94,46.44,VLo,15,3,M,0.0,0.0,6.26,Me,7.0,448
979,2020,94,46.44,VLo,15,3,M,1.0,3.0,3.26,Sh,3.0,448
980,2020,94,46.44,VLo,15,4,M,1.0,3.0,4.65,Sh,3.0,448
981,2020,94,46.44,VLo,15,5,V,,,1.1,Sh,3.0,448
982,2020,94,46.44,VLo,15,6,V,,,5.47,Me,5.0,448
983,2020,94,46.44,VLo,15,6,M,0.0,0.0,1.03,Sh,1.0,448
984,2020,94,46.44,VLo,15,6,V,,,3.11,Sh,3.0,448
985,2020,94,46.44,VLo,15,6,M,0.0,0.0,4.39,Sh,5.0,448
986,2020,94,46.44,VLo,15,6,M,,,,,,448
987,2020,94,46.44,VLo,15,7,V,,,6.98,Me,6.0,448
988,2020,94,46.44,VLo,15,8,M,1.0,2.0,9.13,Me,6.0,448
989,2020,94,46.44,VLo,15,9,V,,,2.09,Sh,3.0,448
990,2020,94,46.44,VLo,15,10,V,,,6.92,Me,5.0,448
991,2020,94,46.44,VLo,15,11,S,0.0,0.0,,,,448
992,2020,94,46.44,VLo,15,12,M,0.0,0.0,5.65,Me,5.0,448
993,2020,94,46.44,VLo,15,12,M,0.0,0.0,7.68,Me,7.0,448
994,2020,94,46.44,VLo,15,12,M,0.0,0.0,7.63,Me,6.0,448
995,2020,94,46.44,VLo,15,12,M,0.0,0.0,8.2,Me,6.0,448
996,2020,94,46.44,VLo,15,13,M,1.0,3.0,1.45,Sh,1.0,448
997,2020,94,46.44,VLo,15,13,M,0.0,0.0,9.94,Me,2.0,448
998,2020,94,46.44,VLo,15,14,M,,,,,,448
999,2020,94,46.44,VLo,15,15,S,0.0,0.0,,,,448
1000,2020,95,37.77,Lo,15,1,B,,,,,,448
1001,2020,95,37.77,Lo,15,2,V,,,5.49,Me,4.0,448
1002,2020,95,37.77,Lo,15,3,V,,,4.9,Sh,6.0,448
1003,2020,95,37.77,Lo,15,4,V,,,6.74,Me,5.0,448
1004,2020,95,37.77,Lo,15,5,B,,,,,,448
1005,2020,95,37.77,Lo,15,6,S,0.0,0.0,,,,448
1006,2020,95,37.77,Lo,15,7,V,,,0.52,Sh,1.0,448
1007,2020,95,37.77,Lo,15,8,M,1.0,5.0,1.05,Sh,3.0,448
1008,2020,95,37.77,Lo,15,9,M,1.0,3.0,3.28,Sh,4.0,448
1009,2020,95,37.77,Lo,15,10,S,0.0,0.0,,,,448
1010,2020,95,37.77,Lo,15,11,S,0.0,0.0,,,,448
1011,2020,95,37.77,Lo,15,12,M,1.0,5.0,3.29,Sh,2.0,448
1012,2020,95,37.77,Lo,15,12,M,1.0,4.0,4.03,Sh,4.0,448
1013,2020,95,37.77,Lo,15,13,V,,,9.81,Me,4.0,448
1014,2020,95,37.77,Lo,15,14,S,0.0,0.0,,,,448
1015,2020,95,37.77,Lo,15,15,M,0.0,0.0,10.81,Me,5.0,448
1016,2020,96,28.33,Lo,11,1,S,0.0,0.0,,,,448
1017,2020,96,28.33,Lo,11,2,B,,,,,,448
1018,2020,96,28.33,Lo,11,3,V,,,2.64,Sh,2.0,448
1019,2020,96,28.33,Lo,11,4,V,,,9.08,Me,5.0,448
1020,2020,96,28.33,Lo,11,5,S,0.0,0.0,,,,448
1021,2020,96,28.33,Lo,11,6,S,0.0,0.0,,,,448
1022,2020,96,28.33,Lo,11,7,S,0.0,0.0,,,,448
1023,2020,96,28.33,Lo,11,8,S,0.0,0.0,,,,448
1024,2020,96,28.33,Lo,11,9,S,0.0,0.0,,,,448
1025,2020,96,28.33,Lo,11,10,M,1.0,1.0,8.81,Me,7.0,448
1026,2020,96,28.33,Lo,11,10,M,0.0,0.0,3.06,Sh,1.0,448
1027,2020,96,28.33,Lo,11,11,M,1.0,2.0,6.95,Me,5.0,448
1028,2020,97,36.42,Lo,15,1,B,,,,,,448
1029,2020,97,36.42,Lo,15,2,M,0.0,0.0,1.63,Sh,2.0,448
1030,2020,97,36.42,Lo,15,3,M,0.0,0.0,0.62,Sh,2.0,448
1031,2020,97,36.42,Lo,15,4,M,0.0,0.0,7.26,Me,6.0,448
1032,2020,97,36.42,Lo,15,5,M,1.0,1.0,2.6,Sh,3.0,448
1033,2020,97,36.42,Lo,15,6,V,,,6.59,Me,7.0,448
1034,2020,97,36.42,Lo,15,7,V,,,5.53,Me,6.0,448
1035,2020,97,36.42,Lo,15,8,S,0.0,0.0,,,,448
1036,2020,97,36.42,Lo,15,9,M,1.0,1.0,2.51,Sh,2.0,448
1037,2020,97,36.42,Lo,15,10,V,,,5.84,Me,3.0,448
1038,2020,97,36.42,Lo,15,11,M,,,,,,448
1039,2020,97,36.42,Lo,15,12,M,0.0,0.0,1.69,Sh,1.0,448
1040,2020,97,36.42,Lo,15,12,M,0.0,0.0,6.38,Me,7.0,448
1041,2020,97,36.42,Lo,15,12,M,1.0,4.0,6.01,Me,7.0,448
1042,2020,97,36.42,Lo,15,13,S,0.0,0.0,,,,448
1043,2020,97,36.42,Lo,15,14,V,,,5.95,Me,4.0,448
1044,2020,97,36.42,Lo,15,15,S,0.0,0.0,,,,448
1045,2020,98,61.54,VLo,17,1,V,,,,,,448
1046,2020,98,61.54,VLo,17,1,V,,,2.41,Sh,4.0,448
1047,2020,98,61.54,VLo,17,2,B,,,,,,448
1048,2020,98,61.54,VLo,17,3,B,,,,,,448
1049,2020,98,61.54,VLo,17,4,V,,,6.7,Me,4.0,448
1050,2020,98,61.54,VLo,17,4,V,,,5.97,Me,7.0,448
1051,2020,98,61.54,VLo,17,5,M,,,,,,448
1052,2020,98,61.54,VLo,17,6,V,,,2.59,Sh,2.0,448
1053,2020,98,61.54,VLo,17,7,B,,,,,,448
1054,2020,98,61.54,VLo,17,8,V,,,4.92,Sh,7.0,448
1055,2020,98,61.54,VLo,17,9,S,0.0,0.0,,,,448
1056,2020,98,61.54,VLo,17,10,S,0.0,0.0,,,,448
1057,2020,98,61.54,VLo,17,11,M,,,,,,448
1058,2020,98,61.54,VLo,17,12,M,0.0,0.0,4.33,Sh,2.0,448
1059,2020,98,61.54,VLo,17,13,V,,,12.7,Me,6.0,448
1060,2020,98,61.54,VLo,17,14,V,,,4.78,Sh,4.0,448
1061,2020,98,61.54,VLo,17,14,V,,,7.46,Me,5.0,448
1062,2020,98,61.54,VLo,17,14,M,1.0,1.0,5.72,Me,2.0,448
1063,2020,98,61.54,VLo,17,15,V,,,12.73,Me,5.0,448
1064,2020,98,61.54,VLo,17,16,V,,,6.57,Me,5.0,448
1065,2020,98,61.54,VLo,17,16,V,,,10.26,Me,5.0,448
1066,2020,98,61.54,VLo,17,17,V,,,11.24,Me,8.0,448
1067,2020,102,2.61,Sh,4,1,S,0.0,0.0,,,,448
1068,2020,102,2.61,Sh,4,2,V,,,4.05,Sh,3.0,448
1069,2020,102,2.61,Sh,4,3,B,,,,,,448
1070,2020,102,2.61,Sh,4,4,S,0.0,0.0,,,,448
1071,2020,103,0.07,Sh,1,1,B,,,,,,448
1072,2020,104,5.98,Me,2,1,M,0.0,0.0,3.76,Sh,4.0,448
1073,2020,104,5.98,Me,2,2,M,1.0,2.0,7.91,Me,6.0,448
1074,2020,104,5.98,Me,2,2,M,0.0,0.0,5.18,Me,4.0,448
1075,2020,104,5.98,Me,2,2,V,,,3.62,Sh,4.0,448
1076,2020,105,3.26,Sh,4,1,V,,,0.44,Sh,2.0,448
1077,2020,105,3.26,Sh,4,2,S,0.0,0.0,,,,448
1078,2020,105,3.26,Sh,4,3,B,,,,,,448
1079,2020,105,3.26,Sh,4,4,B,,,,,,448
1080,2020,106,0.53,Sh,3,1,B,,,,,,448
1081,2020,106,0.53,Sh,3,2,M,1.0,1.0,2.83,Sh,5.0,448
1082,2020,106,0.53,Sh,3,3,V,,,6.03,Me,8.0,448
1083,2020,106,0.53,Sh,3,3,V,,,5.22,Me,3.0,448
1084,2020,107,8.24,Me,6,1,B,,,,,,448
1085,2020,107,8.24,Me,6,2,V,,,2.12,Sh,4.0,448
1086,2020,107,8.24,Me,6,3,S,0.0,0.0,,,,448
1087,2020,107,8.24,Me,6,4,S,0.0,0.0,,,,448
1088,2020,107,8.24,Me,6,5,M,0.0,0.0,2.5,Sh,2.0,448
1089,2020,107,8.24,Me,6,6,V,,,7.35,Me,5.0,448
1090,2020,107,8.24,Me,6,6,M,1.0,2.0,4.86,Sh,4.0,448
1091,2020,108,2.07,Sh,2,1,V,,,3.69,Sh,2.0,448
1092,2020,108,2.07,Sh,2,2,V,,,1.5,Sh,1.0,448
1093,2020,108,2.07,Sh,2,2,M,0.0,0.0,1.36,Sh,2.0,448
1094,2020,109,3.3,Sh,5,1,B,,,,,,448
1095,2020,109,3.3,Sh,5,2,V,,,3.71,Sh,3.0,448
1096,2020,109,3.3,Sh,5,3,S,0.0,0.0,,,,448
1097,2020,109,3.3,Sh,5,4,M,0.0,0.0,2.01,Sh,1.0,448
1098,2020,109,3.3,Sh,5,5,V,,,1.18,Sh,1.0,448
1099,2020,110,14.49,Me,6,1,S,0.0,0.0,,,,448
1100,2020,110,14.49,Me,6,2,S,0.0,0.0,,,,448
1101,2020,110,14.49,Me,6,3,M,1.0,3.0,0.48,Sh,2.0,448
1102,2020,110,14.49,Me,6,3,V,,,1.27,Sh,2.0,448
1103,2020,110,14.49,Me,6,4,M,1.0,3.0,4.0,Sh,5.0,448
1104,2020,110,14.49,Me,6,5,M,1.0,5.0,3.57,Sh,3.0,448
1105,2020,110,14.49,Me,6,6,M,1.0,6.0,9.61,Me,6.0,448
1106,2020,111,16.87,Me,9,1,B,,,,,,448
1107,2020,111,16.87,Me,9,2,M,0.0,0.0,0.29,Sh,1.0,448
1108,2020,111,16.87,Me,9,3,V,,,0.11,Sh,1.0,448
1109,2020,111,16.87,Me,9,3,M,0.0,0.0,1.39,Sh,3.0,448
1110,2020,111,16.87,Me,9,3,V,,,1.62,Sh,5.0,448
1111,2020,111,16.87,Me,9,4,M,0.0,0.0,5.79,Me,6.0,448
1112,2020,111,16.87,Me,9,5,B,,,,,,448
1113,2020,111,16.87,Me,9,6,S,0.0,0.0,,,,448
1114,2020,111,16.87,Me,9,7,M,0.0,0.0,7.42,Me,2.0,448
1115,2020,111,16.87,Me,9,8,S,0.0,0.0,,,,448
1116,2020,111,16.87,Me,9,9,M,1.0,3.0,8.82,Me,7.0,448
1117,2020,111,16.87,Me,9,9,M,0.0,0.0,5.02,Me,4.0,448
1118,2020,112,11.77,Me,9,1,V,,,,,,448
1119,2020,112,11.77,Me,9,2,S,0.0,0.0,,,,448
1120,2020,112,11.77,Me,9,3,B,,,,,,448
1121,2020,112,11.77,Me,9,4,V,,,1.24,Sh,1.0,448
1122,2020,112,11.77,Me,9,5,M,1.0,2.0,0.82,Sh,2.0,448
1123,2020,112,11.77,Me,9,6,S,0.0,0.0,,,,448
1124,2020,112,11.77,Me,9,7,V,,,3.08,Sh,3.0,448
1125,2020,112,11.77,Me,9,8,M,0.0,0.0,4.75,Sh,2.0,448
1126,2020,112,11.77,Me,9,8,M,0.0,0.0,7.59,Me,4.0,448
1127,2020,112,11.77,Me,9,9,M,1.0,1.0,4.27,Sh,6.0,448
1128,2020,113,25.76,Lo,12,1,V,,,1.29,Sh,5.0,448
1129,2020,113,25.76,Lo,12,2,V,,,4.17,Sh,6.0,448
1130,2020,113,25.76,Lo,12,3,S,0.0,0.0,,,,448
1131,2020,113,25.76,Lo,12,4,V,,,1.05,Sh,3.0,448
1132,2020,113,25.76,Lo,12,5,S,0.0,0.0,,,,448
1133,2020,113,25.76,Lo,12,6,V,,,,,,448
1134,2020,113,25.76,Lo,12,7,S,0.0,0.0,,,,448
1135,2020,113,25.76,Lo,12,8,M,0.0,0.0,7.68,Me,3.0,448
1136,2020,113,25.76,Lo,12,9,M,0.0,0.0,3.69,Sh,4.0,448
1137,2020,113,25.76,Lo,12,10,M,0.0,0.0,2.59,Sh,3.0,448
1138,2020,113,25.76,Lo,12,11,M,1.0,7.0,0.2,Sh,2.0,448
1139,2020,113,25.76,Lo,12,12,M,0.0,0.0,4.87,Sh,4.0,448
1140,2020,113,25.76,Lo,12,12,M,0.0,0.0,5.86,Me,7.0,448
1141,2020,113,25.76,Lo,12,12,M,0.0,0.0,4.62,Sh,3.0,448
1142,2020,113,25.76,Lo,12,12,M,0.0,0.0,11.57,Me,7.0,448
1143,2020,114,14.07,Me,10,1,V,,,,,,448
1144,2020,114,14.07,Me,10,1,V,,,0.22,Sh,1.0,448
1145,2020,114,14.07,Me,10,2,S,0.0,0.0,,,,448
1146,2020,114,14.07,Me,10,3,M,,,,,,448
1147,2020,114,14.07,Me,10,3,V,,,5.3,Me,5.0,448
1148,2020,114,14.07,Me,10,4,B,,,,,,448
1149,2020,114,14.07,Me,10,5,B,,,,,,448
1150,2020,114,14.07,Me,10,6,M,0.0,0.0,0.85,Sh,3.0,448
1151,2020,114,14.07,Me,10,7,M,1.0,5.0,0.9,Sh,3.0,448
1152,2020,114,14.07,Me,10,8,S,0.0,0.0,,,,448
1153,2020,114,14.07,Me,10,9,M,0.0,0.0,7.19,Me,4.0,448
1154,2020,114,14.07,Me,10,10,M,0.0,0.0,8.44,Me,6.0,448
1155,2020,115,20.03,Lo,9,1,B,,,,,,448
1156,2020,115,20.03,Lo,9,2,B,,,,,,448
1157,2020,115,20.03,Lo,9,3,S,0.0,0.0,,,,448
1158,2020,115,20.03,Lo,9,4,M,,,,,,448
1159,2020,115,20.03,Lo,9,5,M,1.0,2.0,4.48,Sh,3.0,448
1160,2020,115,20.03,Lo,9,6,M,1.0,3.0,5.11,Me,5.0,448
1161,2020,115,20.03,Lo,9,6,V,,,4.14,Sh,3.0,448
1162,2020,115,20.03,Lo,9,7,M,0.0,0.0,2.34,Sh,4.0,448
1163,2020,115,20.03,Lo,9,8,M,0.0,0.0,3.22,Sh,2.0,448
1164,2020,115,20.03,Lo,9,9,M,,,,,,448
1165,2020,116,33.39,Lo,14,1,B,,,,,,448
1166,2020,116,33.39,Lo,14,2,B,,,,,,448
1167,2020,116,33.39,Lo,14,3,V,,,0.93,Sh,5.0,448
1168,2020,116,33.39,Lo,14,3,V,,,,,,448
1169,2020,116,33.39,Lo,14,4,V,,,3.04,Sh,7.0,448
1170,2020,116,33.39,Lo,14,5,V,,,,,,448
1171,2020,116,33.39,Lo,14,6,S,0.0,0.0,,,,448
1172,2020,116,33.39,Lo,14,7,M,0.0,0.0,3.44,Sh,5.0,448
1173,2020,116,33.39,Lo,14,7,V,,,6.02,Me,7.0,448
1174,2020,116,33.39,Lo,14,7,M,0.0,0.0,5.45,Me,4.0,448
1175,2020,116,33.39,Lo,14,8,M,1.0,3.0,4.84,Sh,3.0,448
1176,2020,116,33.39,Lo,14,9,M,1.0,1.0,5.44,Me,5.0,448
1177,2020,116,33.39,Lo,14,10,M,1.0,3.0,1.91,Sh,3.0,448
1178,2020,116,33.39,Lo,14,10,M,0.0,0.0,4.87,Sh,4.0,448
1179,2020,116,33.39,Lo,14,11,V,,,4.08,Sh,5.0,448
1180,2020,116,33.39,Lo,14,12,V,,,7.08,Me,4.0,448
1181,2020,116,33.39,Lo,14,13,M,0.0,0.0,8.52,Me,7.0,448
1182,2020,116,33.39,Lo,14,14,M,1.0,2.0,12.69,Me,8.0,448
1183,2020,117,20.93,Lo,9,1,B,,,,,,448
1184,2020,117,20.93,Lo,9,2,V,,,1.05,Sh,4.0,448
1185,2020,117,20.93,Lo,9,2,V,,,,,,448
1186,2020,117,20.93,Lo,9,3,M,1.0,2.0,0.97,Sh,4.0,448
1187,2020,117,20.93,Lo,9,3,V,,,6.74,Me,5.0,448
1188,2020,117,20.93,Lo,9,4,V,,,4.89,Sh,5.0,448
1189,2020,117,20.93,Lo,9,5,M,0.0,0.0,0.67,Sh,1.0,448
1190,2020,117,20.93,Lo,9,5,M,,,,,,448
1191,2020,117,20.93,Lo,9,6,M,0.0,0.0,5.59,Me,5.0,448
1192,2020,117,20.93,Lo,9,6,V,,,0.31,Sh,1.0,448
1193,2020,117,20.93,Lo,9,7,M,1.0,1.0,1.4,Sh,1.0,448
1194,2020,117,20.93,Lo,9,8,M,1.0,5.0,7.28,Me,5.0,448
1195,2020,117,20.93,Lo,9,8,M,1.0,7.0,8.91,Me,5.0,448
1196,2020,117,20.93,Lo,9,9,V,,,2.56,Sh,1.0,448
1197,2020,118,48.62,VLo,15,1,B,,,,,,448
1198,2020,118,48.62,VLo,15,2,B,,,,,,448
1199,2020,118,48.62,VLo,15,3,S,0.0,0.0,,,,448
1200,2020,118,48.62,VLo,15,4,S,0.0,0.0,,,,448
1201,2020,118,48.62,VLo,15,5,M,1.0,4.0,4.59,Sh,5.0,448
1202,2020,118,48.62,VLo,15,5,V,,,4.77,Sh,6.0,448
1203,2020,118,48.62,VLo,15,6,M,1.0,3.0,3.0,Sh,2.0,448
1204,2020,118,48.62,VLo,15,7,S,0.0,0.0,,,,448
1205,2020,118,48.62,VLo,15,8,S,0.0,0.0,,,,448
1206,2020,118,48.62,VLo,15,9,S,0.0,0.0,,,,448
1207,2020,118,48.62,VLo,15,10,M,1.0,4.0,8.42,Me,8.0,448
1208,2020,118,48.62,VLo,15,10,M,0.0,0.0,2.91,Sh,1.0,448
1209,2020,118,48.62,VLo,15,10,M,0.0,0.0,7.43,Me,5.0,448
1210,2020,118,48.62,VLo,15,11,M,1.0,2.0,5.69,Me,3.0,448
1211,2020,118,48.62,VLo,15,11,M,1.0,5.0,7.81,Me,7.0,448
1212,2020,118,48.62,VLo,15,12,M,0.0,0.0,6.67,Me,4.0,448
1213,2020,118,48.62,VLo,15,12,V,,,4.6,Sh,5.0,448
1214,2020,118,48.62,VLo,15,13,M,0.0,0.0,1.89,Sh,7.0,448
1215,2020,118,48.62,VLo,15,14,M,1.0,1.0,7.88,Me,5.0,448
1216,2020,118,48.62,VLo,15,15,V,,,5.62,Me,4.0,448
1217,2020,118,48.62,VLo,15,15,V,,,9.22,Me,8.0,448
1218,2020,119,47.72,VLo,16,1,V,,,0.22,Sh,1.0,448
1219,2020,119,47.72,VLo,16,2,M,1.0,1.0,0.99,Sh,1.0,448
1220,2020,119,47.72,VLo,16,3,V,,,1.04,Sh,2.0,448
1221,2020,119,47.72,VLo,16,4,M,1.0,3.0,3.93,Sh,2.0,448
1222,2020,119,47.72,VLo,16,5,V,,,3.31,Sh,5.0,448
1223,2020,119,47.72,VLo,16,6,M,1.0,1.0,1.0,Sh,4.0,448
1224,2020,119,47.72,VLo,16,7,S,0.0,0.0,,,,448
1225,2020,119,47.72,VLo,16,8,S,0.0,0.0,,,,448
1226,2020,119,47.72,VLo,16,9,M,1.0,4.0,2.76,Sh,1.0,448
1227,2020,119,47.72,VLo,16,9,V,,,4.76,Sh,4.0,448
1228,2020,119,47.72,VLo,16,10,M,,,,,,448
1229,2020,119,47.72,VLo,16,10,M,1.0,3.0,4.34,Sh,5.0,448
1230,2020,119,47.72,VLo,16,11,M,0.0,0.0,2.35,Sh,3.0,448
1231,2020,119,47.72,VLo,16,12,M,1.0,2.0,5.56,Me,4.0,448
1232,2020,119,47.72,VLo,16,13,M,1.0,1.0,5.09,Me,4.0,448
1233,2020,119,47.72,VLo,16,14,V,,,11.05,Me,6.0,448
1234,2020,119,47.72,VLo,16,14,M,0.0,0.0,7.0,Me,3.0,448
1235,2020,119,47.72,VLo,16,15,M,1.0,1.0,3.51,Sh,3.0,448
1236,2020,119,47.72,VLo,16,16,V,,,11.72,Me,8.0,448
1237,2020,120,53.06,VLo,17,1,B,,,,,,448
1238,2020,120,53.06,VLo,17,2,V,,,2.06,Sh,2.0,448
1239,2020,120,53.06,VLo,17,3,M,0.0,0.0,0.95,Sh,4.0,448
1240,2020,120,53.06,VLo,17,3,M,1.0,2.0,2.58,Sh,3.0,448
1241,2020,120,53.06,VLo,17,4,M,0.0,0.0,0.48,Sh,2.0,448
1242,2020,120,53.06,VLo,17,4,V,,,3.99,Sh,10.0,448
1243,2020,120,53.06,VLo,17,4,M,0.0,0.0,5.14,Me,4.0,448
1244,2020,120,53.06,VLo,17,5,M,,,,,,448
1245,2020,120,53.06,VLo,17,6,S,0.0,0.0,,,,448
1246,2020,120,53.06,VLo,17,7,M,,,,,,448
1247,2020,120,53.06,VLo,17,8,M,0.0,0.0,0.36,Sh,3.0,448
1248,2020,120,53.06,VLo,17,9,M,1.0,2.0,5.25,Me,5.0,448
1249,2020,120,53.06,VLo,17,10,S,0.0,0.0,,,,448
1250,2020,120,53.06,VLo,17,11,S,0.0,0.0,,,,448
1251,2020,120,53.06,VLo,17,12,M,1.0,1.0,0.54,Sh,2.0,448
1252,2020,120,53.06,VLo,17,13,M,1.0,5.0,5.96,Me,5.0,448
1253,2020,120,53.06,VLo,17,14,S,0.0,0.0,,,,448
1254,2020,120,53.06,VLo,17,15,S,0.0,0.0,,,,448
1255,2020,120,53.06,VLo,17,16,V,,,5.33,Me,4.0,448
1256,2020,120,53.06,VLo,17,17,V,,,6.34,Me,5.0,448
1257,2020,120,53.06,VLo,17,17,V,,,5.2,Me,1.0,448
1258,2020,124,4.05,Sh,6,1,B,,,,,,448
1259,2020,124,4.05,Sh,6,2,B,,,,,,448
1260,2020,124,4.05,Sh,6,3,M,,,,,,448
1261,2020,124,4.05,Sh,6,3,M,0.0,0.0,0.99,Sh,2.0,448
1262,2020,124,4.05,Sh,6,4,V,,,0.95,Sh,2.0,448
1263,2020,124,4.05,Sh,6,4,M,1.0,2.0,1.71,Sh,5.0,448
1264,2020,124,4.05,Sh,6,4,V,,,4.39,Sh,3.0,448
1265,2020,124,4.05,Sh,6,5,V,,,1.92,Sh,4.0,448
1266,2020,124,4.05,Sh,6,5,V,,,3.38,Sh,5.0,448
1267,2020,124,4.05,Sh,6,6,S,0.0,0.0,,,,448
1268,2020,125,0.65,Sh,4,1,B,,,,,,448
1269,2020,125,0.65,Sh,4,2,S,0.0,0.0,,,,448
1270,2020,125,0.65,Sh,4,3,V,,,1.57,Sh,3.0,448
1271,2020,125,0.65,Sh,4,4,M,0.0,0.0,1.65,Sh,3.0,448
1272,2020,125,0.65,Sh,4,4,M,0.0,0.0,1.98,Sh,1.0,448
1273,2020,126,3.26,Sh,3,1,B,,,,,,448
1274,2020,126,3.26,Sh,3,2,V,,,0.8,Sh,4.0,448
1275,2020,126,3.26,Sh,3,3,M,1.0,5.0,7.98,Me,8.0,448
1276,2020,127,3.85,Sh,3,1,B,,,,,,448
1277,2020,127,3.85,Sh,3,2,B,,,,,,448
1278,2020,127,3.85,Sh,3,3,M,0.0,0.0,8.13,Me,6.0,448
1279,2020,128,10.77,Me,8,1,B,,,,,,448
1280,2020,128,10.77,Me,8,2,V,,,1.64,Sh,2.0,448
1281,2020,128,10.77,Me,8,2,V,,,0.62,Sh,1.0,448
1282,2020,128,10.77,Me,8,3,S,0.0,0.0,,,,448
1283,2020,128,10.77,Me,8,4,B,,,,,,448
1284,2020,128,10.77,Me,8,5,S,0.0,0.0,,,,448
1285,2020,128,10.77,Me,8,6,V,,,3.26,Sh,5.0,448
1286,2020,128,10.77,Me,8,7,S,0.0,0.0,,,,448
1287,2020,128,10.77,Me,8,8,M,0.0,0.0,0.86,Sh,3.0,448
1288,2020,129,11.56,Me,5,1,M,,,,,,448
1289,2020,129,11.56,Me,5,2,V,,,2.27,Sh,5.0,448
1290,2020,129,11.56,Me,5,3,M,1.0,3.0,5.47,Me,3.0,448
1291,2020,129,11.56,Me,5,4,V,,,3.33,Sh,4.0,448
1292,2020,129,11.56,Me,5,4,M,0.0,0.0,3.0,Sh,3.0,448
1293,2020,129,11.56,Me,5,5,V,,,7.86,Me,6.0,448
1294,2020,130,1.36,Sh,2,1,V,,,,,,448
1295,2020,130,1.36,Sh,2,1,V,,,0.33,Sh,5.0,448
1296,2020,130,1.36,Sh,2,2,V,,,6.92,Me,3.0,448
1297,2020,130,1.36,Sh,2,2,V,,,6.32,Me,6.0,448
1298,2020,131,11.79,Me,8,1,B,,,,,,448
1299,2020,131,11.79,Me,8,2,B,,,,,,448
1300,2020,131,11.79,Me,8,3,V,,,2.24,Sh,1.0,448
1301,2020,131,11.79,Me,8,4,V,,,4.36,Sh,5.0,448
1302,2020,131,11.79,Me,8,5,S,0.0,0.0,,,,448
1303,2020,131,11.79,Me,8,6,V,,,2.56,Sh,1.0,448
1304,2020,131,11.79,Me,8,7,M,0.0,0.0,6.71,Me,6.0,448
1305,2020,131,11.79,Me,8,8,M,1.0,5.0,3.37,Sh,5.0,448
1306,2020,132,11.78,Me,9,1,V,,,3.26,Sh,7.0,448
1307,2020,132,11.78,Me,9,2,V,,,1.83,Sh,3.0,448
1308,2020,132,11.78,Me,9,2,V,,,4.33,Sh,4.0,448
1309,2020,132,11.78,Me,9,3,S,0.0,0.0,,,,448
1310,2020,132,11.78,Me,9,4,S,0.0,0.0,,,,448
1311,2020,132,11.78,Me,9,5,S,0.0,0.0,,,,448
1312,2020,132,11.78,Me,9,6,S,0.0,0.0,,,,448
1313,2020,132,11.78,Me,9,7,M,0.0,0.0,0.8,Sh,1.0,448
1314,2020,132,11.78,Me,9,8,M,0.0,0.0,2.65,Sh,3.0,448
1315,2020,132,11.78,Me,9,9,M,0.0,0.0,7.49,Me,7.0,448
1316,2020,132,11.78,Me,9,9,M,0.0,0.0,6.66,Me,4.0,448
1317,2020,132,11.78,Me,9,9,V,,,3.35,Sh,4.0,448
1318,2020,132,11.78,Me,9,9,M,0.0,0.0,9.57,Me,9.0,448
1319,2020,133,20.13,Lo,8,1,V,,,,,,448
1320,2020,133,20.13,Lo,8,2,B,,,,,,448
1321,2020,133,20.13,Lo,8,3,V,,,1.22,Sh,1.0,448
1322,2020,133,20.13,Lo,8,3,V,,,,,,448
1323,2020,133,20.13,Lo,8,4,M,0.0,0.0,6.22,Me,3.0,448
1324,2020,133,20.13,Lo,8,4,M,1.0,6.0,3.85,Sh,2.0,448
1325,2020,133,20.13,Lo,8,4,M,1.0,4.0,4.32,Sh,4.0,448
1326,2020,133,20.13,Lo,8,5,V,,,1.08,Sh,2.0,448
1327,2020,133,20.13,Lo,8,5,M,0.0,0.0,6.76,Me,6.0,448
1328,2020,133,20.13,Lo,8,5,M,1.0,3.0,3.33,Sh,6.0,448
1329,2020,133,20.13,Lo,8,5,M,0.0,0.0,1.67,Sh,1.0,448
1330,2020,133,20.13,Lo,8,6,M,0.0,0.0,0.67,Sh,2.0,448
1331,2020,133,20.13,Lo,8,7,M,0.0,0.0,3.15,Sh,4.0,448
1332,2020,133,20.13,Lo,8,7,V,,,7.27,Me,3.0,448
1333,2020,133,20.13,Lo,8,8,M,1.0,5.0,0.78,Sh,2.0,448
1334,2020,133,20.13,Lo,8,8,M,0.0,0.0,12.66,Me,9.0,448
1335,2020,133,20.13,Lo,8,8,M,0.0,0.0,4.35,Sh,7.0,448
1336,2020,134,19.6,Me,8,1,B,,,,,,448
1337,2020,134,19.6,Me,8,2,M,1.0,1.0,2.15,Sh,3.0,448
1338,2020,134,19.6,Me,8,3,M,1.0,1.0,1.53,Sh,1.0,448
1339,2020,134,19.6,Me,8,4,M,0.0,0.0,1.51,Sh,4.0,448
1340,2020,134,19.6,Me,8,5,M,1.0,2.0,1.98,Sh,1.0,448
1341,2020,134,19.6,Me,8,6,M,0.0,0.0,6.63,Me,7.0,448
1342,2020,134,19.6,Me,8,7,V,,,0.66,Sh,3.0,448
1343,2020,134,19.6,Me,8,8,M,0.0,0.0,4.48,Sh,3.0,448
1344,2020,134,19.6,Me,8,8,V,,,5.94,Me,3.0,448
1345,2020,135,49.81,VLo,18,1,S,0.0,0.0,,,,448
1346,2020,135,49.81,VLo,18,2,M,0.0,0.0,3.49,Sh,3.0,448
1347,2020,135,49.81,VLo,18,3,V,,,4.08,Sh,2.0,448
1348,2020,135,49.81,VLo,18,4,V,,,3.63,Sh,4.0,448
1349,2020,135,49.81,VLo,18,5,M,1.0,3.0,0.39,Sh,3.0,448
1350,2020,135,49.81,VLo,18,6,M,,,,,,448
1351,2020,135,49.81,VLo,18,7,V,,,6.04,Me,7.0,448
1352,2020,135,49.81,VLo,18,8,M,1.0,3.0,8.13,Me,4.0,448
1353,2020,135,49.81,VLo,18,9,V,,,,,,448
1354,2020,135,49.81,VLo,18,10,V,,,3.59,Sh,7.0,448
1355,2020,135,49.81,VLo,18,11,S,0.0,0.0,,,,448
1356,2020,135,49.81,VLo,18,12,S,0.0,0.0,,,,448
1357,2020,135,49.81,VLo,18,13,M,0.0,0.0,3.51,Sh,3.0,448
1358,2020,135,49.81,VLo,18,13,M,1.0,3.0,7.76,Me,6.0,448
1359,2020,135,49.81,VLo,18,14,M,1.0,3.0,9.23,Me,2.0,448
1360,2020,135,49.81,VLo,18,15,V,,,6.11,Me,4.0,448
1361,2020,135,49.81,VLo,18,16,V,,,4.62,Sh,5.0,448
1362,2020,135,49.81,VLo,18,17,V,,,5.63,Me,3.0,448
1363,2020,135,49.81,VLo,18,17,M,0.0,0.0,9.08,Me,7.0,448
1364,2020,135,49.81,VLo,18,18,V,,,2.49,Sh,1.0,448
1365,2020,136,26.01,Lo,15,1,B,,,,,,448
1366,2020,136,26.01,Lo,15,2,S,0.0,0.0,,,,448
1367,2020,136,26.01,Lo,15,3,V,,,0.52,Sh,1.0,448
1368,2020,136,26.01,Lo,15,3,V,,,,,,448
1369,2020,136,26.01,Lo,15,3,V,,,3.55,Sh,6.0,448
1370,2020,136,26.01,Lo,15,3,M,1.0,3.0,1.43,Sh,3.0,448
1371,2020,136,26.01,Lo,15,4,S,0.0,0.0,,,,448
1372,2020,136,26.01,Lo,15,5,M,1.0,1.0,2.59,Sh,4.0,448
1373,2020,136,26.01,Lo,15,5,M,0.0,0.0,2.74,Sh,2.0,448
1374,2020,136,26.01,Lo,15,6,V,,,,,,448
1375,2020,136,26.01,Lo,15,7,V,,,1.78,Sh,7.0,448
1376,2020,136,26.01,Lo,15,8,S,0.0,0.0,,,,448
1377,2020,136,26.01,Lo,15,9,S,0.0,0.0,,,,448
1378,2020,136,26.01,Lo,15,10,M,0.0,0.0,5.52,Me,3.0,448
1379,2020,136,26.01,Lo,15,11,M,0.0,0.0,4.24,Sh,4.0,448
1380,2020,136,26.01,Lo,15,12,V,,,8.8,Me,7.0,448
1381,2020,136,26.01,Lo,15,12,M,1.0,5.0,8.62,Me,5.0,448
1382,2020,136,26.01,Lo,15,13,V,,,4.81,Sh,4.0,448
1383,2020,136,26.01,Lo,15,14,M,0.0,0.0,5.23,Me,2.0,448
1384,2020,136,26.01,Lo,15,15,V,,,7.07,Me,5.0,448
1385,2020,137,23.12,Lo,13,1,M,0.0,0.0,0.76,Sh,6.0,448
1386,2020,137,23.12,Lo,13,1,V,,,5.76,Me,5.0,448
1387,2020,137,23.12,Lo,13,2,S,0.0,0.0,,,,448
1388,2020,137,23.12,Lo,13,3,S,0.0,0.0,,,,448
1389,2020,137,23.12,Lo,13,4,V,,,1.46,Sh,1.0,448
1390,2020,137,23.12,Lo,13,4,M,1.0,1.0,5.49,Me,3.0,448
1391,2020,137,23.12,Lo,13,5,M,1.0,3.0,2.93,Sh,1.0,448
1392,2020,137,23.12,Lo,13,6,B,,,,,,448
1393,2020,137,23.12,Lo,13,7,M,0.0,0.0,4.75,Sh,4.0,448
1394,2020,137,23.12,Lo,13,7,M,0.0,0.0,4.35,Sh,4.0,448
1395,2020,137,23.12,Lo,13,7,M,1.0,2.0,6.09,Me,4.0,448
1396,2020,137,23.12,Lo,13,8,S,0.0,0.0,,,,448
1397,2020,137,23.12,Lo,13,9,S,0.0,0.0,,,,448
1398,2020,137,23.12,Lo,13,10,M,1.0,1.0,6.66,Me,9.0,448
1399,2020,137,23.12,Lo,13,11,M,0.0,0.0,1.62,Sh,4.0,448
1400,2020,137,23.12,Lo,13,12,V,,,1.55,Sh,4.0,448
1401,2020,137,23.12,Lo,13,13,V,,,5.1,Me,2.0,448
1402,2020,137,23.12,Lo,13,13,M,1.0,4.0,2.05,Sh,5.0,448
1403,2020,138,38.49,Lo,17,1,B,,,,,,448
1404,2020,138,38.49,Lo,17,2,B,,,,,,448
1405,2020,138,38.49,Lo,17,3,V,,,3.81,Sh,4.0,448
1406,2020,138,38.49,Lo,17,4,M,1.0,3.0,2.46,Sh,5.0,448
1407,2020,138,38.49,Lo,17,4,M,0.0,0.0,1.17,Sh,1.0,448
1408,2020,138,38.49,Lo,17,5,M,,,,,,448
1409,2020,138,38.49,Lo,17,6,S,0.0,0.0,,,,448
1410,2020,138,38.49,Lo,17,7,M,0.0,0.0,3.68,Sh,2.0,448
1411,2020,138,38.49,Lo,17,8,S,0.0,0.0,,,,448
1412,2020,138,38.49,Lo,17,9,S,0.0,0.0,,,,448
1413,2020,138,38.49,Lo,17,10,S,0.0,0.0,,,,448
1414,2020,138,38.49,Lo,17,11,V,,,6.09,Me,3.0,448
1415,2020,138,38.49,Lo,17,12,S,0.0,0.0,,,,448
1416,2020,138,38.49,Lo,17,13,S,0.0,0.0,,,,448
1417,2020,138,38.49,Lo,17,14,S,0.0,0.0,,,,448
1418,2020,138,38.49,Lo,17,15,M,0.0,0.0,3.28,Sh,2.0,448
1419,2020,138,38.49,Lo,17,15,M,0.0,0.0,4.52,Sh,5.0,448
1420,2020,138,38.49,Lo,17,16,V,,,10.17,Me,5.0,448
1421,2020,138,38.49,Lo,17,16,V,,,3.0,Sh,2.0,448
1422,2020,138,38.49,Lo,17,17,M,0.0,0.0,5.37,Me,4.0,448
1423,2020,138,38.49,Lo,17,17,M,0.0,0.0,8.27,Me,5.0,448
1424,2020,138,38.49,Lo,17,17,M,0.0,0.0,6.52,Me,6.0,448
1425,2020,139,42.81,VLo,15,1,V,,,1.96,Sh,6.0,448
1426,2020,139,42.81,VLo,15,2,B,,,,,,448
1427,2020,139,42.81,VLo,15,3,V,,,,,,448
1428,2020,139,42.81,VLo,15,4,M,1.0,1.0,2.58,Sh,4.0,448
1429,2020,139,42.81,VLo,15,5,B,,,,,,448
1430,2020,139,42.81,VLo,15,6,V,,,0.81,Sh,3.0,448
1431,2020,139,42.81,VLo,15,7,B,,,,,,448
1432,2020,139,42.81,VLo,15,8,S,0.0,0.0,,,,448
1433,2020,139,42.81,VLo,15,9,M,1.0,1.0,6.65,Me,7.0,448
1434,2020,139,42.81,VLo,15,10,V,,,4.53,Sh,4.0,448
1435,2020,139,42.81,VLo,15,11,V,,,1.68,Sh,2.0,448
1436,2020,139,42.81,VLo,15,11,M,1.0,9.0,7.13,Me,3.0,448
1437,2020,139,42.81,VLo,15,12,M,0.0,0.0,6.13,Me,4.0,448
1438,2020,139,42.81,VLo,15,12,M,1.0,6.0,2.76,Sh,4.0,448
1439,2020,139,42.81,VLo,15,13,V,,,4.26,Sh,3.0,448
1440,2020,139,42.81,VLo,15,13,V,,,2.84,Sh,2.0,448
1441,2020,139,42.81,VLo,15,14,M,0.0,0.0,3.78,Sh,7.0,448
1442,2020,139,42.81,VLo,15,15,V,,,6.4,Me,8.0,448
1443,2020,140,33.86,Lo,10,1,M,,,,,,448
1444,2020,140,33.86,Lo,10,2,V,,,3.17,Sh,2.0,448
1445,2020,140,33.86,Lo,10,3,M,1.0,1.0,1.14,Sh,3.0,448
1446,2020,140,33.86,Lo,10,3,V,,,,,,448
1447,2020,140,33.86,Lo,10,4,M,0.0,0.0,3.17,Sh,1.0,448
1448,2020,140,33.86,Lo,10,5,S,0.0,0.0,,,,448
1449,2020,140,33.86,Lo,10,6,S,0.0,0.0,,,,448
1450,2020,140,33.86,Lo,10,7,M,0.0,0.0,6.22,Me,6.0,448
1451,2020,140,33.86,Lo,10,8,M,1.0,3.0,6.32,Me,3.0,448
1452,2020,140,33.86,Lo,10,9,M,0.0,0.0,3.39,Sh,4.0,448
1453,2020,140,33.86,Lo,10,10,M,1.0,4.0,7.91,Me,12.0,448
1454,2020,140,33.86,Lo,10,10,M,0.0,0.0,5.83,Me,7.0,448
1455,2020,141,53.7,VLo,16,1,V,,,4.59,Sh,3.0,448
1456,2020,141,53.7,VLo,16,2,B,,,,,,448
1457,2020,141,53.7,VLo,16,3,V,,,,,,448
1458,2020,141,53.7,VLo,16,4,B,,,,,,448
1459,2020,141,53.7,VLo,16,5,M,1.0,4.0,2.56,Sh,4.0,448
1460,2020,141,53.7,VLo,16,5,V,,,,,,448
1461,2020,141,53.7,VLo,16,6,S,0.0,0.0,,,,448
1462,2020,141,53.7,VLo,16,7,M,,,,,,448
1463,2020,141,53.7,VLo,16,7,M,1.0,6.0,3.68,Sh,4.0,448
1464,2020,141,53.7,VLo,16,7,V,,,7.64,Me,1.0,448
1465,2020,141,53.7,VLo,16,8,M,0.0,0.0,2.2,Sh,5.0,448
1466,2020,141,53.7,VLo,16,9,M,1.0,2.0,5.62,Me,7.0,448
1467,2020,141,53.7,VLo,16,9,M,0.0,0.0,7.65,Me,7.0,448
1468,2020,141,53.7,VLo,16,10,M,1.0,3.0,5.12,Me,4.0,448
1469,2020,141,53.7,VLo,16,11,S,0.0,0.0,,,,448
1470,2020,141,53.7,VLo,16,12,M,1.0,3.0,8.7,Me,5.0,448
1471,2020,141,53.7,VLo,16,13,S,0.0,0.0,,,,448
1472,2020,141,53.7,VLo,16,14,M,1.0,4.0,6.52,Me,8.0,448
1473,2020,141,53.7,VLo,16,15,M,1.0,3.0,8.16,Me,5.0,448
1474,2020,141,53.7,VLo,16,16,V,,,8.43,Me,2.0,448
1475,2020,142,47.49,VLo,18,1,B,,,,,,448
1476,2020,142,47.49,VLo,18,2,B,,,,,,448
1477,2020,142,47.49,VLo,18,3,M,,,,,,448
1478,2020,142,47.49,VLo,18,4,B,,,,,,448
1479,2020,142,47.49,VLo,18,5,S,0.0,0.0,,,,448
1480,2020,142,47.49,VLo,18,6,M,1.0,3.0,6.75,Me,4.0,448
1481,2020,142,47.49,VLo,18,7,S,0.0,0.0,,,,448
1482,2020,142,47.49,VLo,18,8,V,,,8.38,Me,5.0,448
1483,2020,142,47.49,VLo,18,9,M,0.0,0.0,3.17,Sh,3.0,448
1484,2020,142,47.49,VLo,18,10,S,0.0,0.0,,,,448
1485,2020,142,47.49,VLo,18,11,M,0.0,0.0,2.89,Sh,6.0,448
1486,2020,142,47.49,VLo,18,12,M,0.0,0.0,8.08,Me,10.0,448
1487,2020,142,47.49,VLo,18,12,M,0.0,0.0,5.33,Me,3.0,448
1488,2020,142,47.49,VLo,18,12,V,,,,,,448
1489,2020,142,47.49,VLo,18,13,V,,,5.01,Me,4.0,448
1490,2020,142,47.49,VLo,18,14,S,0.0,0.0,,,,448
1491,2020,142,47.49,VLo,18,15,V,,,6.65,Me,9.0,448
1492,2020,142,47.49,VLo,18,16,M,0.0,0.0,7.5,Me,9.0,448
1493,2020,142,47.49,VLo,18,17,M,1.0,5.0,5.08,Me,3.0,448
1494,2020,142,47.49,VLo,18,18,V,,,5.93,Me,6.0,448
1495,2020,146,8.14,Me,4,1,B,,,,,,448
1496,2020,146,8.14,Me,4,2,V,,,2.59,Sh,2.0,448
1497,2020,146,8.14,Me,4,2,M,0.0,0.0,1.37,Sh,2.0,448
1498,2020,146,8.14,Me,4,2,V,,,1.56,Sh,1.0,448
1499,2020,146,8.14,Me,4,3,V,,,,,,448
1500,2020,146,8.14,Me,4,3,M,1.0,2.0,0.42,Sh,1.0,448
1501,2020,146,8.14,Me,4,3,M,1.0,6.0,2.67,Sh,6.0,448
1502,2020,146,8.14,Me,4,4,M,0.0,0.0,3.39,Sh,3.0,448
1503,2020,146,8.14,Me,4,4,M,,,,,,448
1504,2020,147,10.28,Me,4,1,V,,,2.33,Sh,2.0,448
1505,2020,147,10.28,Me,4,1,V,,,1.15,Sh,4.0,448
1506,2020,147,10.28,Me,4,2,V,,,,,,448
1507,2020,147,10.28,Me,4,2,M,1.0,2.0,1.17,Sh,2.0,448
1508,2020,147,10.28,Me,4,3,M,0.0,0.0,2.85,Sh,1.0,448
1509,2020,147,10.28,Me,4,3,M,0.0,0.0,5.68,Me,4.0,448
1510,2020,147,10.28,Me,4,3,V,,,1.86,Sh,3.0,448
1511,2020,147,10.28,Me,4,4,S,0.0,0.0,,,,448
1512,2020,148,11.51,Me,4,1,B,,,,,,448
1513,2020,148,11.51,Me,4,2,V,,,2.88,Sh,3.0,448
1514,2020,148,11.51,Me,4,3,B,,,,,,448
1515,2020,148,11.51,Me,4,4,V,,,8.55,Me,6.0,448
1516,2020,148,11.51,Me,4,4,M,0.0,0.0,7.2,Me,5.0,448
1517,2020,148,11.51,Me,4,4,V,,,4.23,Sh,7.0,448
1518,2020,149,9.03,Me,5,1,V,,,1.32,Sh,2.0,448
1519,2020,149,9.03,Me,5,1,M,,,,,,448
1520,2020,149,9.03,Me,5,2,V,,,1.61,Sh,4.0,448
1521,2020,149,9.03,Me,5,3,V,,,3.55,Sh,5.0,448
1522,2020,149,9.03,Me,5,3,V,,,0.68,Sh,1.0,448
1523,2020,149,9.03,Me,5,3,M,0.0,0.0,7.59,Me,4.0,448
1524,2020,149,9.03,Me,5,3,V,,,0.93,Sh,3.0,448
1525,2020,149,9.03,Me,5,4,V,,,5.74,Me,6.0,448
1526,2020,149,9.03,Me,5,5,M,0.0,0.0,6.96,Me,7.0,448
1527,2020,149,9.03,Me,5,5,V,,,8.54,Me,3.0,448
1528,2020,149,9.03,Me,5,5,M,0.0,0.0,1.41,Sh,2.0,448
1529,2020,150,3.55,Sh,5,1,M,,,,,,448
1530,2020,150,3.55,Sh,5,2,M,0.0,0.0,1.66,Sh,1.0,448
1531,2020,150,3.55,Sh,5,2,M,0.0,0.0,2.63,Sh,2.0,448
1532,2020,150,3.55,Sh,5,3,V,,,0.5,Sh,2.0,448
1533,2020,150,3.55,Sh,5,3,V,,,1.97,Sh,4.0,448
1534,2020,150,3.55,Sh,5,4,V,,,0.24,Sh,2.0,448
1535,2020,150,3.55,Sh,5,5,M,0.0,0.0,3.68,Sh,3.0,448
1536,2020,151,4.47,Sh,5,1,V,,,2.09,Sh,1.0,448
1537,2020,151,4.47,Sh,5,2,M,1.0,3.0,2.91,Sh,3.0,448
1538,2020,151,4.47,Sh,5,2,V,,,3.24,Sh,8.0,448
1539,2020,151,4.47,Sh,5,3,S,0.0,0.0,,,,448
1540,2020,151,4.47,Sh,5,4,M,1.0,2.0,5.53,Me,5.0,448
1541,2020,151,4.47,Sh,5,4,M,0.0,0.0,3.22,Sh,6.0,448
1542,2020,151,4.47,Sh,5,5,V,,,8.27,Me,6.0,448
1543,2020,152,10.42,Me,7,1,V,,,1.67,Sh,2.0,448
1544,2020,152,10.42,Me,7,2,V,,,,,,448
1545,2020,152,10.42,Me,7,3,S,0.0,0.0,,,,448
1546,2020,152,10.42,Me,7,4,S,0.0,0.0,,,,448
1547,2020,152,10.42,Me,7,5,B,,,,,,448
1548,2020,152,10.42,Me,7,6,S,0.0,0.0,,,,448
1549,2020,152,10.42,Me,7,7,M,1.0,4.0,3.15,Sh,6.0,448
1550,2020,153,12.97,Me,7,1,V,,,,,,448
1551,2020,153,12.97,Me,7,1,V,,,4.04,Sh,4.0,448
1552,2020,153,12.97,Me,7,2,M,0.0,0.0,5.03,Me,7.0,448
1553,2020,153,12.97,Me,7,2,V,,,2.6,Sh,1.0,448
1554,2020,153,12.97,Me,7,2,V,,,3.81,Sh,4.0,448
1555,2020,153,12.97,Me,7,3,M,0.0,0.0,2.73,Sh,4.0,448
1556,2020,153,12.97,Me,7,4,V,,,2.48,Sh,3.0,448
1557,2020,153,12.97,Me,7,5,S,0.0,0.0,,,,448
1558,2020,153,12.97,Me,7,6,V,,,4.99,Sh,4.0,448
1559,2020,153,12.97,Me,7,6,M,0.0,0.0,5.85,Me,4.0,448
1560,2020,153,12.97,Me,7,6,M,0.0,0.0,2.8,Sh,3.0,448
1561,2020,153,12.97,Me,7,7,M,0.0,0.0,2.91,Sh,2.0,448
1562,2020,154,13.41,Me,11,1,B,,,,,,448
1563,2020,154,13.41,Me,11,2,M,1.0,2.0,0.58,Sh,5.0,448
1564,2020,154,13.41,Me,11,3,S,0.0,0.0,,,,448
1565,2020,154,13.41,Me,11,4,S,0.0,0.0,,,,448
1566,2020,154,13.41,Me,11,5,M,1.0,2.0,6.72,Me,6.0,448
1567,2020,154,13.41,Me,11,5,M,,,,,,448
1568,2020,154,13.41,Me,11,6,S,0.0,0.0,,,,448
1569,2020,154,13.41,Me,11,7,S,0.0,0.0,,,,448
1570,2020,154,13.41,Me,11,8,S,0.0,0.0,,,,448
1571,2020,154,13.41,Me,11,9,M,1.0,8.0,3.27,Sh,2.0,448
1572,2020,154,13.41,Me,11,10,M,0.0,0.0,2.82,Sh,3.0,448
1573,2020,154,13.41,Me,11,11,M,0.0,0.0,4.48,Sh,3.0,448
1574,2020,155,19.58,Me,10,1,V,,,,,,448
1575,2020,155,19.58,Me,10,1,M,1.0,4.0,3.87,Sh,3.0,448
1576,2020,155,19.58,Me,10,1,V,,,2.46,Sh,4.0,448
1577,2020,155,19.58,Me,10,2,M,,,,,,448
1578,2020,155,19.58,Me,10,3,M,0.0,0.0,2.55,Sh,3.0,448
1579,2020,155,19.58,Me,10,3,M,0.0,0.0,0.63,Sh,2.0,448
1580,2020,155,19.58,Me,10,4,M,0.0,0.0,4.67,Sh,2.0,448
1581,2020,155,19.58,Me,10,5,B,,,,,,448
1582,2020,155,19.58,Me,10,6,V,,,4.99,Sh,2.0,448
1583,2020,155,19.58,Me,10,7,M,1.0,4.0,2.72,Sh,2.0,448
1584,2020,155,19.58,Me,10,8,S,0.0,0.0,,,,448
1585,2020,155,19.58,Me,10,9,V,,,4.61,Sh,4.0,448
1586,2020,155,19.58,Me,10,10,S,0.0,0.0,,,,448
1587,2020,156,20.05,Lo,10,1,B,,,,,,448
1588,2020,156,20.05,Lo,10,2,V,,,1.23,Sh,1.0,448
1589,2020,156,20.05,Lo,10,3,B,,,,,,448
1590,2020,156,20.05,Lo,10,4,M,0.0,0.0,2.26,Sh,2.0,448
1591,2020,156,20.05,Lo,10,5,B,,,,,,448
1592,2020,156,20.05,Lo,10,6,S,0.0,0.0,,,,448
1593,2020,156,20.05,Lo,10,7,M,1.0,1.0,4.26,Sh,4.0,448
1594,2020,156,20.05,Lo,10,8,V,,,3.08,Sh,2.0,448
1595,2020,156,20.05,Lo,10,9,V,,,4.73,Sh,5.0,448
1596,2020,156,20.05,Lo,10,9,M,0.0,0.0,2.56,Sh,1.0,448
1597,2020,156,20.05,Lo,10,10,M,0.0,0.0,8.38,Me,9.0,448
1598,2020,157,9.98,Me,7,1,V,,,,,,448
1599,2020,157,9.98,Me,7,2,B,,,,,,448
1600,2020,157,9.98,Me,7,3,V,,,3.83,Sh,3.0,448
1601,2020,157,9.98,Me,7,4,S,0.0,0.0,,,,448
1602,2020,157,9.98,Me,7,5,V,,,2.57,Sh,4.0,448
1603,2020,157,9.98,Me,7,5,V,,,1.58,Sh,4.0,448
1604,2020,157,9.98,Me,7,6,V,,,6.86,Me,6.0,448
1605,2020,157,9.98,Me,7,7,M,0.0,0.0,2.37,Sh,4.0,448
1606,2020,158,30.46,Lo,15,1,B,,,,,,448
1607,2020,158,30.46,Lo,15,2,M,0.0,0.0,1.21,Sh,2.0,448
1608,2020,158,30.46,Lo,15,3,V,,,,,,448
1609,2020,158,30.46,Lo,15,4,M,0.0,0.0,2.12,Sh,3.0,448
1610,2020,158,30.46,Lo,15,4,V,,,0.19,Sh,1.0,448
1611,2020,158,30.46,Lo,15,5,S,0.0,0.0,,,,448
1612,2020,158,30.46,Lo,15,6,S,0.0,0.0,,,,448
1613,2020,158,30.46,Lo,15,7,S,0.0,0.0,,,,448
1614,2020,158,30.46,Lo,15,8,S,0.0,0.0,,,,448
1615,2020,158,30.46,Lo,15,9,S,0.0,0.0,,,,448
1616,2020,158,30.46,Lo,15,10,M,,,,,,448
1617,2020,158,30.46,Lo,15,10,M,1.0,7.0,2.62,Sh,3.0,448
1618,2020,158,30.46,Lo,15,10,M,0.0,0.0,3.53,Sh,2.0,448
1619,2020,158,30.46,Lo,15,11,M,0.0,0.0,6.79,Me,7.0,448
1620,2020,158,30.46,Lo,15,12,M,0.0,0.0,5.39,Me,10.0,448
1621,2020,158,30.46,Lo,15,12,M,0.0,0.0,4.1,Sh,3.0,448
1622,2020,158,30.46,Lo,15,12,V,,,7.69,Me,5.0,448
1623,2020,158,30.46,Lo,15,12,V,,,5.38,Me,5.0,448
1624,2020,158,30.46,Lo,15,13,V,,,1.28,Sh,3.0,448
1625,2020,158,30.46,Lo,15,13,V,,,4.2,Sh,3.0,448
1626,2020,158,30.46,Lo,15,14,M,0.0,0.0,4.15,Sh,3.0,448
1627,2020,158,30.46,Lo,15,15,M,0.0,0.0,10.55,Me,7.0,448
1628,2020,159,25.26,Lo,10,1,S,0.0,0.0,,,,448
1629,2020,159,25.26,Lo,10,2,B,,,,,,448
1630,2020,159,25.26,Lo,10,3,M,0.0,0.0,3.77,Sh,5.0,448
1631,2020,159,25.26,Lo,10,4,V,,,3.0,Sh,3.0,448
1632,2020,159,25.26,Lo,10,5,V,,,1.46,Sh,4.0,448
1633,2020,159,25.26,Lo,10,6,S,0.0,0.0,,,,448
1634,2020,159,25.26,Lo,10,7,M,0.0,0.0,5.62,Me,4.0,448
1635,2020,159,25.26,Lo,10,8,M,0.0,0.0,6.33,Me,4.0,448
1636,2020,159,25.26,Lo,10,8,V,,,7.6,Me,3.0,448
1637,2020,159,25.26,Lo,10,9,S,0.0,0.0,,,,448
1638,2020,159,25.26,Lo,10,10,M,0.0,0.0,4.88,Sh,5.0,448
1639,2020,159,25.26,Lo,10,10,V,,,11.82,Me,8.0,448
1640,2020,160,39.69,Lo,14,1,V,,,,,,448
1641,2020,160,39.69,Lo,14,2,M,,,,,,448
1642,2020,160,39.69,Lo,14,2,V,,,3.16,Sh,4.0,448
1643,2020,160,39.69,Lo,14,3,V,,,1.43,Sh,3.0,448
1644,2020,160,39.69,Lo,14,3,M,,,,,,448
1645,2020,160,39.69,Lo,14,4,V,,,,,,448
1646,2020,160,39.69,Lo,14,5,B,,,,,,448
1647,2020,160,39.69,Lo,14,6,V,,,5.78,Me,4.0,448
1648,2020,160,39.69,Lo,14,6,V,,,5.77,Me,4.0,448
1649,2020,160,39.69,Lo,14,7,M,1.0,1.0,0.48,Sh,2.0,448
1650,2020,160,39.69,Lo,14,8,S,0.0,0.0,,,,448
1651,2020,160,39.69,Lo,14,9,M,,,,,,448
1652,2020,160,39.69,Lo,14,9,V,,,5.61,Me,6.0,448
1653,2020,160,39.69,Lo,14,10,V,,,3.96,Sh,4.0,448
1654,2020,160,39.69,Lo,14,11,M,0.0,0.0,10.76,Me,7.0,448
1655,2020,160,39.69,Lo,14,12,V,,,2.05,Sh,1.0,448
1656,2020,160,39.69,Lo,14,13,M,0.0,0.0,4.62,Sh,4.0,448
1657,2020,160,39.69,Lo,14,13,M,0.0,0.0,4.4,Sh,3.0,448
1658,2020,160,39.69,Lo,14,14,V,,,7.51,Me,5.0,448
1659,2020,160,39.69,Lo,14,14,V,,,6.74,Me,2.0,448
1660,2020,160,39.69,Lo,14,14,V,,,6.43,Me,8.0,448
1661,2020,161,22.09,Lo,11,1,B,,,,,,448
1662,2020,161,22.09,Lo,11,2,V,,,,,,448
1663,2020,161,22.09,Lo,11,3,V,,,0.62,Sh,2.0,448
1664,2020,161,22.09,Lo,11,3,M,0.0,0.0,3.44,Sh,5.0,448
1665,2020,161,22.09,Lo,11,4,M,0.0,0.0,5.88,Me,3.0,448
1666,2020,161,22.09,Lo,11,5,V,,,,,,448
1667,2020,161,22.09,Lo,11,6,M,0.0,0.0,2.35,Sh,2.0,448
1668,2020,161,22.09,Lo,11,7,S,0.0,0.0,,,,448
1669,2020,161,22.09,Lo,11,8,M,1.0,5.0,1.63,Sh,1.0,448
1670,2020,161,22.09,Lo,11,8,V,,,3.37,Sh,4.0,448
1671,2020,161,22.09,Lo,11,8,M,0.0,0.0,4.43,Sh,7.0,448
1672,2020,161,22.09,Lo,11,9,S,0.0,0.0,,,,448
1673,2020,161,22.09,Lo,11,10,M,0.0,0.0,5.17,Me,3.0,448
1674,2020,161,22.09,Lo,11,11,M,0.0,0.0,3.07,Sh,1.0,448
1675,2020,161,22.09,Lo,11,11,M,1.0,5.0,3.87,Sh,3.0,448
1676,2020,162,39.28,Lo,17,1,V,,,1.39,Sh,5.0,448
1677,2020,162,39.28,Lo,17,2,B,,,,,,448
1678,2020,162,39.28,Lo,17,3,V,,,4.61,Sh,4.0,448
1679,2020,162,39.28,Lo,17,3,M,,,,,,448
1680,2020,162,39.28,Lo,17,4,M,1.0,2.0,1.52,Sh,3.0,448
1681,2020,162,39.28,Lo,17,4,V,,,1.93,Sh,4.0,448
1682,2020,162,39.28,Lo,17,5,V,,,7.89,Me,8.0,448
1683,2020,162,39.28,Lo,17,6,V,,,2.82,Sh,3.0,448
1684,2020,162,39.28,Lo,17,6,M,1.0,5.0,0.36,Sh,2.0,448
1685,2020,162,39.28,Lo,17,7,S,0.0,0.0,,,,448
1686,2020,162,39.28,Lo,17,8,M,0.0,0.0,8.92,Me,8.0,448
1687,2020,162,39.28,Lo,17,8,M,1.0,2.0,2.6,Sh,5.0,448
1688,2020,162,39.28,Lo,17,9,B,,,,,,448
1689,2020,162,39.28,Lo,17,10,M,1.0,4.0,3.91,Sh,5.0,448
1690,2020,162,39.28,Lo,17,11,M,0.0,0.0,6.43,Me,3.0,448
1691,2020,162,39.28,Lo,17,12,M,1.0,2.0,7.77,Me,7.0,448
1692,2020,162,39.28,Lo,17,12,M,0.0,0.0,5.7,Me,3.0,448
1693,2020,162,39.28,Lo,17,13,V,,,10.43,Me,9.0,448
1694,2020,162,39.28,Lo,17,14,S,0.0,0.0,,,,448
1695,2020,162,39.28,Lo,17,15,V,,,6.38,Me,4.0,448
1696,2020,162,39.28,Lo,17,16,M,0.0,0.0,5.07,Me,5.0,448
1697,2020,162,39.28,Lo,17,17,M,0.0,0.0,6.61,Me,3.0,448
1698,2020,162,39.28,Lo,17,17,M,0.0,0.0,11.67,Me,10.0,448
1699,2020,163,37.44,Lo,16,1,B,,,,,,448
1700,2020,163,37.44,Lo,16,2,V,,,1.89,Sh,1.0,448
1701,2020,163,37.44,Lo,16,3,M,0.0,0.0,1.74,Sh,2.0,448
1702,2020,163,37.44,Lo,16,3,V,,,3.19,Sh,5.0,448
1703,2020,163,37.44,Lo,16,3,V,,,2.07,Sh,4.0,448
1704,2020,163,37.44,Lo,16,4,V,,,4.73,Sh,4.0,448
1705,2020,163,37.44,Lo,16,5,B,,,,,,448
1706,2020,163,37.44,Lo,16,6,M,1.0,1.0,2.8,Sh,6.0,448
1707,2020,163,37.44,Lo,16,7,M,1.0,4.0,2.35,Sh,1.0,448
1708,2020,163,37.44,Lo,16,8,S,0.0,0.0,,,,448
1709,2020,163,37.44,Lo,16,9,M,1.0,1.0,1.91,Sh,3.0,448
1710,2020,163,37.44,Lo,16,10,M,1.0,2.0,13.2,Me,5.0,448
1711,2020,163,37.44,Lo,16,10,M,0.0,0.0,7.39,Me,3.0,448
1712,2020,163,37.44,Lo,16,11,S,0.0,0.0,,,,448
1713,2020,163,37.44,Lo,16,12,M,0.0,0.0,13.88,Me,8.0,448
1714,2020,163,37.44,Lo,16,13,M,0.0,0.0,4.52,Sh,6.0,448
1715,2020,163,37.44,Lo,16,13,V,,,9.98,Me,6.0,448
1716,2020,163,37.44,Lo,16,13,M,0.0,0.0,5.44,Me,4.0,448
1717,2020,163,37.44,Lo,16,14,V,,,2.9,Sh,1.0,448
1718,2020,163,37.44,Lo,16,14,M,1.0,4.0,1.66,Sh,4.0,448
1719,2020,163,37.44,Lo,16,14,M,0.0,0.0,4.73,Sh,5.0,448
1720,2020,163,37.44,Lo,16,15,S,0.0,0.0,,,,448
1721,2020,163,37.44,Lo,16,16,V,,,7.64,Me,5.0,448
1722,2020,164,53.15,VLo,16,1,B,,,,,,448
1723,2020,164,53.15,VLo,16,2,B,,,,,,448
1724,2020,164,53.15,VLo,16,3,M,0.0,0.0,0.55,Sh,1.0,448
1725,2020,164,53.15,VLo,16,4,V,,,,,,448
1726,2020,164,53.15,VLo,16,4,M,0.0,0.0,1.87,Sh,3.0,448
1727,2020,164,53.15,VLo,16,4,M,,,,,,448
1728,2020,164,53.15,VLo,16,5,M,0.0,0.0,1.4,Sh,2.0,448
1729,2020,164,53.15,VLo,16,5,V,,,8.05,Me,8.0,448
1730,2020,164,53.15,VLo,16,6,S,0.0,0.0,,,,448
1731,2020,164,53.15,VLo,16,7,M,1.0,1.0,1.68,Sh,2.0,448
1732,2020,164,53.15,VLo,16,8,M,,,,,,448
1733,2020,164,53.15,VLo,16,8,M,1.0,2.0,1.09,Sh,4.0,448
1734,2020,164,53.15,VLo,16,8,V,,,5.7,Me,2.0,448
1735,2020,164,53.15,VLo,16,9,V,,,6.18,Me,6.0,448
1736,2020,164,53.15,VLo,16,10,M,0.0,0.0,8.86,Me,6.0,448
1737,2020,164,53.15,VLo,16,11,M,1.0,1.0,3.14,Sh,3.0,448
1738,2020,164,53.15,VLo,16,12,V,,,11.05,Me,7.0,448
1739,2020,164,53.15,VLo,16,13,M,0.0,0.0,9.2,Me,6.0,448
1740,2020,164,53.15,VLo,16,13,V,,,8.03,Me,8.0,448
1741,2020,164,53.15,VLo,16,13,M,0.0,0.0,10.76,Me,4.0,448
1742,2020,164,53.15,VLo,16,14,M,0.0,0.0,3.93,Sh,3.0,448
1743,2020,164,53.15,VLo,16,14,M,1.0,1.0,5.86,Me,3.0,448
1744,2020,164,53.15,VLo,16,15,V,,,9.89,Me,5.0,448
1745,2020,164,53.15,VLo,16,16,V,,,9.5,Me,7.0,448
1746,2020,164,53.15,VLo,16,16,V,,,8.75,Me,5.0,448
1747,2020,168,3.34,Sh,3,1,B,,,,,,448
1748,2020,168,3.34,Sh,3,2,S,0.0,0.0,,,,448
1749,2020,168,3.34,Sh,3,3,S,0.0,0.0,,,,448
1750,2020,169,0.02,Sh,1,1,B,,,,,,448
1751,2020,170,2.68,Sh,4,1,V,,,0.98,Sh,3.0,448
1752,2020,170,2.68,Sh,4,2,M,,,,,,448
1753,2020,170,2.68,Sh,4,3,B,,,,,,448
1754,2020,170,2.68,Sh,4,4,S,0.0,0.0,,,,448
1755,2020,171,4.65,Sh,5,1,B,,,,,,448
1756,2020,171,4.65,Sh,5,2,S,0.0,0.0,,,,448
1757,2020,171,4.65,Sh,5,3,S,0.0,0.0,,,,448
1758,2020,171,4.65,Sh,5,4,M,0.0,0.0,2.41,Sh,5.0,448
1759,2020,171,4.65,Sh,5,5,B,,,,,,448
1760,2020,172,5.67,Me,6,1,B,,,,,,448
1761,2020,172,5.67,Me,6,2,B,,,,,,448
1762,2020,172,5.67,Me,6,3,S,0.0,0.0,,,,448
1763,2020,172,5.67,Me,6,4,V,,,2.46,Sh,1.0,448
1764,2020,172,5.67,Me,6,4,M,0.0,0.0,8.5,Me,4.0,448
1765,2020,172,5.67,Me,6,5,M,0.0,0.0,3.55,Sh,3.0,448
1766,2020,172,5.67,Me,6,5,M,1.0,3.0,1.3,Sh,5.0,448
1767,2020,172,5.67,Me,6,6,B,,,,,,448
1768,2020,173,9.12,Me,5,1,B,,,,,,448
1769,2020,173,9.12,Me,5,2,B,,,,,,448
1770,2020,173,9.12,Me,5,3,S,0.0,0.0,,,,448
1771,2020,173,9.12,Me,5,4,S,0.0,0.0,,,,448
1772,2020,173,9.12,Me,5,5,B,,,,,,448
1773,2020,174,0.7,Sh,2,1,B,,,,,,448
1774,2020,174,0.7,Sh,2,2,S,0.0,0.0,,,,448
1775,2020,175,9.16,Me,5,1,V,,,3.26,Sh,6.0,448
1776,2020,175,9.16,Me,5,1,V,,,1.99,Sh,2.0,448
1777,2020,175,9.16,Me,5,2,V,,,1.94,Sh,3.0,448
1778,2020,175,9.16,Me,5,3,S,0.0,0.0,,,,448
1779,2020,175,9.16,Me,5,4,S,0.0,0.0,,,,448
1780,2020,175,9.16,Me,5,5,V,,,3.35,Sh,2.0,448
1781,2020,176,1.83,Sh,5,1,V,,,0.12,Sh,1.0,448
1782,2020,176,1.83,Sh,5,1,V,,,1.74,Sh,2.0,448
1783,2020,176,1.83,Sh,5,2,S,0.0,0.0,,,,448
1784,2020,176,1.83,Sh,5,3,B,,,,,,448
1785,2020,176,1.83,Sh,5,4,M,1.0,1.0,1.86,Sh,2.0,448
1786,2020,176,1.83,Sh,5,5,M,0.0,0.0,5.35,Me,4.0,448
1787,2020,177,4.01,Sh,1,1,S,0.0,0.0,,,,448
1788,2020,178,24.22,Lo,13,1,M,0.0,0.0,1.7,Sh,2.0,448
1789,2020,178,24.22,Lo,13,1,M,,,,,,448
1790,2020,178,24.22,Lo,13,2,S,0.0,0.0,,,,448
1791,2020,178,24.22,Lo,13,3,S,0.0,0.0,,,,448
1792,2020,178,24.22,Lo,13,4,B,,,,,,448
1793,2020,178,24.22,Lo,13,5,V,,,0.35,Sh,3.0,448
1794,2020,178,24.22,Lo,13,6,M,1.0,3.0,1.34,Sh,2.0,448
1795,2020,178,24.22,Lo,13,7,M,1.0,3.0,4.8,Sh,4.0,448
1796,2020,178,24.22,Lo,13,8,S,0.0,0.0,,,,448
1797,2020,178,24.22,Lo,13,9,M,0.0,0.0,4.31,Sh,2.0,448
1798,2020,178,24.22,Lo,13,10,M,1.0,2.0,1.82,Sh,3.0,448
1799,2020,178,24.22,Lo,13,11,M,0.0,0.0,2.19,Sh,4.0,448
1800,2020,178,24.22,Lo,13,12,M,0.0,0.0,7.02,Me,5.0,448
1801,2020,178,24.22,Lo,13,13,M,1.0,6.0,15.5,Me,5.0,448
1802,2020,179,11.21,Me,8,1,B,,,,,,448
1803,2020,179,11.21,Me,8,2,M,1.0,2.0,2.63,Sh,9.0,448
1804,2020,179,11.21,Me,8,3,V,,,2.99,Sh,6.0,448
1805,2020,179,11.21,Me,8,4,S,0.0,0.0,,,,448
1806,2020,179,11.21,Me,8,5,M,0.0,0.0,4.8,Sh,3.0,448
1807,2020,179,11.21,Me,8,6,S,0.0,0.0,,,,448
1808,2020,179,11.21,Me,8,7,S,0.0,0.0,,,,448
1809,2020,179,11.21,Me,8,8,M,1.0,4.0,6.77,Me,8.0,448
1810,2020,180,20.58,Lo,13,1,V,,,,,,448
1811,2020,180,20.58,Lo,13,1,V,,,,,,448
1812,2020,180,20.58,Lo,13,2,V,,,1.08,Sh,2.0,448
1813,2020,180,20.58,Lo,13,3,S,0.0,0.0,,,,448
1814,2020,180,20.58,Lo,13,4,S,0.0,0.0,,,,448
1815,2020,180,20.58,Lo,13,5,M,0.0,0.0,0.65,Sh,3.0,448
1816,2020,180,20.58,Lo,13,5,V,,,0.24,Sh,3.0,448
1817,2020,180,20.58,Lo,13,6,S,0.0,0.0,,,,448
1818,2020,180,20.58,Lo,13,7,M,1.0,4.0,3.15,Sh,2.0,448
1819,2020,180,20.58,Lo,13,8,M,,,,,,448
1820,2020,180,20.58,Lo,13,8,M,0.0,0.0,0.56,Sh,4.0,448
1821,2020,180,20.58,Lo,13,8,M,1.0,4.0,4.38,Sh,4.0,448
1822,2020,180,20.58,Lo,13,9,V,,,6.58,Me,5.0,448
1823,2020,180,20.58,Lo,13,10,M,1.0,2.0,5.88,Me,1.0,448
1824,2020,180,20.58,Lo,13,11,S,0.0,0.0,,,,448
1825,2020,180,20.58,Lo,13,12,V,,,9.94,Me,7.0,448
1826,2020,180,20.58,Lo,13,12,M,1.0,1.0,8.78,Me,10.0,448
1827,2020,180,20.58,Lo,13,13,M,0.0,0.0,8.73,Me,1.0,448
1828,2020,181,43.75,VLo,15,1,M,0.0,0.0,4.0,Sh,5.0,448
1829,2020,181,43.75,VLo,15,1,M,,,,,,448
1830,2020,181,43.75,VLo,15,1,V,,,,,,448
1831,2020,181,43.75,VLo,15,2,M,0.0,0.0,1.41,Sh,2.0,448
1832,2020,181,43.75,VLo,15,2,M,,,,,,448
1833,2020,181,43.75,VLo,15,3,S,0.0,0.0,,,,448
1834,2020,181,43.75,VLo,15,4,V,,,1.31,Sh,3.0,448
1835,2020,181,43.75,VLo,15,4,M,,,,,,448
1836,2020,181,43.75,VLo,15,4,M,,,,,,448
1837,2020,181,43.75,VLo,15,5,B,,,,,,448
1838,2020,181,43.75,VLo,15,6,S,0.0,0.0,,,,448
1839,2020,181,43.75,VLo,15,7,S,0.0,0.0,,,,448
1840,2020,181,43.75,VLo,15,8,M,1.0,2.0,2.4,Sh,3.0,448
1841,2020,181,43.75,VLo,15,9,S,0.0,0.0,,,,448
1842,2020,181,43.75,VLo,15,10,M,1.0,1.0,6.76,Me,5.0,448
1843,2020,181,43.75,VLo,15,10,V,,,,,,448
1844,2020,181,43.75,VLo,15,11,V,,,4.96,Sh,5.0,448
1845,2020,181,43.75,VLo,15,11,V,,,9.51,Me,7.0,448
1846,2020,181,43.75,VLo,15,12,M,1.0,2.0,5.62,Me,8.0,448
1847,2020,181,43.75,VLo,15,13,M,,,,,,448
1848,2020,181,43.75,VLo,15,13,M,0.0,0.0,3.25,Sh,4.0,448
1849,2020,181,43.75,VLo,15,13,M,0.0,0.0,6.32,Me,2.0,448
1850,2020,181,43.75,VLo,15,14,M,1.0,1.0,0.59,Sh,1.0,448
1851,2020,181,43.75,VLo,15,15,M,0.0,0.0,4.64,Sh,6.0,448
1852,2020,182,35.24,Lo,15,1,V,,,,,,448
1853,2020,182,35.24,Lo,15,2,V,,,0.1,Sh,1.0,448
1854,2020,182,35.24,Lo,15,3,M,,,,,,448
1855,2020,182,35.24,Lo,15,4,M,,,,,,448
1856,2020,182,35.24,Lo,15,5,S,0.0,0.0,,,,448
1857,2020,182,35.24,Lo,15,6,M,0.0,0.0,8.67,Me,6.0,448
1858,2020,182,35.24,Lo,15,6,M,0.0,0.0,6.84,Me,3.0,448
1859,2020,182,35.24,Lo,15,6,M,0.0,0.0,0.07,Sh,3.0,448
1860,2020,182,35.24,Lo,15,7,S,0.0,0.0,,,,448
1861,2020,182,35.24,Lo,15,8,S,0.0,0.0,,,,448
1862,2020,182,35.24,Lo,15,9,M,0.0,0.0,1.34,Sh,2.0,448
1863,2020,182,35.24,Lo,15,10,M,0.0,0.0,3.78,Sh,5.0,448
1864,2020,182,35.24,Lo,15,11,V,,,10.41,Me,7.0,448
1865,2020,182,35.24,Lo,15,12,M,0.0,0.0,3.91,Sh,5.0,448
1866,2020,182,35.24,Lo,15,12,M,1.0,2.0,8.67,Me,8.0,448
1867,2020,182,35.24,Lo,15,13,M,0.0,0.0,5.19,Me,5.0,448
1868,2020,182,35.24,Lo,15,13,V,,,4.76,Sh,7.0,448
1869,2020,182,35.24,Lo,15,14,V,,,7.67,Me,5.0,448
1870,2020,182,35.24,Lo,15,15,V,,,6.14,Me,3.0,448
1871,2020,183,27.35,Lo,13,1,V,,,0.06,Sh,2.0,448
1872,2020,183,27.35,Lo,13,2,B,,,,,,448
1873,2020,183,27.35,Lo,13,3,V,,,3.46,Sh,3.0,448
1874,2020,183,27.35,Lo,13,3,M,0.0,0.0,2.11,Sh,1.0,448
1875,2020,183,27.35,Lo,13,4,V,,,0.65,Sh,1.0,448
1876,2020,183,27.35,Lo,13,4,M,0.0,0.0,2.67,Sh,2.0,448
1877,2020,183,27.35,Lo,13,5,M,0.0,0.0,3.38,Sh,6.0,448
1878,2020,183,27.35,Lo,13,6,S,0.0,0.0,,,,448
1879,2020,183,27.35,Lo,13,7,S,0.0,0.0,,,,448
1880,2020,183,27.35,Lo,13,8,V,,,0.65,Sh,3.0,448
1881,2020,183,27.35,Lo,13,9,V,,,4.08,Sh,3.0,448
1882,2020,183,27.35,Lo,13,10,M,0.0,0.0,2.71,Sh,4.0,448
1883,2020,183,27.35,Lo,13,10,M,0.0,0.0,2.48,Sh,2.0,448
1884,2020,183,27.35,Lo,13,11,M,0.0,0.0,8.4,Me,7.0,448
1885,2020,183,27.35,Lo,13,11,M,0.0,0.0,3.97,Sh,1.0,448
1886,2020,183,27.35,Lo,13,11,V,,,6.14,Me,4.0,448
1887,2020,183,27.35,Lo,13,12,M,0.0,0.0,7.64,Me,1.0,448
1888,2020,183,27.35,Lo,13,13,S,0.0,0.0,,,,448
1889,2020,184,50.3,VLo,13,1,V,,,0.3,Sh,2.0,448
1890,2020,184,50.3,VLo,13,1,V,,,6.77,Me,5.0,448
1891,2020,184,50.3,VLo,13,2,B,,,,,,448
1892,2020,184,50.3,VLo,13,3,M,,,,,,448
1893,2020,184,50.3,VLo,13,3,M,0.0,0.0,3.18,Sh,4.0,448
1894,2020,184,50.3,VLo,13,4,S,0.0,0.0,,,,448
1895,2020,184,50.3,VLo,13,5,B,,,,,,448
1896,2020,184,50.3,VLo,13,6,M,,,,,,448
1897,2020,184,50.3,VLo,13,7,S,0.0,0.0,,,,448
1898,2020,184,50.3,VLo,13,8,S,0.0,0.0,,,,448
1899,2020,184,50.3,VLo,13,9,V,,,10.17,Me,7.0,448
1900,2020,184,50.3,VLo,13,10,M,1.0,7.0,6.2,Me,5.0,448
1901,2020,184,50.3,VLo,13,11,M,0.0,0.0,6.55,Me,7.0,448
1902,2020,184,50.3,VLo,13,11,V,,,10.05,Me,6.0,448
1903,2020,184,50.3,VLo,13,12,S,0.0,0.0,,,,448
1904,2020,184,50.3,VLo,13,13,M,1.0,6.0,5.47,Me,7.0,448
1905,2020,185,51.53,VLo,15,1,S,0.0,0.0,,,,448
1906,2020,185,51.53,VLo,15,2,V,,,,,,448
1907,2020,185,51.53,VLo,15,2,V,,,,,,448
1908,2020,185,51.53,VLo,15,3,B,,,,,,448
1909,2020,185,51.53,VLo,15,4,M,1.0,2.0,8.64,Me,7.0,448
1910,2020,185,51.53,VLo,15,4,M,0.0,0.0,7.38,Me,6.0,448
1911,2020,185,51.53,VLo,15,4,M,0.0,0.0,0.98,Sh,1.0,448
1912,2020,185,51.53,VLo,15,5,M,0.0,0.0,8.21,Me,7.0,448
1913,2020,185,51.53,VLo,15,5,V,,,6.45,Me,4.0,448
1914,2020,185,51.53,VLo,15,6,M,0.0,0.0,3.36,Sh,3.0,448
1915,2020,185,51.53,VLo,15,7,M,0.0,0.0,10.43,Me,6.0,448
1916,2020,185,51.53,VLo,15,7,M,0.0,0.0,5.78,Me,5.0,448
1917,2020,185,51.53,VLo,15,7,M,0.0,0.0,7.0,Me,6.0,448
1918,2020,185,51.53,VLo,15,8,S,0.0,0.0,,,,448
1919,2020,185,51.53,VLo,15,9,M,,,,,,448
1920,2020,185,51.53,VLo,15,9,M,1.0,2.0,2.06,Sh,5.0,448
1921,2020,185,51.53,VLo,15,9,M,0.0,0.0,2.73,Sh,4.0,448
1922,2020,185,51.53,VLo,15,10,M,,,,,,448
1923,2020,185,51.53,VLo,15,10,M,1.0,1.0,3.69,Sh,5.0,448
1924,2020,185,51.53,VLo,15,10,V,,,9.52,Me,6.0,448
1925,2020,185,51.53,VLo,15,11,M,1.0,3.0,7.54,Me,5.0,448
1926,2020,185,51.53,VLo,15,12,V,,,1.9,Sh,3.0,448
1927,2020,185,51.53,VLo,15,12,M,1.0,4.0,8.15,Me,4.0,448
1928,2020,185,51.53,VLo,15,13,M,1.0,2.0,12.12,Me,8.0,448
1929,2020,185,51.53,VLo,15,14,S,0.0,0.0,,,,448
1930,2020,185,51.53,VLo,15,15,M,0.0,0.0,3.46,Sh,2.0,448
1931,2020,186,40.31,VLo,15,1,V,,,5.54,Me,6.0,448
1932,2020,186,40.31,VLo,15,2,M,1.0,2.0,0.92,Sh,5.0,448
1933,2020,186,40.31,VLo,15,3,V,,,1.18,Sh,3.0,448
1934,2020,186,40.31,VLo,15,4,S,0.0,0.0,,,,448
1935,2020,186,40.31,VLo,15,5,V,,,0.26,Sh,4.0,448
1936,2020,186,40.31,VLo,15,5,V,,,8.12,Me,5.0,448
1937,2020,186,40.31,VLo,15,6,M,0.0,0.0,4.66,Sh,6.0,448
1938,2020,186,40.31,VLo,15,7,V,,,1.33,Sh,3.0,448
1939,2020,186,40.31,VLo,15,7,M,0.0,0.0,3.86,Sh,6.0,448
1940,2020,186,40.31,VLo,15,8,M,1.0,1.0,3.65,Sh,5.0,448
1941,2020,186,40.31,VLo,15,9,M,,,,,,448
1942,2020,186,40.31,VLo,15,10,M,1.0,2.0,4.17,Sh,2.0,448
1943,2020,186,40.31,VLo,15,10,M,1.0,4.0,3.03,Sh,4.0,448
1944,2020,186,40.31,VLo,15,11,M,0.0,0.0,4.0,Sh,6.0,448
1945,2020,186,40.31,VLo,15,12,M,0.0,0.0,13.02,Me,9.0,448
1946,2020,186,40.31,VLo,15,12,M,0.0,0.0,5.56,Me,4.0,448
1947,2020,186,40.31,VLo,15,13,M,1.0,3.0,4.04,Sh,4.0,448
1948,2020,186,40.31,VLo,15,14,V,,,9.66,Me,6.0,448
1949,2020,186,40.31,VLo,15,15,M,0.0,0.0,10.22,Me,5.0,448
1950,2020,186,40.31,VLo,15,15,M,0.0,0.0,15.75,Me,10.0,448
1951,2020,190,3.73,Sh,2,1,M,0.0,0.0,1.87,Sh,2.0,448
1952,2020,190,3.73,Sh,2,2,B,,,,,,448
1953,2020,191,0.45,Sh,2,1,M,1.0,3.0,1.47,Sh,3.0,448
1954,2020,191,0.45,Sh,2,2,B,,,,,,448
1955,2020,192,4.25,Sh,4,1,B,,,,,,448
1956,2020,192,4.25,Sh,4,2,S,0.0,0.0,,,,448
1957,2020,192,4.25,Sh,4,3,V,,,2.26,Sh,2.0,448
1958,2020,192,4.25,Sh,4,4,M,1.0,4.0,1.66,Sh,2.0,448
1959,2020,193,3.84,Sh,3,1,M,0.0,0.0,0.75,Sh,3.0,448
1960,2020,193,3.84,Sh,3,1,V,,,1.95,Sh,4.0,448
1961,2020,193,3.84,Sh,3,1,V,,,,,,448
1962,2020,193,3.84,Sh,3,1,M,0.0,0.0,3.03,Sh,3.0,448
1963,2020,193,3.84,Sh,3,2,V,,,1.85,Sh,5.0,448
1964,2020,193,3.84,Sh,3,3,B,,,,,,448
1965,2020,194,2.24,Sh,5,1,S,0.0,0.0,,,,448
1966,2020,194,2.24,Sh,5,2,B,,,,,,448
1967,2020,194,2.24,Sh,5,3,S,0.0,0.0,,,,448
1968,2020,194,2.24,Sh,5,4,S,0.0,0.0,,,,448
1969,2020,194,2.24,Sh,5,5,S,0.0,0.0,,,,448
1970,2020,195,3.21,Sh,3,1,V,,,0.47,Sh,2.0,448
1971,2020,195,3.21,Sh,3,2,V,,,2.68,Sh,3.0,448
1972,2020,195,3.21,Sh,3,3,S,0.0,0.0,,,,448
1973,2020,196,5.86,Me,8,1,S,0.0,0.0,,,,448
1974,2020,196,5.86,Me,8,2,V,,,2.56,Sh,3.0,448
1975,2020,196,5.86,Me,8,3,B,,,,,,448
1976,2020,196,5.86,Me,8,4,V,,,6.07,Me,6.0,448
1977,2020,196,5.86,Me,8,5,V,,,0.56,Sh,2.0,448
1978,2020,196,5.86,Me,8,6,M,0.0,0.0,3.3,Sh,6.0,448
1979,2020,196,5.86,Me,8,6,V,,,9.45,Me,6.0,448
1980,2020,196,5.86,Me,8,6,M,0.0,0.0,3.98,Sh,3.0,448
1981,2020,196,5.86,Me,8,7,M,0.0,0.0,2.92,Sh,3.0,448
1982,2020,196,5.86,Me,8,8,V,,,0.17,Sh,1.0,448
1983,2020,197,12.21,Me,7,1,M,1.0,1.0,1.34,Sh,4.0,448
1984,2020,197,12.21,Me,7,2,B,,,,,,448
1985,2020,197,12.21,Me,7,3,S,0.0,0.0,,,,448
1986,2020,197,12.21,Me,7,4,V,,,5.43,Me,5.0,448
1987,2020,197,12.21,Me,7,5,S,0.0,0.0,,,,448
1988,2020,197,12.21,Me,7,6,V,,,3.74,Sh,4.0,448
1989,2020,197,12.21,Me,7,7,M,0.0,0.0,4.98,Sh,5.0,448
1990,2020,197,12.21,Me,7,7,M,0.0,0.0,2.82,Sh,3.0,448
1991,2020,198,17.12,Me,11,1,M,0.0,0.0,2.31,Sh,2.0,448
1992,2020,198,17.12,Me,11,2,V,,,,,,448
1993,2020,198,17.12,Me,11,2,V,,,2.58,Sh,3.0,448
1994,2020,198,17.12,Me,11,3,V,,,6.9,Me,3.0,448
1995,2020,198,17.12,Me,11,3,M,0.0,0.0,2.88,Sh,4.0,448
1996,2020,198,17.12,Me,11,4,V,,,,,,448
1997,2020,198,17.12,Me,11,5,S,0.0,0.0,,,,448
1998,2020,198,17.12,Me,11,6,B,,,,,,448
1999,2020,198,17.12,Me,11,7,M,0.0,0.0,1.74,Sh,3.0,448
2000,2020,198,17.12,Me,11,8,M,0.0,0.0,0.87,Sh,1.0,448
2001,2020,198,17.12,Me,11,9,M,1.0,1.0,3.0,Sh,1.0,448
2002,2020,198,17.12,Me,11,10,M,0.0,0.0,1.28,Sh,4.0,448
2003,2020,198,17.12,Me,11,11,V,,,8.35,Me,10.0,448
2004,2020,198,17.12,Me,11,11,M,0.0,0.0,5.78,Me,5.0,448
2005,2020,199,28.31,Lo,11,1,B,,,,,,448
2006,2020,199,28.31,Lo,11,2,B,,,,,,448
2007,2020,199,28.31,Lo,11,3,V,,,,,,448
2008,2020,199,28.31,Lo,11,4,M,1.0,2.0,0.53,Sh,1.0,448
2009,2020,199,28.31,Lo,11,5,S,0.0,0.0,,,,448
2010,2020,199,28.31,Lo,11,6,M,1.0,4.0,1.88,Sh,2.0,448
2011,2020,199,28.31,Lo,11,7,V,,,,,,448
2012,2020,199,28.31,Lo,11,8,V,,,0.88,Sh,2.0,448
2013,2020,199,28.31,Lo,11,9,M,1.0,3.0,6.18,Me,8.0,448
2014,2020,199,28.31,Lo,11,10,V,,,7.89,Me,4.0,448
2015,2020,199,28.31,Lo,11,10,M,0.0,0.0,5.91,Me,4.0,448
2016,2020,199,28.31,Lo,11,11,V,,,4.01,Sh,6.0,448
2017,2020,200,9.75,Me,9,1,V,,,0.78,Sh,1.0,448
2018,2020,200,9.75,Me,9,1,V,,,0.17,Sh,4.0,448
2019,2020,200,9.75,Me,9,1,V,,,2.75,Sh,1.0,448
2020,2020,200,9.75,Me,9,2,S,0.0,0.0,,,,448
2021,2020,200,9.75,Me,9,3,M,1.0,4.0,2.52,Sh,5.0,448
2022,2020,200,9.75,Me,9,3,V,,,,,,448
2023,2020,200,9.75,Me,9,4,S,0.0,0.0,,,,448
2024,2020,200,9.75,Me,9,5,S,0.0,0.0,,,,448
2025,2020,200,9.75,Me,9,6,M,,,,,,448
2026,2020,200,9.75,Me,9,6,M,0.0,0.0,1.9,Sh,1.0,448
2027,2020,200,9.75,Me,9,6,M,1.0,5.0,3.19,Sh,5.0,448
2028,2020,200,9.75,Me,9,7,M,0.0,0.0,2.19,Sh,4.0,448
2029,2020,200,9.75,Me,9,7,M,0.0,0.0,3.5,Sh,5.0,448
2030,2020,200,9.75,Me,9,8,S,0.0,0.0,,,,448
2031,2020,200,9.75,Me,9,9,M,0.0,0.0,4.63,Sh,4.0,448
2032,2020,200,9.75,Me,9,9,M,0.0,0.0,3.88,Sh,1.0,448
2033,2020,201,7.95,Me,7,1,B,,,,,,448
2034,2020,201,7.95,Me,7,2,M,,,,,,448
2035,2020,201,7.95,Me,7,3,M,1.0,5.0,2.6,Sh,4.0,448
2036,2020,201,7.95,Me,7,4,M,1.0,5.0,1.72,Sh,3.0,448
2037,2020,201,7.95,Me,7,5,B,,,,,,448
2038,2020,201,7.95,Me,7,6,V,,,3.66,Sh,3.0,448
2039,2020,201,7.95,Me,7,7,M,1.0,1.0,5.89,Me,6.0,448
2040,2020,202,12.38,Me,6,1,V,,,0.04,Sh,2.0,448
2041,2020,202,12.38,Me,6,2,M,1.0,3.0,1.91,Sh,2.0,448
2042,2020,202,12.38,Me,6,2,V,,,2.5,Sh,4.0,448
2043,2020,202,12.38,Me,6,3,B,,,,,,448
2044,2020,202,12.38,Me,6,4,S,0.0,0.0,,,,448
2045,2020,202,12.38,Me,6,5,M,0.0,0.0,4.53,Sh,4.0,448
2046,2020,202,12.38,Me,6,6,B,,,,,,448
2047,2020,203,29.61,Lo,14,1,V,,,0.57,Sh,2.0,448
2048,2020,203,29.61,Lo,14,2,V,,,3.83,Sh,4.0,448
2049,2020,203,29.61,Lo,14,2,V,,,,,,448
2050,2020,203,29.61,Lo,14,3,V,,,,,,448
2051,2020,203,29.61,Lo,14,4,S,0.0,0.0,,,,448
2052,2020,203,29.61,Lo,14,5,V,,,6.53,Me,7.0,448
2053,2020,203,29.61,Lo,14,6,B,,,,,,448
2054,2020,203,29.61,Lo,14,7,V,,,1.33,Sh,2.0,448
2055,2020,203,29.61,Lo,14,8,S,0.0,0.0,,,,448
2056,2020,203,29.61,Lo,14,9,S,0.0,0.0,,,,448
2057,2020,203,29.61,Lo,14,10,M,0.0,0.0,6.97,Me,3.0,448
2058,2020,203,29.61,Lo,14,10,M,0.0,0.0,6.78,Me,5.0,448
2059,2020,203,29.61,Lo,14,11,S,0.0,0.0,,,,448
2060,2020,203,29.61,Lo,14,12,M,0.0,0.0,10.89,Me,7.0,448
2061,2020,203,29.61,Lo,14,12,V,,,0.53,Sh,2.0,448
2062,2020,203,29.61,Lo,14,12,V,,,6.21,Me,7.0,448
2063,2020,203,29.61,Lo,14,13,M,0.0,0.0,6.02,Me,5.0,448
2064,2020,203,29.61,Lo,14,14,M,1.0,3.0,7.6,Me,3.0,448
2065,2020,204,30.2,Lo,16,1,B,,,,,,448
2066,2020,204,30.2,Lo,16,2,V,,,,,,448
2067,2020,204,30.2,Lo,16,3,V,,,1.23,Sh,1.0,448
2068,2020,204,30.2,Lo,16,4,V,,,1.6,Sh,3.0,448
2069,2020,204,30.2,Lo,16,5,V,,,0.02,Sh,1.0,448
2070,2020,204,30.2,Lo,16,6,S,0.0,0.0,,,,448
2071,2020,204,30.2,Lo,16,7,S,0.0,0.0,,,,448
2072,2020,204,30.2,Lo,16,8,M,0.0,0.0,4.35,Sh,3.0,448
2073,2020,204,30.2,Lo,16,9,V,,,3.19,Sh,4.0,448
2074,2020,204,30.2,Lo,16,10,V,,,8.14,Me,8.0,448
2075,2020,204,30.2,Lo,16,11,S,0.0,0.0,,,,448
2076,2020,204,30.2,Lo,16,12,S,0.0,0.0,,,,448
2077,2020,204,30.2,Lo,16,13,S,0.0,0.0,,,,448
2078,2020,204,30.2,Lo,16,14,M,0.0,0.0,5.51,Me,5.0,448
2079,2020,204,30.2,Lo,16,15,V,,,3.88,Sh,5.0,448
2080,2020,204,30.2,Lo,16,16,M,0.0,0.0,6.91,Me,3.0,448
2081,2020,204,30.2,Lo,16,16,V,,,9.27,Me,6.0,448
2082,2020,205,47.86,VLo,14,1,V,,,,,,448
2083,2020,205,47.86,VLo,14,2,V,,,,,,448
2084,2020,205,47.86,VLo,14,2,V,,,,,,448
2085,2020,205,47.86,VLo,14,3,V,,,3.64,Sh,3.0,448
2086,2020,205,47.86,VLo,14,3,V,,,,,,448
2087,2020,205,47.86,VLo,14,4,S,0.0,0.0,,,,448
2088,2020,205,47.86,VLo,14,5,M,,,,,,448
2089,2020,205,47.86,VLo,14,6,V,,,4.27,Sh,3.0,448
2090,2020,205,47.86,VLo,14,6,V,,,,,,448
2091,2020,205,47.86,VLo,14,7,M,,,,,,448
2092,2020,205,47.86,VLo,14,8,S,0.0,0.0,,,,448
2093,2020,205,47.86,VLo,14,9,M,1.0,4.0,1.9,Sh,1.0,448
2094,2020,205,47.86,VLo,14,10,V,,,6.51,Me,4.0,448
2095,2020,205,47.86,VLo,14,11,M,1.0,7.0,5.34,Me,5.0,448
2096,2020,205,47.86,VLo,14,11,M,1.0,1.0,4.81,Sh,7.0,448
2097,2020,205,47.86,VLo,14,11,V,,,,,,448
2098,2020,205,47.86,VLo,14,12,V,,,5.36,Me,5.0,448
2099,2020,205,47.86,VLo,14,13,M,1.0,2.0,7.34,Me,6.0,448
2100,2020,205,47.86,VLo,14,13,V,,,7.67,Me,5.0,448
2101,2020,205,47.86,VLo,14,14,V,,,6.15,Me,7.0,448
2102,2020,206,38.29,Lo,15,1,V,,,0.89,Sh,1.0,448
2103,2020,206,38.29,Lo,15,2,V,,,4.03,Sh,4.0,448
2104,2020,206,38.29,Lo,15,2,V,,,1.55,Sh,5.0,448
2105,2020,206,38.29,Lo,15,3,M,,,,,,448
2106,2020,206,38.29,Lo,15,4,S,0.0,0.0,,,,448
2107,2020,206,38.29,Lo,15,5,M,0.0,0.0,2.76,Sh,2.0,448
2108,2020,206,38.29,Lo,15,5,V,,,1.67,Sh,2.0,448
2109,2020,206,38.29,Lo,15,6,S,0.0,0.0,,,,448
2110,2020,206,38.29,Lo,15,7,M,1.0,1.0,5.43,Me,3.0,448
2111,2020,206,38.29,Lo,15,8,M,1.0,4.0,4.8,Sh,5.0,448
2112,2020,206,38.29,Lo,15,9,S,0.0,0.0,,,,448
2113,2020,206,38.29,Lo,15,10,S,0.0,0.0,,,,448
2114,2020,206,38.29,Lo,15,11,V,,,8.44,Me,5.0,448
2115,2020,206,38.29,Lo,15,12,S,0.0,0.0,,,,448
2116,2020,206,38.29,Lo,15,13,M,1.0,3.0,10.66,Me,8.0,448
2117,2020,206,38.29,Lo,15,14,V,,,7.19,Me,3.0,448
2118,2020,206,38.29,Lo,15,15,S,0.0,0.0,,,,448
2119,2020,207,45.66,VLo,12,1,V,,,3.1,Sh,1.0,448
2120,2020,207,45.66,VLo,12,2,M,1.0,3.0,4.97,Sh,4.0,448
2121,2020,207,45.66,VLo,12,3,M,1.0,1.0,3.52,Sh,3.0,448
2122,2020,207,45.66,VLo,12,4,M,0.0,0.0,4.4,Sh,6.0,448
2123,2020,207,45.66,VLo,12,5,B,,,,,,448
2124,2020,207,45.66,VLo,12,6,S,0.0,0.0,,,,448
2125,2020,207,45.66,VLo,12,7,S,0.0,0.0,,,,448
2126,2020,207,45.66,VLo,12,8,M,,,,,,448
2127,2020,207,45.66,VLo,12,9,V,,,3.0,Sh,2.0,448
2128,2020,207,45.66,VLo,12,9,M,1.0,5.0,9.06,Me,6.0,448
2129,2020,207,45.66,VLo,12,10,V,,,7.69,Me,5.0,448
2130,2020,207,45.66,VLo,12,11,M,1.0,2.0,8.46,Me,7.0,448
2131,2020,207,45.66,VLo,12,12,M,0.0,0.0,6.01,Me,3.0,448
2132,2020,207,45.66,VLo,12,12,M,0.0,0.0,5.26,Me,7.0,448
2133,2020,207,45.66,VLo,12,12,M,0.0,0.0,5.42,Me,6.0,448
2134,2020,207,45.66,VLo,12,12,V,,,7.66,Me,4.0,448
2135,2020,208,53.21,VLo,17,1,V,,,,,,448
2136,2020,208,53.21,VLo,17,2,S,0.0,0.0,,,,448
2137,2020,208,53.21,VLo,17,3,M,,,,,,448
2138,2020,208,53.21,VLo,17,4,M,0.0,0.0,7.14,Me,7.0,448
2139,2020,208,53.21,VLo,17,5,B,,,,,,448
2140,2020,208,53.21,VLo,17,6,M,1.0,1.0,5.59,Me,2.0,448
2141,2020,208,53.21,VLo,17,6,M,1.0,2.0,5.0,Sh,5.0,448
2142,2020,208,53.21,VLo,17,7,S,0.0,0.0,,,,448
2143,2020,208,53.21,VLo,17,8,M,1.0,3.0,5.52,Me,4.0,448
2144,2020,208,53.21,VLo,17,8,V,,,,,,448
2145,2020,208,53.21,VLo,17,9,S,0.0,0.0,,,,448
2146,2020,208,53.21,VLo,17,10,S,0.0,0.0,,,,448
2147,2020,208,53.21,VLo,17,11,S,0.0,0.0,,,,448
2148,2020,208,53.21,VLo,17,12,V,,,7.21,Me,5.0,448
2149,2020,208,53.21,VLo,17,13,M,1.0,6.0,2.5,Sh,4.0,448
2150,2020,208,53.21,VLo,17,14,M,1.0,5.0,10.21,Me,7.0,448
2151,2020,208,53.21,VLo,17,15,V,,,6.62,Me,5.0,448
2152,2020,208,53.21,VLo,17,16,V,,,6.19,Me,4.0,448
2153,2020,208,53.21,VLo,17,16,M,0.0,0.0,0.9,Sh,2.0,448
2154,2020,208,53.21,VLo,17,16,M,0.0,0.0,8.99,Me,3.0,448
2155,2020,208,53.21,VLo,17,17,V,,,9.28,Me,4.0,448
2156,2020,212,2.2,Sh,3,1,B,,,,,,448
2157,2020,212,2.2,Sh,3,2,M,0.0,0.0,3.31,Sh,1.0,448
2158,2020,212,2.2,Sh,3,2,M,,,,,,448
2159,2020,212,2.2,Sh,3,3,V,,,3.97,Sh,4.0,448
2160,2020,213,11.06,Me,8,1,V,,,1.18,Sh,1.0,448
2161,2020,213,11.06,Me,8,1,V,,,0.98,Sh,1.0,448
2162,2020,213,11.06,Me,8,2,M,,,,,,448
2163,2020,213,11.06,Me,8,2,M,1.0,4.0,1.53,Sh,4.0,448
2164,2020,213,11.06,Me,8,3,V,,,3.02,Sh,4.0,448
2165,2020,213,11.06,Me,8,4,V,,,,,,448
2166,2020,213,11.06,Me,8,4,M,0.0,0.0,5.2,Me,4.0,448
2167,2020,213,11.06,Me,8,4,M,0.0,0.0,0.17,Sh,1.0,448
2168,2020,213,11.06,Me,8,5,S,0.0,0.0,,,,448
2169,2020,213,11.06,Me,8,6,M,0.0,0.0,3.13,Sh,3.0,448
2170,2020,213,11.06,Me,8,6,V,,,8.75,Me,6.0,448
2171,2020,213,11.06,Me,8,7,V,,,6.28,Me,6.0,448
2172,2020,213,11.06,Me,8,7,V,,,5.83,Me,6.0,448
2173,2020,213,11.06,Me,8,8,M,0.0,0.0,0.43,Sh,3.0,448
2174,2020,213,11.06,Me,8,8,M,0.0,0.0,0.17,Sh,1.0,448
2175,2020,214,4.98,Sh,1,1,B,,,,,,448
2176,2020,215,29.98,Lo,11,1,V,,,,,,448
2177,2020,215,29.98,Lo,11,2,B,,,,,,448
2178,2020,215,29.98,Lo,11,3,M,,,,,,448
2179,2020,215,29.98,Lo,11,4,B,,,,,,448
2180,2020,215,29.98,Lo,11,5,S,0.0,0.0,,,,448
2181,2020,215,29.98,Lo,11,6,V,,,0.8,Sh,3.0,448
2182,2020,215,29.98,Lo,11,7,M,,,,,,448
2183,2020,215,29.98,Lo,11,8,M,1.0,1.0,3.54,Sh,3.0,448
2184,2020,215,29.98,Lo,11,9,V,,,7.22,Me,5.0,448
2185,2020,215,29.98,Lo,11,9,M,0.0,0.0,3.04,Sh,5.0,448
2186,2020,215,29.98,Lo,11,9,M,0.0,0.0,7.87,Me,8.0,448
2187,2020,215,29.98,Lo,11,10,M,0.0,0.0,5.84,Me,7.0,448
2188,2020,215,29.98,Lo,11,11,V,,,4.56,Sh,2.0,448
2189,2020,216,17.19,Me,9,1,V,,,2.11,Sh,2.0,448
2190,2020,216,17.19,Me,9,1,V,,,0.37,Sh,4.0,448
2191,2020,216,17.19,Me,9,2,V,,,5.01,Me,4.0,448
2192,2020,216,17.19,Me,9,3,S,0.0,0.0,,,,448
2193,2020,216,17.19,Me,9,4,S,0.0,0.0,,,,448
2194,2020,216,17.19,Me,9,5,S,0.0,0.0,,,,448
2195,2020,216,17.19,Me,9,6,M,1.0,4.0,1.96,Sh,4.0,448
2196,2020,216,17.19,Me,9,7,S,0.0,0.0,,,,448
2197,2020,216,17.19,Me,9,8,V,,,9.2,Me,7.0,448
2198,2020,216,17.19,Me,9,9,M,0.0,0.0,7.86,Me,3.0,448
2199,2020,217,0.23,Sh,1,1,S,0.0,0.0,,,,448
2200,2020,218,4.56,Sh,5,1,V,,,3.53,Sh,2.0,448
2201,2020,218,4.56,Sh,5,1,V,,,2.39,Sh,3.0,448
2202,2020,218,4.56,Sh,5,2,V,,,0.03,Sh,1.0,448
2203,2020,218,4.56,Sh,5,3,S,0.0,0.0,,,,448
2204,2020,218,4.56,Sh,5,4,S,0.0,0.0,,,,448
2205,2020,218,4.56,Sh,5,5,M,,,,,,448
2206,2020,219,6.51,Me,3,1,B,,,,,,448
2207,2020,219,6.51,Me,3,2,S,0.0,0.0,,,,448
2208,2020,219,6.51,Me,3,3,M,0.0,0.0,9.66,Me,5.0,448
2209,2020,219,6.51,Me,3,3,V,,,3.92,Sh,5.0,448
2210,2020,220,5.97,Me,2,1,S,0.0,0.0,,,,448
2211,2020,220,5.97,Me,2,2,M,0.0,0.0,4.56,Sh,7.0,448
2212,2020,221,9.54,Me,4,1,B,,,,,,448
2213,2020,221,9.54,Me,4,2,V,,,4.63,Sh,4.0,448
2214,2020,221,9.54,Me,4,3,V,,,6.62,Me,5.0,448
2215,2020,221,9.54,Me,4,3,V,,,1.54,Sh,2.0,448
2216,2020,221,9.54,Me,4,4,V,,,3.1,Sh,4.0,448
2217,2020,221,9.54,Me,4,4,V,,,3.06,Sh,5.0,448
2218,2020,222,13.79,Me,6,1,V,,,3.47,Sh,1.0,448
2219,2020,222,13.79,Me,6,1,V,,,1.22,Sh,1.0,448
2220,2020,222,13.79,Me,6,1,V,,,,,,448
2221,2020,222,13.79,Me,6,2,M,,,,,,448
2222,2020,222,13.79,Me,6,2,M,1.0,3.0,3.23,Sh,4.0,448
2223,2020,222,13.79,Me,6,3,V,,,4.75,Sh,4.0,448
2224,2020,222,13.79,Me,6,3,V,,,4.15,Sh,8.0,448
2225,2020,222,13.79,Me,6,3,M,1.0,5.0,2.15,Sh,6.0,448
2226,2020,222,13.79,Me,6,4,M,0.0,0.0,5.51,Me,7.0,448
2227,2020,222,13.79,Me,6,4,M,0.0,0.0,3.39,Sh,4.0,448
2228,2020,222,13.79,Me,6,5,S,0.0,0.0,,,,448
2229,2020,222,13.79,Me,6,6,V,,,3.23,Sh,3.0,448
2230,2020,222,13.79,Me,6,6,M,0.0,0.0,7.06,Me,10.0,448
2231,2020,223,38.8,Lo,16,1,V,,,,,,448
2232,2020,223,38.8,Lo,16,2,B,,,,,,448
2233,2020,223,38.8,Lo,16,3,S,0.0,0.0,,,,448
2234,2020,223,38.8,Lo,16,4,V,,,1.98,Sh,5.0,448
2235,2020,223,38.8,Lo,16,4,M,1.0,3.0,1.87,Sh,3.0,448
2236,2020,223,38.8,Lo,16,4,M,0.0,0.0,1.19,Sh,2.0,448
2237,2020,223,38.8,Lo,16,4,M,,,,,,448
2238,2020,223,38.8,Lo,16,5,V,,,9.24,Me,6.0,448
2239,2020,223,38.8,Lo,16,6,S,0.0,0.0,,,,448
2240,2020,223,38.8,Lo,16,7,B,,,,,,448
2241,2020,223,38.8,Lo,16,8,S,0.0,0.0,,,,448
2242,2020,223,38.8,Lo,16,9,S,0.0,0.0,,,,448
2243,2020,223,38.8,Lo,16,10,S,0.0,0.0,,,,448
2244,2020,223,38.8,Lo,16,11,V,,,6.48,Me,6.0,448
2245,2020,223,38.8,Lo,16,12,V,,,3.02,Sh,6.0,448
2246,2020,223,38.8,Lo,16,12,V,,,6.0,Me,2.0,448
2247,2020,223,38.8,Lo,16,12,M,0.0,0.0,7.21,Me,6.0,448
2248,2020,223,38.8,Lo,16,13,M,1.0,4.0,5.78,Me,5.0,448
2249,2020,223,38.8,Lo,16,13,V,,,7.0,Me,5.0,448
2250,2020,223,38.8,Lo,16,14,M,0.0,0.0,0.94,Sh,2.0,448
2251,2020,223,38.8,Lo,16,14,V,,,7.16,Me,6.0,448
2252,2020,223,38.8,Lo,16,15,V,,,2.93,Sh,5.0,448
2253,2020,223,38.8,Lo,16,16,V,,,1.86,Sh,3.0,448
2254,2020,224,19.6,Me,10,1,B,,,,,,448
2255,2020,224,19.6,Me,10,2,S,0.0,0.0,,,,448
2256,2020,224,19.6,Me,10,3,S,0.0,0.0,,,,448
2257,2020,224,19.6,Me,10,4,V,,,0.66,Sh,3.0,448
2258,2020,224,19.6,Me,10,5,M,0.0,0.0,2.78,Sh,4.0,448
2259,2020,224,19.6,Me,10,6,S,0.0,0.0,,,,448
2260,2020,224,19.6,Me,10,7,M,1.0,3.0,4.56,Sh,5.0,448
2261,2020,224,19.6,Me,10,8,M,0.0,0.0,4.28,Sh,1.0,448
2262,2020,224,19.6,Me,10,9,M,1.0,4.0,0.02,Sh,2.0,448
2263,2020,224,19.6,Me,10,10,V,,,3.52,Sh,3.0,448
2264,2020,224,19.6,Me,10,10,M,1.0,4.0,4.14,Sh,1.0,448
2265,2020,225,9.88,Me,7,1,B,,,,,,448
2266,2020,225,9.88,Me,7,2,V,,,,,,448
2267,2020,225,9.88,Me,7,3,B,,,,,,448
2268,2020,225,9.88,Me,7,4,S,0.0,0.0,,,,448
2269,2020,225,9.88,Me,7,5,M,1.0,2.0,1.6,Sh,2.0,448
2270,2020,225,9.88,Me,7,6,V,,,0.88,Sh,1.0,448
2271,2020,225,9.88,Me,7,7,V,,,5.5,Me,5.0,448
2272,2020,226,30.08,Lo,12,1,V,,,2.16,Sh,4.0,448
2273,2020,226,30.08,Lo,12,2,V,,,2.68,Sh,2.0,448
2274,2020,226,30.08,Lo,12,3,B,,,,,,448
2275,2020,226,30.08,Lo,12,4,B,,,,,,448
2276,2020,226,30.08,Lo,12,5,S,0.0,0.0,,,,448
2277,2020,226,30.08,Lo,12,6,V,,,5.73,Me,5.0,448
2278,2020,226,30.08,Lo,12,7,S,0.0,0.0,,,,448
2279,2020,226,30.08,Lo,12,8,B,,,,,,448
2280,2020,226,30.08,Lo,12,9,V,,,2.02,Sh,1.0,448
2281,2020,226,30.08,Lo,12,10,M,1.0,3.0,8.03,Me,4.0,448
2282,2020,226,30.08,Lo,12,11,M,0.0,0.0,8.34,Me,7.0,448
2283,2020,226,30.08,Lo,12,12,M,1.0,5.0,3.14,Sh,4.0,448
2284,2020,227,46.83,VLo,14,1,B,,,,,,448
2285,2020,227,46.83,VLo,14,2,V,,,0.23,Sh,1.0,448
2286,2020,227,46.83,VLo,14,3,B,,,,,,448
2287,2020,227,46.83,VLo,14,4,B,,,,,,448
2288,2020,227,46.83,VLo,14,5,M,0.0,0.0,8.12,Me,8.0,448
2289,2020,227,46.83,VLo,14,5,M,,,,,,448
2290,2020,227,46.83,VLo,14,6,M,1.0,2.0,2.73,Sh,2.0,448
2291,2020,227,46.83,VLo,14,7,M,1.0,4.0,5.36,Me,2.0,448
2292,2020,227,46.83,VLo,14,8,S,0.0,0.0,,,,448
2293,2020,227,46.83,VLo,14,9,S,0.0,0.0,,,,448
2294,2020,227,46.83,VLo,14,10,S,0.0,0.0,,,,448
2295,2020,227,46.83,VLo,14,11,M,0.0,0.0,6.29,Me,5.0,448
2296,2020,227,46.83,VLo,14,12,M,1.0,3.0,9.43,Me,4.0,448
2297,2020,227,46.83,VLo,14,13,M,1.0,2.0,6.9,Me,6.0,448
2298,2020,227,46.83,VLo,14,13,V,,,6.5,Me,2.0,448
2299,2020,227,46.83,VLo,14,13,M,,,,,,448
2300,2020,227,46.83,VLo,14,14,M,0.0,0.0,6.94,Me,6.0,448
2301,2020,228,44.57,VLo,15,1,M,,,,,,448
2302,2020,228,44.57,VLo,15,1,V,,,,,,448
2303,2020,228,44.57,VLo,15,2,M,1.0,1.0,5.77,Me,3.0,448
2304,2020,228,44.57,VLo,15,2,V,,,,,,448
2305,2020,228,44.57,VLo,15,3,M,1.0,2.0,4.56,Sh,5.0,448
2306,2020,228,44.57,VLo,15,4,M,,,,,,448
2307,2020,228,44.57,VLo,15,4,M,0.0,0.0,3.3,Sh,3.0,448
2308,2020,228,44.57,VLo,15,5,V,,,2.78,Sh,8.0,448
2309,2020,228,44.57,VLo,15,6,M,1.0,6.0,2.37,Sh,1.0,448
2310,2020,228,44.57,VLo,15,6,M,0.0,0.0,0.9,Sh,1.0,448
2311,2020,228,44.57,VLo,15,7,V,,,,,,448
2312,2020,228,44.57,VLo,15,8,S,0.0,0.0,,,,448
2313,2020,228,44.57,VLo,15,9,M,1.0,2.0,6.09,Me,6.0,448
2314,2020,228,44.57,VLo,15,9,V,,,2.0,Sh,5.0,448
2315,2020,228,44.57,VLo,15,9,M,,,,,,448
2316,2020,228,44.57,VLo,15,10,M,1.0,1.0,9.1,Me,6.0,448
2317,2020,228,44.57,VLo,15,11,M,0.0,0.0,6.99,Me,4.0,448
2318,2020,228,44.57,VLo,15,12,M,1.0,1.0,4.29,Sh,5.0,448
2319,2020,228,44.57,VLo,15,13,S,0.0,0.0,,,,448
2320,2020,228,44.57,VLo,15,14,M,0.0,0.0,3.53,Sh,6.0,448
2321,2020,228,44.57,VLo,15,15,V,,,6.82,Me,7.0,448
2322,2020,229,44.46,VLo,14,1,V,,,5.91,Me,8.0,448
2323,2020,229,44.46,VLo,14,1,V,,,,,,448
2324,2020,229,44.46,VLo,14,1,V,,,,,,448
2325,2020,229,44.46,VLo,14,2,V,,,,,,448
2326,2020,229,44.46,VLo,14,3,B,,,,,,448
2327,2020,229,44.46,VLo,14,4,S,0.0,0.0,,,,448
2328,2020,229,44.46,VLo,14,5,M,0.0,0.0,0.52,Sh,3.0,448
2329,2020,229,44.46,VLo,14,5,M,,,,,,448
2330,2020,229,44.46,VLo,14,6,M,0.0,0.0,0.09,Sh,2.0,448
2331,2020,229,44.46,VLo,14,7,M,0.0,0.0,5.85,Me,7.0,448
2332,2020,229,44.46,VLo,14,7,V,,,2.89,Sh,4.0,448
2333,2020,229,44.46,VLo,14,8,V,,,6.66,Me,3.0,448
2334,2020,229,44.46,VLo,14,8,M,1.0,2.0,8.22,Me,6.0,448
2335,2020,229,44.46,VLo,14,9,S,0.0,0.0,,,,448
2336,2020,229,44.46,VLo,14,10,S,0.0,0.0,,,,448
2337,2020,229,44.46,VLo,14,11,M,0.0,0.0,8.59,Me,6.0,448
2338,2020,229,44.46,VLo,14,12,S,0.0,0.0,,,,448
2339,2020,229,44.46,VLo,14,13,M,,,,,,448
2340,2020,229,44.46,VLo,14,13,M,1.0,2.0,8.2,Me,9.0,448
2341,2020,229,44.46,VLo,14,14,M,0.0,0.0,12.01,Me,9.0,448
2342,2020,229,44.46,VLo,14,14,M,1.0,6.0,7.79,Me,6.0,448
2343,2020,230,62.51,VLo,16,1,B,,,,,,448
2344,2020,230,62.51,VLo,16,2,B,,,,,,448
2345,2020,230,62.51,VLo,16,3,M,,,,,,448
2346,2020,230,62.51,VLo,16,3,M,0.0,0.0,0.91,Sh,2.0,448
2347,2020,230,62.51,VLo,16,3,M,0.0,0.0,5.05,Me,4.0,448
2348,2020,230,62.51,VLo,16,3,V,,,3.0,Sh,3.0,448
2349,2020,230,62.51,VLo,16,3,M,0.0,0.0,3.61,Sh,5.0,448
2350,2020,230,62.51,VLo,16,3,V,,,1.73,Sh,5.0,448
2351,2020,230,62.51,VLo,16,4,M,1.0,3.0,1.26,Sh,1.0,448
2352,2020,230,62.51,VLo,16,4,M,,,,,,448
2353,2020,230,62.51,VLo,16,5,S,0.0,0.0,,,,448
2354,2020,230,62.51,VLo,16,6,S,0.0,0.0,,,,448
2355,2020,230,62.51,VLo,16,7,V,,,1.02,Sh,2.0,448
2356,2020,230,62.51,VLo,16,7,V,,,7.88,Me,8.0,448
2357,2020,230,62.51,VLo,16,8,V,,,8.67,Me,5.0,448
2358,2020,230,62.51,VLo,16,8,M,0.0,0.0,6.83,Me,3.0,448
2359,2020,230,62.51,VLo,16,9,S,0.0,0.0,,,,448
2360,2020,230,62.51,VLo,16,10,S,0.0,0.0,,,,448
2361,2020,230,62.51,VLo,16,11,S,0.0,0.0,,,,448
2362,2020,230,62.51,VLo,16,12,M,0.0,0.0,6.28,Me,9.0,448
2363,2020,230,62.51,VLo,16,13,V,,,11.44,Me,5.0,448
2364,2020,230,62.51,VLo,16,14,V,,,11.71,Me,7.0,448
2365,2020,230,62.51,VLo,16,15,V,,,6.83,Me,6.0,448
2366,2020,230,62.51,VLo,16,16,M,1.0,5.0,9.59,Me,4.0,448
